544,-1031
544,-1032
544,-1033
544,-1034
544,-1035
544,-1036
544,-1037
544,-1038
544,-1039
544,-1040
544,-1041
545,-1041
546,-1041
547,-1041
548,-1041
549,-1041
550,-1042
551,-1042
552,-1042
553,-1042
554,-1042
555,-1042
556,-1042
557,-1043
558,-1043
559,-1044
559,-1045
560,-1046
561,-1047
562,-1047
563,-1047
564,-1048
565,-1048
566,-1049
567,-1050
567,-1051
568,-1051
569,-1051
570,-1052
571,-1052
572,-1053
573,-1053
574,-1053
575,-1054
575,-1055
576,-1056
576,-1057
576,-1058
577,-1058
578,-1058
579,-1059
580,-1060
581,-1060
582,-1060
583,-1060
584,-1060
585,-1060
586,-1059
587,-1059
588,-1058
589,-1058
590,-1058
591,-1059
592,-1059
593,-1060
594,-1060
595,-1060
596,-1061
597,-1061
598,-1061
599,-1061
600,-1061
601,-1061
602,-1061
602,-1060
603,-1059
604,-1059
605,-1058
605,-1057
605,-1056
606,-1055
607,-1054
608,-1053
609,-1053
610,-1053
611,-1053
612,-1053
612,-1052
612,-1051
612,-1050
613,-1049
614,-1049
614,-1048
614,-1047
614,-1046
614,-1045
614,-1044
614,-1043
614,-1042
615,-1041
616,-1041
617,-1041
618,-1041
619,-1040
619,-1039
619,-1038
619,-1037
619,-1036
619,-1035
619,-1034
620,-1033
621,-1032
622,-1032
623,-1032
624,-1032
625,-1032
626,-1032
627,-1032
627,-1031
627,-1030
628,-1029
629,-1029
629,-1028
629,-1027
629,-1026
629,-1025
629,-1024
629,-1023
628,-1022
628,-1021
628,-1020
628,-1019
629,-1018
629,-1017
629,-1016
630,-1015
630,-1014
631,-1013
632,-1013
633,-1013
634,-1013
634,-1012
634,-1011
635,-1010
635,-1009
635,-1008
635,-1007
635,-1006
635,-1005
635,-1004
636,-1003
636,-1002
637,-1001
638,-1001
639,-1001
639,-1000
639,-999
640,-998
641,-998
642,-998
643,-998
643,-997
643,-996
643,-995
643,-994
644,-993
645,-992
645,-991
646,-990
647,-989
648,-989
648,-988
649,-987
650,-987
651,-987
651,-986
651,-985
651,-984
652,-983
653,-983
653,-982
654,-981
655,-981
655,-980
656,-979
657,-978
658,-977
659,-977
660,-977
661,-977
662,-977
663,-977
664,-977
665,-977
665,-976
665,-975
666,-974
667,-974
668,-974
669,-974
670,-974
671,-974
672,-974
672,-973
672,-972
672,-971
673,-970
674,-970
675,-969
676,-968
676,-967
676,-966
676,-965
676,-964
675,-964
674,-963
674,-962
674,-961
674,-960
674,-959
675,-958
676,-958
677,-958
677,-957
677,-956
678,-955
679,-954
680,-954
681,-953
682,-952
683,-951
684,-950
684,-949
685,-948
686,-947
687,-946
688,-946
689,-945
690,-945
691,-944
692,-944
692,-943
692,-942
692,-941
693,-940
694,-939
695,-938
696,-938
697,-937
697,-936
698,-935
699,-935
700,-935
701,-934
701,-933
702,-932
702,-931
703,-930
704,-930
705,-929
706,-928
706,-927
707,-926
708,-925
709,-925
710,-925
710,-924
711,-923
712,-923
713,-922
714,-921
715,-921
716,-920
717,-919
718,-918
719,-918
720,-917
721,-916
722,-916
723,-916
723,-915
723,-914
723,-913
723,-912
724,-911
725,-911
726,-911
727,-911
728,-911
729,-911
730,-911
730,-910
731,-909
732,-909
732,-908
733,-907
734,-907
734,-906
734,-905
734,-904
734,-903
733,-902
733,-901
733,-900
734,-899
735,-899
735,-898
735,-897
736,-896
737,-896
738,-896
739,-896
739,-895
740,-894
741,-894
742,-893
743,-893
744,-892
745,-892
746,-891
747,-890
748,-889
749,-888
750,-887
751,-887
752,-886
753,-886
754,-885
755,-884
756,-884
757,-883
758,-882
759,-881
760,-881
761,-880
762,-879
763,-879
764,-879
765,-878
766,-877
766,-876
767,-875
768,-874
769,-874
770,-874
771,-873
772,-872
773,-872
774,-871
774,-870
775,-869
776,-869
777,-869
777,-868
778,-867
779,-866
780,-866
781,-866
781,-865
782,-864
783,-864
784,-864
785,-863
786,-862
787,-862
787,-861
787,-860
788,-859
789,-859
790,-859
790,-858
790,-857
791,-856
792,-856
793,-855
793,-854
793,-853
793,-852
793,-851
794,-850
794,-849
795,-848
796,-848
797,-847
798,-847
799,-847
800,-847
801,-847
802,-846
803,-846
803,-845
803,-844
803,-843
804,-842
805,-841
805,-840
806,-839
807,-838
808,-837
809,-837
810,-837
810,-836
811,-835
812,-834
813,-833
814,-832
815,-832
816,-832
817,-832
818,-832
819,-831
820,-830
820,-829
820,-828
820,-827
821,-826
822,-825
823,-825
824,-825
825,-825
826,-824
826,-823
826,-822
826,-821
827,-820
827,-819
828,-818
829,-818
830,-817
830,-816
831,-815
832,-815
832,-814
833,-813
834,-813
834,-812
835,-811
836,-810
837,-809
837,-808
838,-807
839,-806
840,-805
841,-804
842,-803
842,-802
843,-801
844,-800
845,-799
846,-798
847,-797
848,-796
848,-795
849,-794
850,-793
851,-792
851,-791
852,-790
853,-789
854,-788
855,-787
855,-786
856,-785
857,-784
858,-783
859,-782
859,-781
860,-780
861,-779
861,-778
862,-777
863,-776
863,-775
864,-774
865,-773
866,-772
866,-771
867,-770
867,-769
868,-768
869,-767
870,-766
870,-765
871,-764
872,-763
872,-762
873,-761
873,-760
874,-759
875,-759
875,-758
875,-757
876,-756
876,-755
877,-754
878,-753
879,-752
879,-751
880,-750
881,-749
881,-748
882,-747
882,-746
883,-745
883,-744
884,-743
885,-742
885,-741
886,-740
886,-739
887,-738
887,-737
888,-736
888,-735
889,-734
890,-733
890,-732
891,-731
891,-730
892,-729
892,-728
893,-727
893,-726
894,-725
894,-724
895,-723
895,-722
896,-721
896,-720
897,-719
897,-718
898,-717
898,-716
899,-715
899,-714
899,-713
900,-712
901,-711
901,-710
901,-709
902,-708
902,-707
903,-706
903,-705
904,-704
904,-703
904,-702
905,-701
905,-700
906,-699
906,-698
907,-697
907,-696
907,-695
907,-694
908,-693
909,-692
909,-691
909,-690
910,-689
910,-688
910,-687
911,-686
911,-685
911,-684
911,-683
911,-682
911,-681
912,-680
913,-680
914,-679
914,-678
915,-677
915,-676
915,-675
916,-674
916,-673
917,-672
918,-671
918,-670
918,-669
918,-668
918,-667
918,-666
918,-665
918,-664
918,-663
918,-662
918,-661
917,-660
917,-659
917,-658
917,-657
918,-656
919,-656
920,-656
921,-656
922,-656
923,-656
924,-656
924,-655
925,-654
925,-653
926,-652
926,-651
926,-650
927,-649
927,-648
927,-647
928,-646
929,-645
929,-644
929,-643
929,-642
930,-641
930,-640
930,-639
931,-638
931,-637
932,-636
932,-635
932,-634
933,-633
933,-632
933,-631
933,-630
934,-629
934,-628
934,-627
935,-626
935,-625
936,-624
936,-623
936,-622
936,-621
937,-620
937,-619
937,-618
937,-617
938,-616
938,-615
938,-614
939,-613
939,-612
939,-611
939,-610
940,-609
940,-608
940,-607
940,-606
941,-605
941,-604
941,-603
942,-602
942,-601
942,-600
942,-599
942,-598
942,-597
943,-596
943,-595
943,-594
944,-593
944,-592
944,-591
944,-590
945,-589
945,-588
945,-587
945,-586
945,-585
946,-584
946,-583
946,-582
946,-581
946,-580
947,-579
947,-578
947,-577
947,-576
947,-575
947,-574
947,-573
947,-572
947,-571
948,-570
948,-569
948,-568
948,-567
948,-566
949,-565
949,-564
949,-563
949,-562
949,-561
949,-560
949,-559
950,-558
950,-557
950,-556
950,-555
951,-554
951,-553
951,-552
951,-551
951,-550
951,-549
951,-548
951,-547
951,-546
952,-545
952,-544
952,-543
952,-542
952,-541
952,-540
953,-539
953,-538
953,-537
953,-536
953,-535
953,-534
953,-533
954,-532
954,-531
954,-530
954,-529
954,-528
954,-527
954,-526
954,-525
954,-524
954,-523
954,-522
954,-521
954,-520
954,-519
954,-518
955,-517
955,-516
955,-515
955,-514
955,-513
956,-512
956,-511
956,-510
956,-509
956,-508
956,-507
956,-506
957,-505
957,-504
957,-503
957,-502
957,-501
957,-500
957,-499
957,-498
957,-497
957,-496
957,-495
957,-494
957,-493
957,-492
957,-491
957,-490
957,-489
957,-488
957,-487
957,-486
956,-485
956,-484
956,-483
956,-482
956,-481
956,-480
956,-479
956,-478
956,-477
956,-476
956,-475
956,-474
955,-473
955,-472
955,-471
955,-470
954,-469
954,-468
954,-467
954,-466
954,-465
954,-464
954,-463
954,-462
954,-461
953,-460
953,-459
953,-458
953,-457
953,-456
953,-455
952,-454
952,-453
952,-452
951,-451
951,-450
951,-449
951,-448
950,-447
950,-446
949,-445
949,-444
949,-443
948,-442
948,-441
947,-441
946,-441
945,-441
944,-441
943,-441
942,-442
941,-442
940,-443
939,-443
938,-444
937,-445
936,-446
935,-447
934,-447
933,-448
932,-449
931,-450
930,-451
929,-452
928,-453
927,-454
926,-455
925,-456
924,-457
923,-458
922,-459
921,-460
920,-461
919,-462
918,-463
917,-464
916,-465
915,-466
914,-467
913,-468
912,-469
911,-470
910,-471
909,-472
908,-473
907,-474
906,-475
905,-476
904,-477
903,-477
902,-478
901,-479
900,-480
899,-481
898,-482
897,-483
896,-484
895,-484
895,-485
894,-486
893,-486
892,-487
891,-488
890,-489
889,-489
888,-490
888,-491
887,-492
886,-492
885,-493
884,-494
883,-494
882,-495
881,-496
880,-497
879,-498
878,-499
877,-500
876,-501
875,-502
874,-503
873,-504
873,-505
873,-506
872,-507
871,-508
870,-508
869,-508
868,-509
867,-510
866,-510
865,-511
864,-512
863,-513
862,-514
861,-514
860,-515
859,-516
858,-517
857,-518
856,-519
855,-520
854,-520
854,-521
853,-522
852,-522
851,-523
850,-523
849,-524
848,-525
847,-525
846,-526
845,-527
844,-528
843,-529
842,-530
841,-530
840,-531
839,-532
838,-533
837,-533
836,-534
835,-535
834,-536
833,-537
832,-538
831,-539
830,-539
829,-540
828,-541
827,-542
826,-543
825,-543
825,-544
824,-545
823,-546
822,-546
821,-547
820,-548
819,-549
818,-550
817,-551
816,-551
815,-552
814,-553
813,-554
812,-555
812,-556
811,-557
810,-557
809,-558
808,-559
807,-560
806,-560
805,-561
804,-562
803,-563
802,-564
801,-565
800,-566
799,-566
798,-567
797,-568
796,-569
795,-570
794,-570
793,-571
792,-572
791,-573
790,-574
789,-574
788,-575
787,-576
786,-577
785,-578
784,-579
783,-580
782,-580
781,-581
780,-582
779,-583
778,-584
777,-585
776,-586
775,-586
775,-587
774,-588
773,-588
772,-589
771,-590
770,-591
769,-592
768,-593
767,-594
766,-595
765,-596
764,-597
763,-598
762,-599
761,-599
761,-600
760,-601
759,-602
758,-603
757,-603
757,-604
756,-605
755,-606
754,-607
753,-608
753,-609
752,-610
751,-610
751,-611
750,-612
749,-613
748,-614
748,-615
747,-616
746,-617
745,-618
745,-619
744,-620
743,-621
742,-622
741,-623
741,-624
740,-625
739,-626
738,-627
737,-628
737,-629
736,-630
735,-631
734,-632
734,-633
733,-634
732,-635
731,-636
730,-637
729,-638
729,-639
728,-640
727,-641
726,-642
726,-643
725,-644
725,-645
724,-646
723,-647
723,-648
722,-649
722,-650
721,-651
720,-652
720,-653
719,-654
719,-655
718,-656
717,-657
716,-658
716,-659
716,-660
715,-661
714,-661
714,-662
713,-663
713,-664
712,-665
711,-666
711,-667
710,-668
710,-669
709,-670
708,-671
708,-672
707,-673
706,-674
706,-675
705,-676
705,-677
704,-678
703,-679
703,-680
702,-681
702,-682
701,-683
701,-684
700,-685
699,-686
699,-687
699,-688
698,-689
697,-690
697,-691
696,-692
696,-693
696,-694
695,-695
695,-696
694,-697
693,-698
693,-699
692,-700
692,-701
692,-702
692,-703
691,-704
690,-705
690,-706
690,-707
689,-708
689,-709
689,-710
688,-711
688,-712
687,-713
687,-714
686,-715
686,-716
685,-717
685,-718
685,-719
684,-720
684,-721
684,-722
684,-723
684,-724
684,-725
683,-726
683,-727
682,-728
682,-729
682,-730
681,-731
681,-732
681,-733
681,-734
680,-735
680,-736
680,-737
680,-738
680,-739
679,-740
679,-741
679,-742
678,-743
678,-744
678,-745
677,-746
677,-747
677,-748
677,-749
677,-750
676,-751
676,-752
676,-753
676,-754
676,-755
676,-756
676,-757
675,-758
675,-759
675,-760
674,-761
674,-762
674,-763
674,-764
673,-765
673,-766
673,-767
673,-768
673,-769
673,-770
673,-771
673,-772
673,-773
672,-774
672,-775
672,-776
672,-777
672,-778
672,-779
672,-780
671,-781
671,-782
671,-783
671,-784
671,-785
670,-786
670,-787
670,-788
670,-789
670,-790
670,-791
670,-792
670,-793
670,-794
670,-795
669,-796
669,-797
669,-798
669,-799
669,-800
669,-801
669,-802
669,-803
669,-804
669,-805
670,-806
670,-807
670,-808
670,-809
670,-810
670,-811
670,-812
670,-813
670,-814
670,-815
670,-816
670,-817
670,-818
670,-819
670,-820
670,-821
670,-822
670,-823
670,-824
670,-825
670,-826
670,-827
670,-828
670,-829
670,-830
670,-831
670,-832
670,-833
670,-834
670,-835
670,-836
670,-837
670,-838
670,-839
670,-840
670,-841
670,-842
670,-843
670,-844
670,-845
670,-846
670,-847
670,-848
670,-849
670,-850
669,-851
669,-852
669,-853
669,-854
669,-855
668,-856
668,-857
668,-858
668,-859
668,-860
667,-861
667,-862
666,-863
666,-864
665,-865
665,-866
665,-867
664,-868
664,-869
664,-870
663,-871
662,-872
661,-873
661,-874
660,-875
660,-876
660,-877
659,-878
658,-879
658,-880
657,-881
657,-882
656,-883
655,-884
655,-885
655,-886
654,-887
653,-887
653,-888
653,-889
652,-890
652,-891
651,-892
650,-892
650,-893
649,-894
649,-895
649,-896
648,-897
647,-898
646,-899
646,-900
645,-901
644,-902
644,-903
643,-904
642,-905
642,-906
641,-907
640,-908
639,-909
638,-910
637,-911
636,-912
635,-913
635,-914
634,-915
633,-916
632,-917
631,-918
631,-919
630,-920
629,-920
628,-921
628,-922
628,-923
627,-924
626,-925
625,-926
625,-927
624,-928
623,-929
622,-930
622,-931
621,-932
620,-933
619,-934
619,-935
618,-936
617,-937
616,-938
615,-939
615,-940
614,-941
613,-942
612,-943
611,-944
611,-945
610,-946
609,-947
608,-948
608,-949
607,-950
606,-951
605,-952
604,-953
603,-954
602,-955
602,-956
601,-957
600,-957
600,-958
599,-959
598,-960
597,-961
597,-962
596,-963
595,-964
595,-965
594,-966
593,-966
592,-967
591,-968
591,-969
590,-970
589,-971
588,-972
588,-973
587,-974
586,-975
585,-976
585,-977
584,-978
583,-979
582,-980
582,-981
581,-982
580,-983
579,-984
578,-985
577,-986
576,-987
575,-988
575,-989
574,-990
574,-991
573,-992
572,-993
571,-994
570,-995
569,-995
569,-996
569,-997
568,-998
567,-999
566,-1000
566,-1001
565,-1002
564,-1003
563,-1004
562,-1005
561,-1006
561,-1007
560,-1008
560,-1009
559,-1010
558,-1010
557,-1011
557,-1012
556,-1013
556,-1014
556,-1015
556,-1016
556,-1017
555,-1018
554,-1019
553,-1020
552,-1021
551,-1022
550,-1023
550,-1024
549,-1025
548,-1026
547,-1027
546,-1027
546,-1028
546,-1029
545,-1030
544,-1031
