530,-723
530,-724
530,-725
530,-726
530,-727
530,-728
530,-729
531,-730
532,-731
532,-732
532,-733
532,-734
532,-735
532,-736
532,-737
532,-738
532,-739
532,-740
532,-741
533,-741
534,-741
535,-742
535,-743
536,-743
537,-744
537,-745
537,-746
537,-747
537,-748
536,-749
535,-749
534,-750
533,-751
533,-752
533,-753
533,-754
533,-755
534,-755
535,-755
536,-755
537,-755
538,-755
539,-755
540,-755
541,-756
541,-757
541,-758
542,-758
543,-758
544,-758
545,-758
545,-757
546,-756
546,-755
547,-754
548,-753
549,-753
550,-752
551,-752
552,-752
552,-751
553,-750
554,-750
555,-750
556,-750
557,-750
558,-749
559,-749
560,-748
561,-748
562,-748
563,-749
564,-749
565,-749
566,-749
567,-750
568,-750
569,-750
570,-750
571,-750
572,-751
573,-751
574,-752
575,-752
576,-752
577,-752
578,-752
579,-752
580,-752
581,-752
582,-752
583,-752
584,-753
585,-753
586,-753
587,-754
588,-754
589,-754
590,-754
591,-754
592,-754
593,-754
594,-754
595,-754
596,-754
597,-754
598,-754
599,-755
600,-755
601,-756
602,-756
603,-756
604,-756
605,-756
606,-756
607,-756
608,-756
609,-756
610,-756
611,-756
612,-756
613,-756
614,-757
615,-757
616,-757
617,-757
618,-757
619,-757
620,-758
621,-758
622,-758
623,-758
624,-759
625,-759
626,-759
627,-759
628,-759
629,-759
630,-759
631,-759
632,-759
633,-759
634,-760
635,-760
636,-760
637,-760
638,-760
639,-761
640,-761
641,-761
642,-761
643,-761
644,-761
645,-762
646,-762
647,-763
648,-763
649,-763
650,-763
651,-763
652,-764
653,-764
654,-765
655,-765
656,-765
657,-766
658,-766
659,-767
659,-768
660,-768
661,-769
662,-769
663,-770
664,-770
665,-771
666,-771
667,-772
668,-773
669,-774
670,-775
671,-776
672,-776
673,-776
674,-777
675,-778
676,-778
677,-778
678,-779
678,-780
679,-780
680,-780
681,-780
682,-781
683,-781
684,-782
684,-783
685,-784
686,-784
687,-784
688,-784
689,-785
689,-786
689,-787
690,-787
691,-788
692,-788
693,-788
694,-788
695,-789
696,-790
697,-790
698,-790
699,-790
700,-790
701,-791
702,-792
702,-793
703,-794
704,-795
704,-796
705,-796
706,-796
707,-796
708,-796
709,-796
710,-796
711,-796
712,-796
713,-797
713,-798
714,-798
715,-799
715,-800
716,-800
717,-800
718,-801
718,-802
719,-802
720,-802
721,-803
722,-803
723,-804
724,-804
725,-804
726,-805
727,-805
728,-806
729,-806
730,-806
731,-807
732,-807
733,-808
734,-808
735,-809
736,-809
737,-809
738,-809
739,-810
740,-810
741,-811
742,-811
743,-811
744,-811
745,-811
746,-812
747,-812
748,-812
749,-812
750,-812
751,-813
752,-813
753,-813
754,-813
755,-813
756,-814
757,-814
758,-814
759,-815
760,-815
761,-815
762,-816
763,-816
764,-816
765,-816
766,-817
767,-817
768,-817
769,-817
770,-817
771,-817
772,-817
773,-817
774,-817
775,-817
776,-817
777,-817
778,-817
779,-817
780,-817
781,-817
782,-817
783,-817
784,-817
785,-817
786,-817
787,-818
788,-818
789,-818
790,-818
791,-818
792,-818
793,-818
794,-818
795,-818
796,-818
797,-818
798,-818
799,-818
800,-817
801,-817
802,-817
803,-817
804,-817
805,-817
806,-817
807,-817
808,-817
809,-817
810,-817
811,-817
812,-816
813,-816
814,-816
815,-816
816,-816
817,-815
818,-815
819,-815
820,-815
821,-815
822,-815
823,-815
824,-814
825,-814
826,-814
827,-813
828,-813
829,-813
830,-813
831,-813
832,-813
833,-813
834,-813
835,-813
836,-812
837,-812
838,-812
839,-811
840,-811
841,-811
842,-811
843,-811
844,-810
845,-810
846,-810
847,-810
848,-810
849,-809
850,-809
851,-809
852,-809
853,-809
854,-808
855,-808
856,-808
857,-808
858,-808
859,-808
860,-808
861,-807
862,-807
863,-806
864,-806
865,-806
866,-806
867,-805
868,-805
869,-805
870,-804
871,-804
872,-804
873,-804
874,-803
875,-803
876,-803
877,-803
878,-803
879,-803
880,-803
880,-802
881,-801
882,-801
883,-801
884,-800
885,-800
886,-800
887,-800
888,-800
889,-800
890,-800
891,-800
892,-800
893,-800
894,-799
895,-799
895,-798
895,-797
896,-796
897,-796
898,-796
899,-796
900,-796
901,-796
902,-796
903,-796
904,-796
905,-796
906,-796
907,-796
908,-795
909,-794
910,-794
910,-793
911,-792
912,-792
913,-791
914,-791
915,-791
916,-791
917,-791
918,-791
919,-791
920,-791
921,-791
922,-791
923,-791
924,-791
925,-791
926,-791
927,-791
928,-791
929,-791
930,-791
930,-790
931,-789
932,-788
933,-788
934,-788
935,-788
936,-788
937,-788
938,-788
939,-788
940,-788
941,-788
942,-787
943,-787
944,-787
944,-786
945,-785
946,-785
947,-784
947,-783
947,-782
947,-781
948,-780
949,-780
950,-780
951,-780
951,-779
952,-778
953,-778
954,-778
955,-777
956,-776
957,-775
958,-775
959,-775
959,-774
960,-773
961,-773
962,-773
963,-773
964,-773
965,-772
965,-771
966,-770
967,-770
968,-770
969,-770
970,-770
970,-769
970,-768
970,-767
971,-766
972,-766
972,-765
972,-764
972,-763
972,-762
971,-761
970,-761
969,-761
968,-760
968,-759
968,-758
968,-757
967,-757
966,-757
965,-756
965,-755
964,-755
963,-754
963,-753
963,-752
964,-751
965,-750
965,-749
965,-748
965,-747
965,-746
964,-745
963,-744
963,-743
962,-743
961,-742
960,-741
959,-740
958,-739
957,-739
956,-738
955,-737
954,-737
953,-736
952,-736
951,-735
950,-735
949,-734
948,-734
947,-733
946,-732
945,-732
944,-731
943,-731
942,-730
941,-730
940,-729
939,-729
938,-728
937,-728
936,-727
935,-726
934,-726
933,-725
932,-724
931,-724
930,-723
929,-723
928,-722
927,-722
926,-721
925,-721
924,-720
923,-720
922,-719
921,-718
920,-718
919,-717
918,-717
917,-716
916,-716
915,-715
914,-715
913,-714
912,-713
911,-713
910,-712
909,-712
908,-711
907,-711
906,-711
905,-710
904,-709
903,-709
902,-708
901,-708
900,-708
899,-707
898,-707
897,-707
896,-706
895,-706
894,-705
893,-704
892,-704
891,-704
890,-703
889,-703
888,-703
887,-703
886,-702
885,-701
884,-701
883,-700
882,-700
881,-700
880,-699
879,-699
878,-699
877,-698
876,-698
875,-697
874,-697
873,-696
872,-696
871,-696
870,-695
869,-695
868,-695
867,-695
866,-694
865,-694
864,-693
863,-693
862,-693
861,-692
860,-692
859,-692
858,-691
857,-691
856,-691
855,-691
854,-691
853,-690
852,-690
851,-690
850,-689
849,-689
848,-688
847,-688
846,-688
845,-688
844,-688
843,-687
842,-687
841,-687
840,-687
839,-687
838,-687
837,-687
836,-687
835,-686
834,-686
833,-686
832,-686
831,-686
830,-685
829,-685
828,-685
827,-685
826,-685
825,-685
824,-685
823,-685
822,-685
821,-685
820,-685
819,-685
818,-685
817,-685
816,-684
815,-684
814,-684
813,-684
812,-684
811,-684
810,-684
809,-684
808,-683
807,-683
806,-683
805,-683
804,-683
803,-683
802,-683
801,-683
800,-683
799,-683
798,-684
797,-684
796,-684
795,-684
794,-684
793,-684
792,-684
791,-684
790,-684
789,-684
788,-684
787,-684
786,-684
785,-684
784,-684
783,-684
782,-684
781,-684
780,-684
779,-684
778,-684
777,-684
776,-683
775,-683
774,-683
773,-683
772,-683
771,-683
770,-683
769,-683
768,-683
767,-683
766,-683
765,-683
764,-683
763,-683
762,-683
761,-683
760,-683
759,-683
758,-683
757,-683
756,-683
755,-683
754,-683
753,-683
752,-683
751,-683
750,-683
749,-683
748,-683
747,-683
746,-683
745,-683
744,-683
743,-683
742,-683
741,-683
740,-683
739,-683
738,-683
737,-683
736,-683
735,-683
734,-683
733,-683
732,-684
731,-684
730,-684
729,-684
728,-684
727,-684
726,-684
725,-684
724,-684
723,-684
722,-684
721,-684
720,-684
719,-684
718,-684
717,-684
716,-684
715,-684
714,-684
713,-685
712,-686
711,-686
710,-687
709,-687
708,-687
707,-688
706,-688
705,-688
704,-688
703,-689
702,-689
701,-689
700,-690
699,-690
698,-691
697,-692
696,-692
695,-692
694,-692
693,-693
692,-693
691,-693
691,-694
690,-695
689,-695
688,-696
687,-696
686,-697
685,-698
684,-699
683,-699
682,-700
681,-700
680,-700
679,-701
678,-701
678,-702
677,-703
676,-703
675,-703
674,-704
673,-705
672,-706
671,-706
670,-707
669,-707
668,-708
667,-708
666,-709
665,-710
664,-711
663,-711
663,-712
662,-713
661,-713
660,-714
659,-715
658,-715
657,-715
656,-716
655,-716
654,-717
653,-717
652,-717
651,-717
650,-718
649,-718
648,-719
647,-719
646,-720
645,-720
644,-720
643,-721
642,-721
641,-721
640,-721
639,-721
638,-721
637,-721
636,-721
635,-721
634,-721
633,-721
632,-721
631,-721
630,-721
629,-721
628,-721
627,-721
626,-721
625,-721
624,-721
623,-721
622,-721
621,-721
620,-721
619,-721
618,-721
617,-721
616,-721
615,-721
614,-721
613,-720
612,-720
611,-720
610,-720
609,-720
608,-720
607,-720
606,-720
605,-720
604,-719
603,-719
602,-719
601,-719
600,-719
599,-719
598,-719
597,-719
596,-719
595,-718
594,-718
593,-718
592,-718
591,-718
590,-718
589,-718
588,-718
587,-718
586,-717
585,-717
584,-717
583,-717
582,-717
581,-717
580,-717
579,-717
578,-717
577,-717
576,-717
575,-716
574,-716
573,-716
572,-716
571,-716
570,-716
569,-716
568,-716
567,-716
566,-716
565,-716
564,-716
563,-716
562,-716
561,-716
560,-716
559,-717
558,-717
557,-717
556,-717
555,-717
554,-717
553,-717
552,-718
551,-719
550,-719
549,-719
549,-720
548,-721
547,-722
546,-722
545,-722
544,-722
543,-722
542,-722
541,-721
541,-720
540,-719
539,-718
539,-717
538,-717
537,-717
536,-717
535,-717
534,-717
534,-718
533,-719
533,-720
532,-721
531,-722
530,-723
