525,-635
525,-636
525,-637
525,-638
525,-639
525,-640
526,-640
527,-640
528,-641
529,-641
530,-641
531,-641
532,-641
533,-642
534,-643
535,-644
536,-645
537,-646
538,-647
538,-648
538,-649
539,-649
540,-649
541,-650
541,-651
542,-652
543,-653
543,-654
544,-654
545,-654
546,-654
547,-655
547,-656
547,-657
548,-657
549,-657
550,-657
551,-657
552,-658
552,-659
552,-660
552,-661
552,-662
552,-663
552,-664
553,-664
554,-665
554,-666
554,-667
555,-667
556,-667
557,-667
558,-667
559,-668
559,-669
559,-670
559,-671
560,-671
561,-671
562,-672
562,-673
563,-673
564,-674
564,-675
565,-676
565,-677
566,-677
567,-678
568,-678
569,-679
570,-680
570,-681
571,-682
572,-683
572,-684
573,-685
574,-686
574,-687
575,-688
576,-688
577,-688
578,-688
579,-688
580,-688
581,-689
582,-690
583,-691
584,-691
585,-692
585,-693
586,-694
587,-695
587,-696
588,-696
589,-696
590,-697
590,-698
591,-698
592,-699
593,-699
594,-700
594,-701
595,-702
596,-702
597,-702
598,-702
599,-702
600,-702
601,-702
602,-703
603,-703
604,-704
604,-705
605,-705
606,-705
607,-706
607,-707
607,-708
607,-709
607,-710
607,-711
607,-712
607,-713
607,-714
608,-714
609,-715
609,-716
610,-717
611,-717
612,-718
613,-719
613,-720
614,-721
615,-721
616,-722
617,-723
618,-724
619,-724
620,-725
621,-726
622,-727
623,-727
624,-728
625,-728
626,-729
627,-730
628,-730
629,-731
630,-732
631,-733
632,-733
633,-734
634,-735
635,-735
636,-736
637,-737
638,-738
639,-739
640,-740
641,-740
642,-741
643,-741
644,-742
645,-743
646,-744
647,-745
648,-746
649,-747
650,-747
651,-748
652,-749
653,-750
654,-750
655,-751
656,-751
657,-752
657,-753
658,-753
659,-754
660,-755
661,-755
662,-756
663,-757
664,-758
665,-758
666,-759
667,-760
668,-761
669,-761
670,-762
671,-763
672,-763
673,-764
674,-764
675,-765
675,-766
676,-766
677,-767
678,-768
679,-768
680,-769
680,-770
680,-771
681,-771
682,-771
683,-772
683,-773
683,-774
683,-775
684,-775
685,-775
686,-775
687,-776
687,-777
687,-778
688,-778
689,-779
690,-779
691,-779
692,-779
693,-780
693,-781
694,-782
695,-782
696,-783
697,-784
698,-784
699,-785
699,-786
700,-786
701,-787
702,-788
703,-788
704,-788
705,-789
706,-790
707,-791
708,-791
709,-792
710,-793
711,-793
712,-793
713,-794
714,-795
715,-795
716,-795
717,-795
718,-795
719,-796
720,-796
721,-797
722,-798
723,-798
724,-798
725,-798
726,-798
727,-798
728,-798
729,-798
730,-798
731,-798
732,-799
732,-800
733,-800
734,-801
735,-801
736,-801
737,-801
738,-801
739,-801
740,-801
741,-802
741,-803
741,-804
742,-805
743,-805
744,-805
745,-805
746,-805
747,-806
748,-806
749,-806
750,-807
751,-807
752,-807
753,-807
754,-808
755,-808
756,-808
757,-808
758,-808
759,-808
760,-809
761,-809
762,-810
763,-810
764,-810
765,-810
766,-810
767,-810
768,-810
769,-810
770,-810
771,-811
772,-811
773,-812
774,-812
775,-812
776,-813
777,-813
778,-813
779,-813
780,-813
781,-813
782,-813
783,-814
783,-815
784,-815
785,-815
786,-815
787,-815
788,-815
789,-815
790,-815
791,-816
792,-816
793,-816
794,-817
795,-817
796,-817
797,-817
798,-817
799,-817
800,-817
801,-816
802,-816
803,-816
804,-816
805,-816
806,-816
807,-816
808,-816
809,-815
810,-815
811,-815
812,-816
812,-817
813,-817
814,-817
815,-817
816,-817
817,-817
818,-817
819,-816
820,-816
821,-816
822,-816
823,-816
824,-816
825,-817
826,-817
827,-817
828,-817
829,-817
830,-817
831,-817
832,-818
833,-818
834,-818
835,-818
836,-818
837,-819
838,-819
839,-819
840,-819
841,-819
842,-820
843,-820
844,-820
845,-820
846,-820
847,-821
848,-821
849,-822
850,-822
851,-823
852,-823
853,-823
854,-823
855,-824
856,-824
857,-824
858,-824
859,-824
860,-825
860,-826
860,-827
861,-827
862,-827
863,-827
864,-828
865,-828
866,-828
867,-828
868,-829
868,-830
868,-831
868,-832
869,-832
870,-833
871,-833
872,-833
873,-834
874,-834
875,-834
876,-834
877,-834
878,-834
879,-835
879,-836
879,-837
879,-838
880,-838
881,-838
882,-839
882,-840
883,-840
884,-840
885,-840
886,-841
887,-842
888,-843
889,-844
890,-844
891,-845
891,-846
891,-847
892,-847
893,-847
894,-848
894,-849
894,-850
895,-850
896,-850
897,-850
898,-850
899,-850
900,-851
900,-852
901,-852
902,-852
903,-852
904,-853
905,-854
905,-855
905,-856
906,-857
907,-857
908,-857
909,-858
910,-858
911,-858
912,-858
913,-858
914,-858
915,-858
916,-859
916,-860
916,-861
916,-862
916,-863
917,-864
918,-864
919,-864
920,-864
921,-865
922,-865
923,-865
924,-865
925,-865
926,-865
927,-866
927,-867
927,-868
928,-868
929,-868
930,-868
931,-868
932,-869
932,-870
933,-870
934,-870
935,-870
936,-870
937,-871
937,-872
937,-873
938,-874
939,-874
940,-874
941,-875
942,-875
943,-876
943,-877
943,-878
944,-878
945,-879
946,-879
947,-880
947,-881
948,-881
949,-882
950,-882
951,-883
952,-883
953,-883
954,-884
955,-884
956,-884
957,-884
958,-884
959,-884
960,-884
961,-884
962,-884
963,-884
964,-884
965,-884
966,-884
967,-884
967,-883
967,-882
968,-881
969,-881
970,-880
971,-880
972,-880
973,-880
974,-880
975,-880
976,-880
976,-879
976,-878
976,-877
976,-876
975,-875
975,-874
974,-874
973,-874
972,-874
971,-873
970,-873
969,-873
968,-873
967,-873
966,-873
965,-873
964,-872
964,-871
964,-870
964,-869
964,-868
964,-867
964,-866
964,-865
964,-864
964,-863
963,-863
962,-863
961,-862
960,-862
959,-861
958,-861
957,-860
956,-859
956,-858
956,-857
956,-856
956,-855
957,-854
958,-854
959,-854
960,-854
961,-854
962,-853
963,-853
964,-853
965,-853
966,-853
967,-853
968,-853
969,-853
970,-854
971,-855
971,-856
972,-856
973,-857
974,-857
975,-857
976,-857
977,-857
977,-856
977,-855
977,-854
977,-853
976,-852
975,-852
974,-851
974,-850
973,-850
972,-849
972,-848
972,-847
971,-846
970,-846
969,-846
968,-845
968,-844
968,-843
967,-843
966,-842
965,-841
965,-840
965,-839
965,-838
964,-837
963,-836
962,-835
962,-834
961,-833
960,-833
959,-832
958,-831
958,-830
958,-829
958,-828
958,-827
957,-827
956,-826
955,-825
954,-824
953,-824
952,-823
951,-822
950,-821
949,-821
948,-820
947,-820
946,-819
945,-818
944,-818
943,-817
942,-817
941,-816
940,-816
939,-815
938,-814
937,-814
936,-814
935,-814
934,-813
934,-812
933,-811
932,-811
931,-810
930,-810
929,-810
928,-809
927,-809
926,-808
925,-807
924,-806
924,-805
923,-805
922,-804
921,-803
920,-803
919,-802
918,-802
917,-801
916,-801
915,-800
914,-799
913,-798
912,-798
911,-797
910,-796
909,-796
908,-795
907,-794
906,-794
905,-793
904,-792
903,-792
902,-791
901,-790
900,-790
899,-789
898,-788
897,-788
896,-787
895,-787
894,-786
893,-785
892,-785
891,-784
890,-783
889,-782
888,-781
887,-781
886,-780
885,-780
884,-779
884,-778
883,-778
882,-777
881,-776
880,-776
879,-775
878,-774
877,-774
876,-773
875,-772
874,-771
873,-770
872,-769
871,-768
870,-767
869,-766
868,-766
867,-765
866,-764
865,-763
865,-762
864,-762
863,-761
863,-760
862,-759
862,-758
861,-758
860,-757
859,-756
858,-755
857,-754
857,-753
856,-752
855,-751
854,-750
854,-749
854,-748
853,-747
852,-746
851,-745
851,-744
850,-743
850,-742
849,-741
848,-740
848,-739
847,-738
847,-737
846,-736
846,-735
845,-734
844,-733
844,-732
844,-731
843,-730
843,-729
842,-728
841,-727
841,-726
840,-725
840,-724
839,-723
838,-722
838,-721
837,-720
837,-719
836,-718
835,-717
834,-716
833,-715
833,-714
832,-714
831,-713
831,-712
830,-711
829,-710
828,-709
827,-708
826,-707
826,-706
825,-705
824,-704
823,-703
822,-702
821,-701
820,-700
819,-699
818,-698
817,-697
816,-696
816,-695
815,-695
814,-694
813,-693
812,-692
811,-691
810,-690
809,-689
808,-688
807,-687
806,-686
805,-685
804,-685
803,-685
802,-685
801,-685
800,-686
799,-687
799,-688
798,-689
797,-690
796,-691
795,-691
794,-691
793,-690
793,-689
793,-688
793,-687
793,-686
793,-685
793,-684
793,-683
794,-682
795,-682
795,-681
795,-680
795,-679
795,-678
795,-677
794,-676
793,-676
792,-675
791,-674
790,-674
789,-673
788,-672
787,-671
786,-670
785,-670
784,-669
783,-669
782,-668
781,-667
780,-667
779,-666
778,-665
777,-664
776,-664
775,-663
774,-663
773,-662
772,-661
771,-661
770,-660
769,-659
768,-659
767,-658
766,-658
765,-657
764,-657
763,-656
762,-656
761,-655
760,-655
759,-654
758,-654
757,-653
756,-653
755,-652
754,-651
753,-651
752,-651
751,-650
750,-650
749,-649
748,-649
747,-649
746,-648
745,-647
744,-647
743,-647
742,-646
741,-646
740,-646
739,-645
738,-645
737,-644
736,-644
735,-643
734,-643
733,-643
732,-642
731,-642
730,-642
729,-641
728,-641
727,-640
726,-640
725,-640
724,-639
723,-639
722,-639
721,-638
720,-638
719,-638
718,-638
717,-637
716,-637
715,-637
714,-636
713,-636
712,-636
711,-636
710,-635
709,-635
708,-635
707,-635
706,-634
705,-634
704,-634
703,-634
702,-633
701,-633
700,-633
699,-633
698,-633
697,-632
696,-632
695,-632
694,-632
693,-632
692,-631
691,-631
690,-631
689,-631
688,-631
687,-630
686,-630
685,-630
684,-630
683,-630
682,-630
681,-629
680,-629
679,-629
678,-629
677,-629
676,-628
675,-628
674,-628
673,-628
672,-628
671,-628
670,-628
669,-628
668,-627
667,-627
666,-627
665,-627
664,-627
663,-627
662,-627
661,-627
660,-626
659,-626
658,-626
657,-626
656,-626
655,-626
654,-626
653,-626
652,-626
651,-626
650,-625
649,-625
648,-625
647,-625
646,-625
645,-625
644,-625
643,-624
642,-624
641,-624
640,-624
639,-624
638,-624
637,-624
636,-624
635,-624
634,-624
633,-624
632,-623
631,-623
630,-623
629,-623
628,-623
627,-623
626,-623
625,-623
624,-623
623,-623
622,-623
621,-623
620,-623
619,-623
618,-623
617,-623
616,-623
615,-623
614,-622
613,-622
612,-622
611,-622
610,-622
609,-622
608,-622
607,-622
606,-622
605,-622
604,-622
603,-622
602,-621
601,-621
600,-621
599,-621
598,-621
597,-621
596,-621
595,-621
594,-621
593,-621
592,-621
591,-620
590,-620
589,-620
588,-620
587,-620
586,-620
585,-620
584,-620
583,-620
582,-620
581,-619
580,-619
579,-619
578,-619
577,-619
576,-619
575,-619
574,-619
573,-619
572,-618
571,-618
570,-618
569,-618
568,-618
567,-618
566,-618
565,-618
564,-618
563,-618
562,-618
561,-618
560,-617
559,-617
558,-617
557,-617
556,-617
555,-617
554,-617
553,-617
552,-617
551,-617
550,-617
549,-617
548,-617
547,-617
546,-617
545,-617
544,-617
543,-617
542,-617
541,-617
540,-617
539,-617
538,-617
537,-617
536,-617
535,-617
534,-618
533,-618
532,-618
532,-619
532,-620
532,-621
532,-622
532,-623
532,-624
533,-625
534,-626
534,-627
534,-628
534,-629
533,-630
532,-630
531,-631
530,-631
529,-631
528,-632
527,-632
526,-633
526,-634
525,-635
