491,-688
491,-689
491,-690
491,-691
491,-692
491,-693
492,-694
492,-695
492,-696
492,-697
491,-698
491,-699
491,-700
491,-701
491,-702
491,-703
491,-704
491,-705
491,-706
491,-707
491,-708
491,-709
491,-710
491,-711
492,-712
492,-713
492,-714
493,-715
493,-716
494,-717
494,-718
494,-719
495,-719
496,-719
497,-720
497,-721
498,-721
499,-722
499,-723
500,-723
501,-723
502,-724
502,-725
502,-726
503,-726
504,-727
504,-728
504,-729
505,-730
506,-730
507,-731
507,-732
507,-733
508,-733
509,-733
510,-733
511,-734
512,-735
512,-736
513,-737
513,-738
514,-738
515,-738
516,-739
516,-740
517,-740
518,-740
519,-741
520,-742
521,-742
522,-743
522,-744
522,-745
523,-745
524,-746
524,-747
524,-748
524,-749
524,-750
525,-750
526,-751
527,-751
528,-751
529,-751
530,-751
531,-752
531,-753
532,-753
533,-754
534,-754
535,-755
535,-756
536,-757
537,-758
537,-759
538,-759
539,-760
540,-761
541,-761
542,-761
543,-762
544,-763
544,-764
545,-765
546,-765
547,-766
548,-767
549,-768
550,-768
551,-769
552,-769
553,-770
554,-770
555,-771
555,-772
556,-772
557,-772
558,-773
559,-773
560,-774
560,-775
561,-775
562,-776
563,-776
564,-777
565,-777
566,-778
566,-779
567,-779
568,-779
569,-780
570,-780
571,-781
571,-782
572,-783
573,-783
574,-784
575,-784
576,-785
577,-785
578,-786
579,-787
580,-787
581,-787
582,-788
582,-789
583,-789
584,-790
585,-791
586,-792
587,-792
588,-792
589,-793
589,-794
590,-795
591,-795
592,-795
593,-796
594,-796
595,-796
596,-797
596,-798
597,-798
598,-799
599,-799
600,-800
601,-801
602,-801
603,-802
604,-802
605,-802
606,-803
606,-804
607,-804
608,-804
609,-805
609,-806
610,-806
611,-806
612,-806
613,-807
614,-807
615,-808
616,-808
617,-809
618,-810
619,-810
620,-810
621,-811
622,-811
623,-811
624,-812
625,-813
626,-813
627,-813
628,-814
629,-814
630,-814
631,-814
632,-815
633,-816
634,-816
635,-816
636,-817
637,-818
638,-818
639,-819
640,-819
641,-820
642,-820
643,-820
644,-820
645,-820
646,-821
646,-822
647,-822
648,-822
649,-822
650,-822
651,-823
652,-823
653,-823
654,-823
655,-824
656,-824
657,-824
658,-825
659,-826
660,-827
661,-827
662,-827
663,-827
664,-827
665,-827
666,-827
667,-828
668,-828
669,-828
670,-828
671,-828
672,-828
673,-828
674,-828
675,-828
676,-829
676,-830
677,-831
678,-831
679,-831
680,-831
681,-831
682,-831
683,-831
684,-832
685,-832
686,-832
687,-832
688,-832
689,-832
690,-833
691,-833
692,-833
693,-833
694,-834
695,-834
696,-834
697,-834
698,-834
699,-834
700,-834
701,-834
702,-834
703,-835
704,-836
705,-836
706,-836
707,-836
708,-836
709,-836
710,-837
711,-837
712,-837
713,-837
714,-837
715,-837
716,-837
717,-837
718,-837
719,-837
720,-837
721,-837
722,-837
723,-837
724,-837
725,-837
726,-837
727,-837
728,-837
729,-837
730,-837
731,-837
732,-837
733,-837
734,-837
735,-837
736,-836
737,-836
738,-836
739,-836
740,-836
741,-836
742,-836
743,-835
744,-835
745,-835
746,-835
747,-835
748,-835
749,-835
750,-834
751,-834
752,-834
753,-834
754,-833
755,-833
756,-833
757,-833
758,-833
759,-832
760,-832
761,-832
762,-832
763,-832
764,-832
765,-832
766,-831
767,-831
768,-831
769,-831
770,-831
771,-830
772,-830
773,-830
774,-830
775,-829
776,-829
777,-829
778,-829
779,-828
780,-828
781,-828
782,-828
783,-827
784,-827
785,-826
786,-826
787,-826
788,-825
789,-825
790,-825
791,-825
792,-825
793,-824
794,-824
795,-824
796,-824
797,-824
798,-824
799,-824
800,-823
801,-823
802,-823
803,-822
804,-822
805,-822
806,-821
807,-821
808,-821
809,-820
810,-820
811,-820
812,-820
813,-819
814,-819
815,-819
816,-819
817,-818
818,-818
819,-818
820,-817
821,-817
822,-817
823,-817
824,-817
825,-816
826,-815
827,-815
828,-814
829,-813
830,-813
831,-813
832,-813
833,-812
834,-812
835,-811
836,-811
837,-810
838,-810
839,-809
840,-809
841,-808
842,-808
843,-807
844,-806
845,-806
846,-805
847,-805
848,-804
849,-804
850,-804
851,-804
852,-803
853,-803
854,-803
855,-804
856,-804
857,-805
857,-806
858,-806
859,-806
860,-806
861,-806
862,-806
863,-806
864,-806
865,-806
866,-806
866,-805
867,-804
868,-803
869,-803
870,-802
871,-802
872,-802
873,-802
874,-802
875,-802
876,-802
877,-802
878,-803
879,-803
880,-803
881,-803
882,-803
883,-804
884,-804
885,-804
886,-804
887,-805
888,-805
889,-805
890,-805
891,-806
892,-806
893,-807
894,-808
895,-809
896,-809
897,-810
898,-811
898,-812
899,-813
900,-813
901,-814
902,-814
903,-814
904,-815
905,-815
906,-815
907,-815
908,-816
909,-816
910,-817
911,-817
912,-818
913,-818
914,-818
915,-818
916,-818
917,-818
918,-819
919,-820
920,-820
921,-820
922,-820
923,-820
924,-820
925,-820
926,-821
927,-821
928,-821
929,-822
930,-822
931,-823
932,-823
933,-824
934,-824
935,-825
936,-826
937,-826
938,-826
939,-826
940,-827
941,-827
942,-828
943,-828
944,-829
945,-829
946,-830
947,-830
948,-831
949,-831
950,-832
951,-832
952,-832
953,-833
954,-834
955,-834
956,-834
957,-835
958,-836
959,-836
960,-836
961,-836
962,-837
963,-837
964,-838
965,-838
966,-839
967,-839
968,-840
969,-840
970,-840
971,-841
971,-842
972,-842
973,-843
974,-844
975,-844
976,-844
977,-845
978,-845
979,-846
980,-846
981,-846
982,-847
983,-847
984,-848
985,-848
986,-848
987,-849
988,-850
989,-850
990,-851
991,-851
992,-851
993,-851
994,-851
995,-851
996,-851
997,-851
998,-851
999,-851
1000,-851
1001,-851
1002,-851
1003,-851
1004,-850
1005,-850
1006,-850
1007,-850
1008,-850
1009,-850
1010,-850
1011,-850
1011,-849
1011,-848
1011,-847
1011,-846
1011,-845
1010,-845
1009,-844
1009,-843
1008,-843
1007,-842
1007,-841
1006,-841
1005,-840
1005,-839
1005,-838
1005,-837
1005,-836
1005,-835
1005,-834
1005,-833
1005,-832
1004,-832
1003,-831
1002,-830
1001,-830
1000,-830
999,-830
998,-830
997,-830
996,-829
996,-828
996,-827
997,-826
997,-825
997,-824
997,-823
997,-822
997,-821
998,-820
999,-820
1000,-820
1001,-820
1002,-820
1003,-820
1003,-819
1003,-818
1003,-817
1003,-816
1002,-815
1001,-814
1000,-813
999,-813
998,-812
997,-811
996,-810
995,-810
994,-809
993,-809
992,-808
991,-807
990,-807
989,-806
988,-805
987,-805
986,-804
985,-804
984,-803
983,-803
982,-802
981,-802
980,-801
979,-801
978,-800
977,-800
976,-799
975,-799
974,-798
973,-798
972,-798
971,-797
970,-797
969,-796
968,-796
967,-795
966,-795
965,-795
964,-794
963,-794
962,-794
961,-794
960,-793
960,-792
959,-792
958,-792
957,-792
956,-791
955,-791
954,-790
953,-790
952,-790
951,-789
950,-789
949,-788
948,-788
947,-787
946,-787
945,-787
944,-786
943,-786
942,-785
941,-785
940,-784
939,-784
938,-784
937,-783
936,-783
935,-782
934,-782
933,-782
932,-781
931,-781
930,-781
929,-780
928,-780
927,-779
926,-779
925,-778
924,-778
923,-777
922,-777
921,-777
920,-776
919,-775
918,-775
917,-775
916,-774
915,-774
914,-773
913,-773
912,-773
911,-772
910,-772
909,-771
908,-771
907,-771
906,-771
905,-770
904,-770
903,-769
902,-769
901,-768
900,-768
899,-767
898,-767
897,-766
896,-766
895,-765
894,-765
893,-764
892,-764
891,-763
890,-762
889,-762
888,-762
887,-761
886,-760
885,-759
884,-759
883,-758
882,-757
881,-756
880,-755
879,-754
878,-753
877,-752
876,-751
876,-750
875,-750
874,-749
873,-748
872,-747
871,-746
871,-745
870,-744
869,-743
868,-742
868,-741
867,-740
866,-739
865,-738
864,-737
863,-736
862,-735
862,-734
861,-733
860,-733
859,-732
859,-731
858,-730
857,-729
856,-728
855,-727
854,-726
854,-725
853,-725
852,-724
851,-723
850,-722
849,-721
848,-720
847,-719
846,-718
846,-717
845,-717
844,-716
844,-715
843,-714
842,-713
841,-712
840,-712
839,-711
838,-710
837,-709
836,-708
835,-707
834,-707
833,-706
833,-705
832,-704
831,-704
830,-703
829,-702
828,-702
827,-701
826,-700
825,-699
824,-699
823,-698
822,-697
821,-697
820,-696
819,-695
818,-695
817,-694
816,-693
815,-692
814,-692
813,-691
812,-690
811,-690
810,-689
809,-688
808,-688
807,-688
806,-687
805,-686
804,-685
803,-685
802,-684
801,-683
800,-683
799,-682
798,-681
797,-681
796,-680
795,-680
794,-680
793,-679
792,-678
791,-678
790,-677
790,-676
789,-676
788,-676
787,-676
786,-675
786,-674
785,-674
784,-674
783,-673
782,-672
781,-672
780,-672
779,-671
778,-670
777,-670
776,-669
775,-669
774,-668
773,-668
772,-668
771,-667
770,-667
769,-666
768,-666
767,-666
766,-665
765,-665
764,-664
763,-664
762,-664
761,-664
760,-663
759,-663
758,-663
757,-663
756,-663
755,-662
754,-662
753,-662
752,-661
751,-661
750,-661
749,-661
748,-660
747,-660
746,-660
745,-660
744,-660
743,-659
742,-659
741,-659
740,-658
739,-658
738,-658
737,-658
736,-658
735,-657
734,-657
733,-657
732,-657
731,-657
730,-657
729,-657
728,-657
727,-656
726,-656
725,-656
724,-656
723,-655
722,-655
721,-655
720,-655
719,-655
718,-655
717,-654
716,-654
715,-654
714,-654
713,-654
712,-654
711,-654
710,-654
709,-653
708,-653
707,-653
706,-653
705,-653
704,-652
703,-652
702,-652
701,-652
700,-652
699,-652
698,-652
697,-652
696,-652
695,-652
694,-652
693,-652
692,-651
691,-651
690,-651
689,-651
688,-651
687,-651
686,-651
685,-651
684,-651
683,-651
682,-651
681,-651
680,-651
679,-651
678,-651
677,-651
676,-651
675,-651
674,-651
673,-651
672,-651
671,-651
670,-651
669,-651
668,-651
667,-651
666,-651
665,-651
664,-651
663,-651
662,-652
661,-652
660,-652
659,-652
658,-652
657,-652
656,-652
655,-652
654,-653
653,-653
652,-653
651,-653
650,-653
649,-653
648,-653
647,-653
646,-654
645,-654
644,-654
643,-654
642,-654
641,-654
640,-654
639,-655
638,-655
637,-655
636,-655
635,-655
634,-655
633,-655
632,-656
631,-656
630,-656
629,-656
628,-656
627,-656
626,-656
625,-656
624,-657
623,-657
622,-657
621,-657
620,-657
619,-658
618,-658
617,-658
616,-658
615,-659
614,-659
613,-659
612,-659
611,-659
610,-660
609,-660
608,-660
607,-660
606,-660
605,-661
604,-661
603,-661
602,-661
601,-662
600,-662
599,-662
598,-663
597,-663
596,-663
595,-663
594,-664
593,-664
592,-664
591,-664
590,-664
589,-665
588,-665
587,-666
586,-666
585,-667
584,-667
583,-667
582,-667
581,-667
580,-668
579,-668
578,-668
577,-668
576,-669
575,-669
574,-670
573,-670
572,-671
571,-671
570,-671
569,-671
568,-672
567,-672
566,-672
565,-672
564,-672
563,-673
562,-673
561,-674
560,-674
559,-674
558,-675
557,-675
556,-675
555,-675
554,-676
553,-677
552,-677
551,-677
550,-677
549,-678
548,-678
547,-678
546,-678
546,-679
546,-680
545,-681
544,-681
543,-681
542,-681
541,-681
540,-681
539,-681
538,-681
537,-681
536,-682
535,-682
534,-682
533,-682
532,-682
531,-683
530,-683
529,-683
528,-684
527,-684
526,-684
525,-684
524,-685
523,-685
522,-685
521,-685
520,-685
519,-685
518,-686
517,-686
516,-686
515,-686
514,-686
513,-687
512,-687
511,-687
510,-688
509,-688
508,-688
507,-688
506,-688
505,-688
504,-688
503,-688
502,-687
502,-686
501,-685
500,-684
500,-683
499,-683
498,-683
497,-683
496,-683
495,-684
494,-684
494,-685
493,-686
492,-686
492,-687
491,-688
