533,-728
533,-729
533,-730
533,-731
533,-732
533,-733
533,-734
533,-735
533,-736
533,-737
534,-737
535,-738
535,-739
535,-740
535,-741
536,-742
537,-742
538,-743
539,-743
540,-744
541,-744
542,-744
543,-744
544,-744
545,-745
546,-745
547,-746
548,-747
549,-748
550,-749
551,-749
552,-749
553,-749
554,-749
555,-749
556,-749
557,-750
558,-751
559,-752
559,-753
560,-754
561,-754
562,-754
563,-754
564,-755
565,-756
565,-757
566,-758
567,-758
568,-759
569,-760
570,-760
571,-761
572,-761
573,-762
574,-762
575,-762
576,-763
576,-764
577,-764
578,-765
579,-765
580,-765
581,-766
581,-767
582,-767
583,-768
584,-768
585,-768
586,-769
587,-770
588,-770
589,-771
590,-771
591,-772
592,-772
593,-773
593,-774
593,-775
594,-776
594,-777
595,-777
596,-778
596,-779
597,-780
598,-780
599,-781
600,-782
601,-782
602,-782
603,-783
604,-784
605,-785
605,-786
606,-786
607,-786
608,-787
609,-787
610,-788
611,-788
612,-789
613,-790
614,-790
615,-790
616,-791
617,-792
617,-793
618,-793
619,-793
620,-794
621,-795
621,-796
622,-796
623,-796
624,-797
625,-797
626,-798
627,-798
628,-799
629,-800
629,-801
630,-801
631,-801
632,-801
633,-801
634,-802
635,-802
636,-802
637,-803
637,-804
638,-804
639,-804
640,-805
641,-805
642,-805
643,-805
644,-806
645,-807
646,-807
647,-807
648,-808
649,-808
650,-808
651,-808
652,-809
653,-809
654,-809
655,-810
656,-810
657,-811
658,-812
659,-812
660,-812
661,-812
662,-812
663,-813
664,-813
665,-814
666,-815
667,-815
668,-815
669,-815
670,-815
671,-815
672,-815
673,-815
674,-816
675,-816
676,-816
677,-817
678,-817
679,-817
680,-817
681,-817
682,-818
683,-818
684,-818
685,-818
686,-818
687,-818
688,-819
688,-820
689,-820
690,-820
691,-820
692,-820
693,-820
694,-820
695,-820
696,-820
697,-820
698,-820
699,-820
700,-820
701,-820
702,-820
703,-821
704,-821
705,-821
706,-821
707,-821
708,-821
709,-821
710,-821
711,-821
712,-821
713,-821
714,-821
715,-821
716,-821
717,-821
718,-821
719,-820
720,-820
721,-820
722,-820
723,-820
724,-820
725,-820
726,-820
727,-820
728,-820
729,-819
730,-819
731,-819
732,-819
733,-819
734,-819
735,-819
736,-819
737,-819
738,-819
739,-819
740,-819
741,-818
742,-818
743,-818
744,-818
745,-818
746,-817
747,-817
748,-817
749,-817
750,-817
751,-817
752,-816
753,-816
754,-816
755,-816
756,-816
757,-816
758,-816
759,-816
760,-816
761,-816
762,-816
763,-816
764,-816
765,-816
766,-815
767,-815
768,-815
769,-815
770,-815
771,-815
772,-815
772,-814
773,-813
774,-813
775,-813
776,-813
777,-812
778,-812
779,-812
780,-812
781,-812
782,-812
783,-811
784,-811
785,-810
786,-810
787,-810
788,-810
788,-809
789,-808
790,-807
791,-806
792,-806
793,-806
794,-806
795,-805
796,-804
797,-804
798,-804
798,-803
799,-802
800,-801
801,-801
802,-800
803,-799
804,-798
805,-798
806,-798
806,-797
807,-796
808,-796
809,-795
810,-795
811,-795
812,-795
813,-794
813,-793
814,-792
815,-792
816,-792
817,-792
818,-792
819,-791
820,-790
821,-790
822,-790
823,-790
824,-790
825,-790
826,-790
827,-790
828,-791
829,-792
830,-792
831,-793
831,-794
832,-794
833,-794
834,-795
835,-795
836,-795
837,-795
838,-795
839,-795
840,-795
841,-796
842,-796
843,-796
844,-796
845,-797
846,-797
847,-797
848,-797
849,-797
850,-798
851,-798
852,-798
853,-798
854,-798
855,-798
856,-798
857,-798
858,-798
859,-798
860,-798
861,-798
862,-798
863,-798
864,-798
865,-798
866,-798
867,-798
868,-798
869,-798
870,-798
871,-798
872,-798
873,-798
874,-798
875,-798
876,-798
877,-798
878,-798
879,-798
880,-798
881,-798
882,-798
883,-798
884,-797
885,-797
886,-797
887,-797
888,-797
889,-797
890,-798
891,-798
892,-798
893,-798
894,-798
895,-797
896,-797
897,-797
898,-797
899,-797
900,-797
901,-797
902,-797
903,-797
904,-797
905,-797
906,-797
907,-797
908,-797
909,-797
910,-797
911,-797
912,-798
913,-798
914,-798
915,-798
916,-798
917,-798
918,-798
919,-798
920,-798
921,-798
922,-798
923,-798
924,-798
925,-798
926,-798
927,-798
928,-798
929,-798
930,-798
931,-798
932,-798
933,-798
934,-798
935,-798
936,-798
937,-798
938,-798
939,-798
940,-798
941,-798
942,-798
943,-797
944,-797
945,-797
946,-797
947,-797
948,-797
949,-797
950,-797
951,-797
952,-797
953,-796
953,-795
954,-794
955,-794
955,-793
956,-792
957,-792
958,-792
959,-792
960,-792
961,-791
961,-790
961,-789
961,-788
961,-787
961,-786
961,-785
961,-784
960,-783
960,-782
960,-781
960,-780
960,-779
960,-778
960,-777
959,-777
958,-776
958,-775
958,-774
958,-773
959,-772
960,-772
961,-772
961,-771
962,-770
963,-770
964,-770
965,-770
966,-770
967,-770
968,-770
968,-769
968,-768
968,-767
968,-766
967,-766
966,-766
965,-766
964,-765
963,-765
962,-765
961,-765
960,-765
959,-765
958,-765
957,-765
956,-765
955,-764
954,-764
953,-763
952,-763
951,-763
950,-763
949,-763
948,-763
947,-764
946,-764
945,-764
944,-764
943,-764
942,-763
941,-763
940,-763
939,-763
938,-763
937,-763
936,-763
935,-763
934,-763
933,-763
932,-763
931,-763
930,-763
929,-763
928,-763
927,-763
926,-763
925,-763
924,-764
923,-764
922,-764
921,-764
920,-764
919,-764
918,-764
917,-764
916,-763
915,-763
914,-763
913,-763
912,-763
911,-763
910,-763
909,-763
908,-763
907,-762
906,-761
905,-761
904,-760
904,-759
903,-759
902,-759
901,-758
901,-757
901,-756
900,-756
899,-756
898,-756
897,-756
896,-756
895,-755
895,-754
895,-753
894,-753
893,-753
892,-753
891,-753
890,-752
889,-752
888,-752
887,-752
886,-751
885,-751
884,-751
883,-751
882,-751
881,-751
880,-751
879,-751
878,-751
877,-751
876,-751
875,-751
874,-751
873,-751
872,-750
871,-750
870,-750
869,-749
868,-749
867,-749
866,-749
865,-749
864,-748
863,-748
862,-748
861,-748
860,-748
859,-748
858,-747
857,-747
856,-747
855,-747
854,-746
853,-746
852,-746
851,-745
850,-745
849,-745
848,-745
847,-745
846,-744
845,-744
844,-744
843,-743
842,-743
841,-742
840,-742
839,-742
838,-742
837,-741
836,-740
835,-740
834,-740
833,-740
832,-739
831,-739
830,-739
829,-738
828,-737
827,-737
826,-736
826,-735
825,-735
824,-735
823,-734
822,-733
821,-733
820,-732
819,-731
818,-730
817,-729
816,-729
815,-728
814,-727
813,-727
812,-726
812,-725
811,-725
810,-724
809,-723
808,-722
807,-721
806,-720
805,-720
804,-719
803,-718
802,-717
801,-716
800,-716
799,-715
798,-715
797,-714
796,-713
795,-713
794,-712
793,-711
792,-710
791,-709
790,-709
789,-708
789,-707
788,-707
787,-707
786,-706
785,-706
784,-705
783,-705
782,-704
781,-704
780,-704
779,-703
778,-703
777,-702
776,-701
775,-700
774,-700
773,-700
772,-699
771,-699
770,-699
769,-698
768,-698
767,-697
766,-697
765,-696
764,-696
763,-696
762,-696
761,-696
760,-696
759,-696
758,-695
758,-694
757,-694
756,-694
755,-693
754,-692
753,-692
752,-692
751,-691
750,-691
749,-691
748,-690
747,-690
746,-690
745,-689
744,-689
743,-689
742,-689
741,-688
740,-688
739,-688
738,-688
737,-688
736,-687
735,-687
734,-687
733,-687
732,-686
731,-686
730,-686
729,-686
728,-685
727,-685
726,-685
725,-685
724,-685
723,-684
722,-684
721,-684
720,-684
719,-684
718,-684
717,-684
716,-684
715,-684
714,-684
713,-683
712,-683
711,-683
710,-683
709,-683
708,-683
707,-683
706,-683
705,-682
704,-682
703,-682
702,-682
701,-682
700,-682
699,-682
698,-682
697,-682
696,-682
695,-682
694,-682
693,-682
692,-682
691,-682
690,-682
689,-682
688,-682
687,-682
686,-682
685,-682
684,-682
683,-682
682,-682
681,-682
680,-682
679,-682
678,-681
677,-681
676,-681
675,-681
674,-681
673,-681
672,-681
671,-681
670,-681
669,-681
668,-681
667,-681
666,-681
665,-681
664,-681
663,-681
662,-682
661,-682
660,-683
659,-683
658,-683
657,-683
656,-683
655,-683
654,-683
653,-683
652,-683
651,-683
650,-683
649,-683
648,-683
647,-683
646,-683
645,-683
644,-683
643,-683
642,-683
641,-683
640,-683
639,-684
638,-684
637,-684
636,-684
635,-684
634,-684
633,-684
632,-684
631,-684
630,-685
629,-685
628,-685
627,-685
626,-685
625,-686
624,-686
623,-686
622,-686
621,-687
620,-688
619,-688
618,-688
617,-688
616,-688
615,-688
614,-689
613,-690
612,-690
611,-691
610,-691
609,-691
608,-691
607,-691
606,-691
605,-691
604,-692
603,-692
602,-693
601,-693
600,-693
599,-694
598,-695
597,-695
596,-695
595,-696
594,-696
593,-696
592,-696
591,-696
590,-697
589,-697
588,-698
587,-698
586,-698
585,-698
584,-699
583,-699
582,-699
581,-699
580,-700
579,-700
578,-700
577,-701
576,-701
575,-702
574,-702
573,-703
572,-703
571,-703
570,-704
569,-704
568,-705
567,-705
567,-706
566,-707
565,-707
564,-708
563,-708
562,-709
561,-709
560,-709
559,-710
558,-710
557,-710
556,-711
555,-711
554,-712
553,-712
552,-713
551,-714
550,-714
549,-715
548,-715
547,-715
547,-716
546,-717
545,-717
544,-718
543,-719
542,-719
541,-719
541,-720
540,-721
539,-721
538,-721
538,-722
537,-723
536,-723
535,-724
535,-725
534,-726
534,-727
533,-728
