542,-757
542,-758
542,-759
542,-760
542,-761
542,-762
542,-763
543,-763
544,-763
545,-763
546,-763
547,-764
548,-764
549,-764
550,-765
551,-766
552,-766
553,-766
554,-767
555,-767
556,-767
557,-768
558,-768
559,-768
560,-768
561,-768
562,-769
563,-770
564,-770
565,-770
566,-771
567,-771
568,-771
569,-771
570,-772
571,-772
572,-773
573,-773
574,-773
575,-774
576,-774
577,-775
578,-776
579,-776
580,-776
581,-776
582,-777
583,-777
584,-778
585,-779
586,-779
587,-779
588,-780
589,-780
590,-780
591,-780
592,-781
593,-781
594,-782
595,-782
596,-782
597,-783
598,-783
599,-784
600,-784
601,-784
602,-785
603,-786
604,-786
605,-786
606,-786
607,-786
608,-786
609,-785
610,-785
611,-785
612,-786
613,-787
614,-787
615,-788
616,-788
617,-788
618,-789
619,-789
620,-789
621,-789
622,-789
623,-789
624,-789
625,-790
626,-791
626,-792
626,-793
627,-794
628,-794
629,-794
630,-794
631,-794
632,-795
632,-796
633,-796
634,-796
635,-796
636,-797
637,-797
638,-797
639,-797
640,-797
641,-798
642,-798
643,-798
644,-798
645,-799
646,-800
647,-800
648,-800
649,-801
650,-802
651,-802
652,-802
653,-802
654,-802
655,-802
656,-802
657,-803
657,-804
658,-805
659,-805
660,-805
661,-805
662,-806
663,-806
664,-807
665,-807
666,-807
667,-808
667,-809
668,-809
669,-809
670,-809
671,-809
672,-809
673,-809
674,-810
675,-811
676,-811
677,-811
678,-811
679,-812
680,-812
681,-812
682,-813
683,-814
684,-814
685,-814
686,-814
687,-814
688,-814
689,-815
690,-815
691,-816
692,-816
693,-816
694,-816
695,-816
696,-816
697,-817
698,-817
699,-817
700,-817
701,-818
702,-818
703,-818
704,-818
705,-818
706,-818
707,-818
708,-818
709,-818
710,-819
711,-819
712,-819
713,-819
714,-819
715,-819
716,-819
717,-820
718,-820
719,-820
720,-820
721,-820
722,-820
723,-820
724,-820
725,-820
726,-820
727,-819
728,-819
729,-819
730,-819
731,-819
732,-819
733,-819
734,-819
735,-819
736,-819
737,-818
738,-818
739,-818
740,-818
741,-818
742,-818
743,-818
744,-818
745,-818
746,-818
747,-818
748,-817
749,-817
750,-817
751,-817
752,-816
753,-816
754,-815
755,-814
756,-814
757,-814
758,-814
759,-814
760,-814
760,-813
761,-812
762,-811
763,-811
764,-811
765,-810
766,-809
767,-809
768,-809
769,-809
769,-808
770,-807
771,-807
772,-806
773,-805
774,-805
775,-805
776,-805
777,-805
778,-804
779,-803
780,-803
781,-803
782,-803
783,-802
783,-801
784,-800
785,-800
786,-799
787,-799
788,-798
789,-797
790,-796
791,-795
792,-794
793,-794
794,-794
795,-793
796,-793
797,-793
798,-793
798,-792
799,-791
800,-791
801,-791
802,-790
803,-790
804,-789
804,-788
805,-787
806,-787
807,-787
808,-787
809,-786
810,-786
810,-785
811,-784
812,-784
813,-783
814,-783
815,-782
816,-782
817,-781
818,-781
819,-780
820,-780
821,-779
822,-778
823,-778
824,-777
825,-777
826,-777
827,-777
827,-776
827,-775
828,-774
829,-774
830,-773
831,-773
832,-773
833,-773
834,-773
835,-773
836,-773
837,-772
838,-771
839,-771
840,-771
841,-771
842,-771
843,-771
844,-770
845,-770
846,-770
847,-770
848,-770
849,-770
850,-770
851,-770
852,-770
853,-770
854,-770
855,-770
856,-770
857,-770
858,-770
859,-771
860,-771
861,-771
862,-771
863,-771
864,-771
865,-771
866,-772
867,-772
868,-772
869,-772
870,-772
871,-772
872,-772
873,-772
874,-772
875,-773
876,-773
877,-773
878,-773
879,-773
880,-773
881,-773
882,-773
883,-773
884,-774
884,-775
885,-775
886,-775
887,-776
888,-776
889,-777
890,-777
891,-777
892,-777
893,-777
894,-777
895,-777
896,-777
897,-777
898,-777
899,-778
899,-779
900,-779
901,-779
902,-780
903,-780
904,-780
905,-781
906,-781
907,-781
908,-781
909,-781
910,-781
911,-781
912,-782
913,-782
914,-782
915,-782
916,-782
917,-781
918,-781
919,-781
920,-782
920,-783
920,-784
921,-784
922,-784
923,-784
924,-784
925,-784
926,-784
927,-784
928,-784
929,-783
930,-783
931,-783
932,-783
933,-783
934,-783
935,-783
936,-784
937,-784
938,-784
939,-784
940,-784
941,-784
942,-784
943,-783
944,-783
945,-783
946,-783
947,-783
948,-782
949,-782
949,-781
949,-780
949,-779
949,-778
949,-777
949,-776
950,-775
950,-774
950,-773
951,-772
951,-771
951,-770
951,-769
952,-768
953,-767
954,-767
955,-767
955,-766
956,-765
957,-765
958,-765
959,-765
959,-764
959,-763
959,-762
959,-761
959,-760
958,-759
958,-758
957,-758
956,-758
955,-758
954,-758
954,-759
954,-760
954,-761
953,-762
952,-762
951,-762
950,-762
949,-762
948,-762
947,-763
946,-763
945,-763
944,-763
943,-763
942,-763
941,-763
940,-763
939,-763
938,-763
937,-763
936,-763
935,-763
934,-762
933,-762
932,-762
931,-762
930,-762
929,-762
928,-762
927,-762
926,-762
925,-762
924,-762
923,-762
922,-762
921,-762
920,-762
919,-762
918,-762
917,-762
916,-761
916,-760
916,-759
916,-758
916,-757
917,-756
918,-756
919,-756
920,-756
921,-756
922,-756
923,-756
924,-756
925,-756
926,-756
927,-756
927,-755
927,-754
927,-753
927,-752
927,-751
927,-750
926,-749
926,-748
926,-747
926,-746
926,-745
926,-744
926,-743
926,-742
925,-742
924,-742
923,-742
922,-742
921,-741
921,-740
921,-739
920,-739
919,-739
918,-739
917,-739
916,-739
915,-738
914,-738
913,-738
912,-738
911,-738
910,-738
909,-737
909,-736
908,-736
907,-736
906,-736
905,-736
904,-735
904,-734
903,-734
902,-734
901,-734
900,-734
899,-734
898,-734
897,-734
896,-734
895,-734
894,-734
893,-734
892,-733
891,-733
890,-732
889,-732
888,-732
887,-732
886,-732
885,-732
884,-731
883,-731
882,-731
881,-731
880,-731
879,-731
878,-731
877,-731
876,-731
875,-731
874,-730
873,-730
872,-730
871,-730
870,-730
869,-730
868,-730
867,-729
866,-729
865,-729
864,-729
863,-729
862,-728
861,-728
860,-728
859,-728
858,-728
857,-728
856,-727
855,-727
854,-727
853,-727
852,-727
851,-727
850,-726
849,-726
848,-725
847,-725
846,-725
845,-725
844,-724
843,-724
842,-724
841,-724
840,-723
839,-723
838,-722
837,-721
836,-721
835,-721
834,-720
833,-720
832,-719
831,-719
830,-718
829,-717
828,-717
827,-716
827,-715
826,-715
825,-714
824,-714
823,-713
822,-712
821,-712
820,-711
819,-710
818,-710
817,-709
816,-708
815,-708
814,-707
813,-707
812,-706
811,-705
810,-704
809,-703
808,-703
807,-702
806,-702
805,-702
804,-701
803,-701
802,-700
801,-699
800,-699
799,-698
798,-698
797,-697
796,-697
795,-696
794,-696
793,-696
792,-695
791,-694
790,-694
789,-694
788,-693
787,-693
786,-692
785,-692
784,-692
783,-691
782,-691
781,-690
780,-690
779,-690
778,-690
777,-690
776,-690
775,-689
774,-689
773,-688
772,-688
771,-688
770,-687
769,-687
768,-687
767,-687
766,-687
765,-686
764,-686
763,-686
762,-685
761,-685
760,-685
759,-685
758,-685
757,-685
756,-685
755,-685
754,-685
753,-685
752,-684
751,-684
750,-684
749,-684
748,-683
747,-683
746,-683
745,-683
744,-683
743,-683
742,-683
741,-683
740,-683
739,-683
738,-683
737,-683
736,-682
735,-682
734,-682
733,-682
732,-682
731,-682
730,-682
729,-682
728,-682
727,-682
726,-682
725,-682
724,-682
723,-682
722,-682
721,-682
720,-682
719,-682
718,-682
717,-682
716,-682
715,-682
714,-682
713,-682
712,-682
711,-682
710,-682
709,-682
708,-682
707,-682
706,-682
705,-682
704,-682
703,-682
702,-682
701,-682
700,-682
699,-682
698,-682
697,-683
696,-683
695,-683
694,-683
693,-684
692,-684
691,-684
690,-684
689,-684
688,-684
687,-684
686,-684
685,-684
684,-684
683,-685
682,-685
681,-685
680,-685
679,-686
678,-686
677,-686
676,-686
675,-686
674,-686
673,-686
672,-687
671,-687
670,-687
669,-688
668,-688
667,-688
666,-688
665,-689
664,-689
663,-689
662,-689
661,-689
660,-689
659,-690
658,-690
657,-690
656,-690
655,-691
654,-691
653,-691
652,-692
651,-692
650,-693
649,-693
648,-693
647,-694
646,-694
645,-694
644,-694
643,-695
642,-695
641,-695
640,-696
639,-697
638,-697
637,-698
636,-698
635,-698
634,-698
633,-698
632,-698
631,-699
630,-699
629,-700
628,-700
627,-701
626,-701
625,-702
624,-702
623,-702
622,-702
621,-703
620,-704
619,-704
618,-705
617,-705
616,-705
616,-706
615,-707
614,-707
613,-707
612,-707
611,-708
610,-709
609,-709
608,-710
607,-710
606,-710
605,-711
604,-711
603,-711
602,-712
601,-713
600,-714
599,-714
598,-714
597,-715
596,-716
595,-716
594,-716
593,-717
592,-718
591,-718
590,-719
589,-719
588,-720
587,-720
586,-721
585,-722
584,-722
583,-723
582,-723
581,-724
580,-724
579,-725
578,-725
577,-726
576,-727
575,-727
574,-728
573,-728
572,-729
571,-730
570,-730
569,-731
568,-731
567,-732
566,-733
565,-733
564,-734
563,-735
562,-735
561,-736
560,-737
559,-738
558,-738
557,-739
556,-740
555,-740
554,-741
553,-742
552,-743
551,-744
550,-745
549,-745
548,-746
547,-747
546,-748
545,-749
544,-750
544,-751
543,-752
543,-753
543,-754
543,-755
543,-756
542,-757
