546,-910
546,-911
546,-912
546,-913
546,-914
546,-915
546,-916
547,-917
548,-917
549,-917
550,-917
551,-917
552,-917
553,-917
554,-917
555,-917
556,-917
557,-917
558,-917
559,-917
560,-916
561,-915
562,-915
563,-914
564,-914
565,-913
566,-913
567,-912
568,-912
569,-912
570,-912
571,-912
572,-912
573,-912
574,-912
575,-912
576,-912
577,-912
578,-912
579,-912
580,-912
581,-912
582,-911
583,-911
584,-911
585,-911
586,-910
587,-910
588,-909
589,-909
590,-908
591,-907
592,-907
593,-906
594,-905
595,-905
596,-904
597,-903
598,-903
599,-902
600,-901
601,-900
602,-900
603,-899
604,-898
605,-897
606,-897
606,-896
607,-895
608,-895
609,-894
610,-893
610,-892
611,-891
612,-890
613,-889
614,-889
615,-888
616,-887
617,-886
618,-885
619,-884
620,-883
621,-883
622,-882
622,-881
623,-880
624,-880
625,-879
626,-878
627,-877
628,-876
629,-875
630,-875
630,-874
631,-873
632,-873
632,-872
633,-871
634,-871
635,-870
636,-869
637,-869
637,-868
638,-867
639,-867
639,-866
640,-865
641,-865
642,-864
643,-864
644,-864
645,-863
645,-862
646,-861
647,-861
648,-860
649,-860
649,-859
650,-858
651,-857
652,-857
653,-856
654,-855
655,-854
656,-854
657,-853
658,-852
659,-851
660,-851
660,-850
661,-849
662,-849
663,-848
664,-847
665,-846
666,-845
667,-845
668,-844
669,-844
670,-844
671,-843
672,-842
673,-842
674,-841
675,-841
676,-840
677,-839
678,-839
679,-839
680,-838
681,-838
682,-838
683,-837
684,-837
685,-836
686,-836
687,-836
688,-835
689,-835
690,-835
691,-834
692,-834
693,-834
694,-834
695,-833
696,-833
697,-833
698,-833
699,-832
700,-832
701,-831
702,-831
703,-831
704,-831
705,-830
706,-830
707,-830
708,-830
709,-830
710,-829
711,-829
712,-829
713,-829
714,-828
715,-828
716,-828
717,-828
718,-827
719,-827
720,-827
721,-827
722,-827
723,-826
724,-826
725,-825
726,-825
727,-825
728,-824
729,-824
730,-823
731,-823
732,-823
733,-822
734,-822
735,-822
736,-821
737,-821
738,-821
739,-820
740,-820
741,-820
742,-820
743,-819
744,-819
745,-818
746,-818
747,-818
748,-817
749,-817
750,-816
751,-816
752,-816
753,-815
754,-815
755,-815
756,-814
757,-814
758,-813
759,-813
760,-813
761,-812
762,-812
763,-811
764,-811
765,-811
766,-810
767,-810
768,-809
769,-809
770,-808
771,-808
772,-807
773,-807
774,-807
775,-806
776,-806
777,-805
778,-805
779,-804
780,-804
780,-803
781,-802
782,-802
783,-802
784,-801
785,-800
786,-799
787,-799
788,-799
789,-798
790,-798
790,-797
791,-796
792,-795
793,-795
794,-795
794,-794
795,-793
796,-793
797,-793
798,-793
799,-792
800,-792
800,-791
801,-790
802,-789
803,-788
804,-788
805,-787
806,-787
807,-787
807,-786
808,-785
809,-784
810,-783
811,-783
812,-783
813,-783
814,-782
814,-781
815,-780
816,-780
817,-779
818,-778
819,-777
820,-776
821,-776
822,-775
823,-774
824,-774
825,-773
826,-772
827,-772
828,-771
828,-770
829,-769
830,-769
830,-768
831,-767
832,-766
833,-766
834,-765
835,-764
836,-763
837,-762
838,-761
839,-761
840,-760
841,-759
842,-758
843,-758
844,-758
844,-757
844,-756
844,-755
845,-754
846,-754
847,-753
848,-753
848,-752
849,-751
850,-750
851,-749
852,-748
853,-747
854,-746
855,-745
856,-744
857,-744
857,-743
857,-742
858,-741
859,-740
860,-740
860,-739
861,-738
862,-738
862,-737
863,-736
864,-735
865,-734
866,-733
867,-732
867,-731
868,-730
869,-730
869,-729
870,-728
871,-727
871,-726
872,-725
873,-724
874,-723
875,-722
876,-722
876,-721
876,-720
877,-719
877,-718
878,-717
879,-717
879,-716
880,-715
881,-715
881,-714
881,-713
882,-712
883,-712
883,-711
884,-710
884,-709
885,-708
885,-707
886,-706
887,-706
887,-705
887,-704
888,-703
889,-702
889,-701
890,-700
891,-699
891,-698
892,-697
893,-696
893,-695
894,-694
894,-693
895,-692
896,-691
896,-690
897,-689
898,-688
898,-687
899,-686
900,-685
901,-684
901,-683
901,-682
902,-681
903,-681
904,-680
904,-679
904,-678
905,-677
905,-676
906,-675
906,-674
907,-673
908,-672
908,-671
909,-670
909,-669
910,-668
911,-668
911,-667
911,-666
911,-665
912,-664
913,-663
914,-662
914,-661
915,-660
915,-659
915,-658
916,-657
917,-656
918,-656
918,-655
919,-654
919,-653
919,-652
920,-651
921,-650
921,-649
922,-648
922,-647
923,-646
923,-645
924,-644
925,-643
925,-642
926,-641
926,-640
927,-639
928,-638
929,-637
929,-636
930,-635
931,-634
931,-633
932,-632
933,-632
933,-631
934,-630
934,-629
935,-628
936,-627
937,-626
937,-625
937,-624
938,-623
939,-622
940,-621
941,-621
941,-620
941,-619
942,-618
943,-618
944,-617
945,-617
946,-616
946,-615
947,-614
948,-614
949,-614
949,-613
949,-612
950,-611
951,-611
952,-611
952,-610
952,-609
953,-608
954,-608
954,-607
954,-606
954,-605
955,-604
956,-604
956,-603
956,-602
956,-601
956,-600
956,-599
956,-598
956,-597
956,-596
956,-595
956,-594
956,-593
956,-592
956,-591
956,-590
956,-589
956,-588
956,-587
955,-586
954,-586
953,-586
952,-586
951,-585
950,-585
949,-585
948,-585
947,-585
946,-585
945,-585
944,-585
943,-585
942,-585
941,-585
940,-585
939,-586
938,-586
937,-586
936,-586
935,-586
934,-587
933,-587
932,-587
931,-587
930,-587
929,-587
928,-587
927,-588
926,-588
925,-588
924,-588
923,-588
922,-588
921,-588
920,-589
919,-589
918,-589
917,-589
916,-589
915,-589
914,-590
913,-590
912,-590
911,-590
910,-590
909,-590
908,-591
907,-591
906,-591
905,-591
904,-591
903,-591
902,-592
901,-592
900,-592
899,-592
898,-592
897,-592
896,-593
895,-593
894,-593
893,-593
892,-593
891,-593
890,-594
889,-594
888,-594
887,-594
886,-594
885,-594
884,-594
883,-595
882,-595
881,-595
880,-595
879,-595
878,-595
877,-596
876,-596
875,-596
874,-596
873,-596
872,-596
871,-597
870,-597
869,-597
868,-597
867,-597
866,-598
865,-598
864,-598
863,-598
862,-598
861,-598
860,-599
859,-599
858,-599
857,-599
856,-599
855,-600
854,-600
853,-600
852,-600
851,-601
850,-601
849,-601
848,-602
847,-602
846,-602
845,-603
844,-603
843,-603
842,-604
841,-604
840,-604
839,-605
838,-605
837,-605
836,-605
835,-606
834,-606
833,-607
832,-607
831,-607
830,-608
829,-608
828,-609
827,-609
826,-610
825,-610
824,-610
823,-611
822,-611
821,-611
820,-612
819,-612
818,-613
817,-614
816,-614
815,-614
814,-615
813,-615
812,-616
811,-616
810,-617
809,-617
808,-618
807,-618
806,-618
805,-618
804,-619
803,-619
802,-619
801,-620
800,-620
799,-620
798,-621
797,-621
796,-622
795,-622
794,-622
793,-622
792,-623
791,-623
790,-623
789,-623
788,-624
787,-624
786,-625
785,-625
784,-625
783,-626
782,-626
781,-627
780,-627
779,-627
778,-628
777,-628
776,-629
775,-629
774,-630
773,-630
772,-631
771,-631
770,-632
769,-632
768,-633
767,-634
766,-634
765,-634
764,-635
763,-635
762,-636
761,-637
760,-637
759,-638
758,-638
757,-639
756,-639
755,-640
754,-641
753,-642
752,-642
751,-643
750,-643
749,-644
748,-645
747,-645
746,-646
745,-646
744,-647
743,-648
742,-649
741,-649
740,-650
739,-651
738,-652
737,-652
736,-653
735,-654
734,-654
733,-655
732,-656
731,-657
730,-658
729,-658
728,-659
727,-660
726,-661
725,-662
724,-663
723,-664
722,-665
721,-666
720,-667
719,-668
718,-669
717,-670
716,-671
715,-672
714,-673
713,-674
712,-675
711,-676
711,-677
710,-678
709,-678
708,-679
707,-680
707,-681
706,-682
705,-682
704,-683
704,-684
703,-685
702,-686
701,-687
700,-688
700,-689
699,-690
698,-691
697,-692
697,-693
696,-694
695,-695
694,-696
693,-697
692,-698
691,-699
691,-700
691,-701
690,-702
689,-702
688,-703
688,-704
688,-705
687,-706
686,-706
686,-707
685,-708
684,-709
684,-710
683,-711
683,-712
682,-713
681,-714
680,-715
680,-716
679,-717
678,-718
678,-719
677,-720
676,-721
676,-722
675,-723
675,-724
674,-725
673,-726
673,-727
672,-728
672,-729
671,-730
671,-731
670,-732
670,-733
669,-734
668,-735
668,-736
667,-737
667,-738
667,-739
666,-740
666,-741
665,-742
665,-743
664,-744
664,-745
663,-746
662,-747
662,-748
662,-749
661,-750
661,-751
661,-752
660,-753
660,-754
659,-755
659,-756
659,-757
658,-758
658,-759
657,-760
657,-761
657,-762
656,-763
656,-764
655,-765
655,-766
655,-767
655,-768
654,-769
654,-770
654,-771
653,-772
653,-773
653,-774
653,-775
652,-776
652,-777
652,-778
651,-779
651,-780
651,-781
650,-782
650,-783
650,-784
650,-785
649,-786
649,-787
648,-788
648,-789
647,-790
647,-791
647,-792
646,-793
646,-794
645,-795
644,-796
643,-797
643,-798
642,-799
641,-800
641,-801
640,-802
639,-803
639,-804
638,-805
637,-806
637,-807
636,-808
635,-809
634,-810
633,-811
632,-812
631,-813
631,-814
630,-815
629,-815
628,-816
627,-817
626,-818
625,-819
624,-820
623,-821
622,-822
621,-823
620,-824
619,-825
618,-826
617,-827
616,-828
615,-829
614,-830
613,-830
612,-831
611,-831
610,-832
610,-833
609,-834
608,-834
608,-835
607,-836
606,-836
605,-837
604,-838
603,-839
603,-840
602,-841
601,-841
600,-842
599,-843
598,-843
597,-844
596,-845
595,-846
594,-847
593,-847
592,-848
591,-849
590,-849
590,-850
589,-851
588,-851
587,-852
586,-853
585,-854
585,-855
584,-856
583,-856
583,-857
582,-858
581,-858
580,-859
579,-860
579,-861
578,-862
577,-862
576,-863
576,-864
575,-865
574,-866
573,-867
572,-868
571,-869
570,-870
569,-871
568,-872
568,-873
567,-874
567,-875
567,-876
567,-877
567,-878
567,-879
566,-880
565,-880
564,-880
563,-880
562,-880
561,-880
560,-880
560,-881
560,-882
559,-883
559,-884
558,-885
558,-886
558,-887
558,-888
558,-889
559,-889
560,-889
561,-889
562,-889
563,-890
563,-891
563,-892
563,-893
562,-894
561,-894
561,-895
561,-896
561,-897
560,-898
559,-899
558,-900
557,-901
556,-901
555,-902
554,-903
554,-904
554,-905
553,-906
552,-907
551,-907
550,-907
549,-907
548,-908
547,-909
546,-910
