514,-740
514,-741
514,-742
514,-743
514,-744
515,-744
516,-744
517,-744
518,-744
519,-743
520,-743
521,-743
522,-743
523,-743
524,-743
525,-743
526,-744
527,-744
528,-745
529,-745
530,-746
531,-746
532,-746
533,-747
534,-747
535,-747
536,-748
536,-749
537,-750
538,-750
539,-751
539,-752
540,-752
541,-752
542,-753
543,-753
544,-754
545,-754
546,-755
547,-756
548,-756
549,-757
550,-757
551,-758
552,-759
553,-760
554,-760
555,-760
556,-761
557,-761
558,-761
559,-762
560,-762
561,-763
562,-763
563,-764
564,-765
565,-766
566,-766
567,-766
568,-766
569,-767
570,-767
571,-768
572,-768
573,-769
574,-769
575,-770
576,-770
577,-770
578,-770
579,-770
580,-770
581,-771
582,-772
583,-772
584,-772
585,-773
586,-774
587,-774
588,-775
589,-775
590,-776
591,-777
592,-778
592,-779
593,-779
594,-780
595,-780
596,-780
597,-780
598,-781
598,-782
598,-783
599,-783
600,-783
601,-783
602,-783
603,-784
603,-785
604,-786
604,-787
605,-787
606,-787
607,-788
608,-789
609,-789
610,-789
611,-790
611,-791
612,-791
613,-792
614,-793
614,-794
615,-794
616,-795
616,-796
616,-797
617,-798
618,-799
618,-800
619,-800
620,-800
621,-800
622,-801
623,-802
623,-803
623,-804
624,-804
625,-805
625,-806
625,-807
626,-807
627,-808
628,-808
629,-808
630,-809
631,-809
632,-809
633,-809
634,-809
635,-809
636,-809
637,-809
638,-809
639,-809
640,-810
641,-810
642,-810
643,-811
643,-812
644,-812
645,-812
646,-813
646,-814
646,-815
647,-815
648,-815
649,-816
649,-817
650,-818
651,-819
651,-820
652,-820
653,-821
653,-822
654,-822
655,-822
656,-822
657,-822
658,-822
659,-822
660,-822
661,-822
662,-822
663,-823
663,-824
663,-825
663,-826
664,-826
665,-826
666,-826
667,-826
668,-826
669,-826
670,-826
671,-826
672,-826
673,-826
674,-826
675,-827
676,-827
677,-827
678,-827
679,-828
680,-828
681,-828
682,-828
683,-829
684,-830
685,-830
686,-831
687,-831
688,-831
689,-831
690,-831
691,-831
692,-831
693,-831
694,-831
695,-832
696,-832
697,-832
698,-833
698,-834
699,-834
700,-834
701,-834
702,-834
703,-834
704,-835
705,-835
706,-835
707,-835
708,-835
709,-835
710,-835
711,-834
712,-834
713,-834
714,-834
715,-834
716,-833
717,-833
718,-833
719,-832
720,-832
721,-832
722,-832
723,-832
724,-831
725,-831
726,-831
727,-831
728,-830
729,-830
730,-830
731,-830
732,-829
733,-829
734,-829
735,-829
736,-829
737,-828
738,-828
739,-828
740,-828
741,-827
742,-827
743,-827
744,-827
745,-828
745,-829
745,-830
745,-831
745,-832
745,-833
745,-834
745,-835
745,-836
746,-837
747,-837
748,-837
749,-837
750,-837
751,-836
752,-836
753,-836
754,-836
755,-835
756,-835
757,-835
758,-835
759,-835
760,-835
761,-834
762,-834
763,-834
764,-834
765,-834
766,-835
767,-835
768,-835
769,-835
770,-835
771,-835
772,-835
773,-835
774,-834
775,-834
776,-834
777,-834
778,-834
779,-834
780,-834
781,-833
782,-833
783,-833
784,-832
785,-832
786,-832
787,-832
788,-832
789,-832
789,-831
790,-830
791,-830
792,-830
793,-830
794,-830
795,-830
796,-830
797,-829
798,-829
798,-828
798,-827
798,-826
799,-825
800,-825
801,-824
802,-824
803,-824
804,-824
805,-824
806,-823
807,-823
808,-822
809,-822
810,-822
811,-822
812,-822
812,-821
812,-820
813,-819
814,-819
815,-819
816,-819
817,-819
818,-818
819,-818
820,-818
821,-817
822,-816
823,-816
824,-816
825,-816
826,-815
827,-815
828,-814
829,-814
830,-813
831,-812
832,-812
833,-812
833,-811
833,-810
833,-809
833,-808
833,-807
832,-806
832,-805
832,-804
833,-803
834,-803
835,-803
836,-803
837,-802
838,-802
839,-802
840,-801
841,-801
842,-801
843,-800
844,-800
845,-800
846,-799
847,-799
848,-799
849,-799
850,-800
850,-801
850,-802
850,-803
850,-804
850,-805
851,-805
852,-806
853,-806
854,-806
855,-806
856,-806
857,-806
858,-805
859,-805
860,-805
861,-805
862,-805
863,-804
864,-804
865,-804
866,-804
867,-804
868,-804
869,-804
870,-804
871,-804
872,-803
873,-803
874,-802
875,-802
876,-802
877,-802
878,-801
879,-801
880,-801
881,-800
882,-800
883,-800
884,-800
885,-800
886,-801
886,-802
886,-803
886,-804
887,-805
888,-805
889,-805
890,-805
891,-805
892,-805
893,-804
894,-804
895,-803
896,-803
897,-803
898,-803
899,-803
900,-803
901,-803
902,-802
903,-802
904,-802
905,-802
906,-803
907,-803
908,-803
909,-803
910,-803
911,-803
912,-803
913,-803
914,-803
915,-803
916,-803
917,-804
918,-804
919,-804
920,-804
921,-804
922,-804
923,-804
924,-804
925,-804
926,-803
927,-803
928,-803
929,-803
930,-802
931,-801
932,-801
933,-801
934,-801
935,-801
936,-801
937,-800
938,-800
939,-800
940,-800
941,-800
942,-800
943,-800
944,-800
945,-799
946,-799
947,-799
948,-799
949,-799
950,-799
951,-799
952,-798
953,-798
954,-798
955,-798
956,-798
957,-798
958,-798
959,-798
960,-798
961,-797
962,-796
963,-796
964,-796
965,-796
966,-796
967,-796
968,-795
969,-795
970,-794
971,-794
972,-793
973,-793
974,-792
975,-792
976,-792
977,-792
978,-792
978,-791
979,-790
980,-790
981,-790
982,-790
982,-789
983,-788
984,-787
985,-787
986,-787
987,-786
987,-785
988,-784
988,-783
988,-782
988,-781
988,-780
988,-779
988,-778
988,-777
987,-777
986,-776
986,-775
986,-774
986,-773
986,-772
985,-771
985,-770
985,-769
985,-768
985,-767
985,-766
985,-765
985,-764
985,-763
984,-762
983,-762
982,-762
981,-762
980,-761
980,-760
980,-759
980,-758
979,-758
978,-758
977,-758
976,-758
975,-758
974,-758
973,-758
972,-758
971,-758
970,-758
969,-758
968,-758
967,-759
966,-759
965,-759
964,-759
963,-759
962,-759
961,-759
960,-760
959,-760
958,-760
957,-760
956,-760
955,-760
954,-760
953,-760
952,-760
951,-760
950,-760
949,-760
948,-760
947,-760
946,-760
945,-761
944,-761
943,-761
942,-761
941,-760
940,-760
939,-760
938,-760
937,-760
936,-759
935,-759
934,-759
933,-759
932,-759
931,-759
930,-759
929,-759
928,-759
927,-759
926,-759
925,-758
925,-757
925,-756
926,-755
927,-755
928,-755
929,-755
930,-755
931,-755
932,-755
933,-755
934,-755
935,-755
936,-755
937,-755
938,-755
939,-755
940,-755
941,-754
942,-754
943,-754
943,-753
943,-752
943,-751
943,-750
943,-749
943,-748
943,-747
943,-746
942,-746
941,-745
941,-744
941,-743
940,-743
939,-743
938,-742
937,-742
936,-741
935,-741
934,-741
933,-741
932,-741
931,-741
930,-741
929,-741
928,-741
927,-741
926,-741
925,-740
924,-740
923,-740
922,-740
921,-740
920,-739
919,-739
918,-739
917,-739
916,-739
915,-739
914,-738
913,-738
912,-738
911,-737
910,-737
909,-737
908,-737
907,-737
906,-736
905,-736
904,-736
903,-736
902,-736
901,-735
900,-735
899,-735
898,-735
897,-735
896,-735
895,-735
894,-735
893,-735
892,-735
891,-735
890,-735
889,-735
888,-734
887,-734
886,-734
885,-734
884,-734
883,-734
882,-733
881,-733
880,-733
879,-733
878,-733
877,-733
876,-733
875,-734
874,-735
873,-735
872,-735
871,-736
870,-736
869,-737
868,-737
867,-737
866,-737
865,-737
864,-737
863,-738
862,-738
861,-738
860,-738
859,-738
858,-738
857,-738
856,-738
856,-739
855,-740
854,-740
853,-740
852,-740
851,-740
850,-740
849,-741
848,-741
847,-742
846,-742
845,-743
844,-743
843,-744
842,-744
841,-744
840,-744
839,-745
838,-745
837,-745
836,-746
835,-746
834,-746
833,-746
832,-746
831,-746
830,-746
829,-745
828,-744
828,-743
828,-742
828,-741
828,-740
829,-739
830,-739
831,-739
832,-739
833,-738
833,-737
834,-736
835,-735
836,-735
836,-734
836,-733
837,-732
838,-732
839,-732
840,-732
841,-732
841,-731
841,-730
841,-729
841,-728
841,-727
842,-726
842,-725
843,-724
843,-723
844,-722
845,-721
845,-720
845,-719
845,-718
845,-717
844,-716
843,-716
842,-715
842,-714
841,-713
840,-712
839,-712
838,-711
838,-710
837,-710
836,-709
835,-708
834,-707
833,-706
832,-706
831,-705
830,-704
829,-703
828,-702
827,-701
826,-701
825,-701
824,-700
823,-699
822,-698
821,-697
820,-697
819,-696
818,-695
817,-694
816,-694
815,-694
814,-693
813,-693
812,-693
811,-692
810,-691
810,-690
809,-689
808,-688
807,-688
806,-687
805,-687
804,-686
803,-685
802,-685
801,-684
800,-684
799,-683
798,-683
797,-682
796,-682
795,-682
794,-681
793,-681
792,-681
791,-680
790,-680
789,-680
788,-679
787,-679
786,-678
785,-677
784,-677
783,-676
782,-676
781,-676
780,-675
779,-675
778,-675
777,-675
776,-674
775,-673
774,-673
773,-673
772,-672
771,-672
770,-672
769,-672
768,-672
767,-671
766,-671
765,-671
764,-671
763,-671
762,-670
761,-670
760,-670
759,-669
758,-669
757,-669
756,-669
755,-668
754,-668
753,-668
752,-668
751,-668
750,-667
749,-667
748,-667
747,-667
746,-667
745,-667
744,-667
743,-666
742,-666
741,-666
740,-666
739,-666
738,-665
737,-665
736,-665
735,-665
734,-665
733,-665
732,-665
731,-665
730,-664
729,-664
728,-664
727,-664
726,-664
725,-664
724,-664
723,-664
722,-664
721,-664
720,-664
719,-664
718,-664
717,-664
716,-664
715,-664
714,-664
713,-664
712,-664
711,-664
710,-664
709,-664
708,-664
707,-664
706,-664
705,-664
704,-664
703,-664
702,-664
701,-664
700,-664
699,-664
698,-664
697,-664
696,-664
695,-664
694,-664
693,-664
692,-664
691,-664
690,-664
689,-664
688,-664
687,-665
686,-665
685,-665
684,-665
683,-665
682,-665
681,-665
680,-665
679,-665
678,-665
677,-665
676,-665
675,-665
674,-665
673,-665
672,-666
671,-666
670,-666
669,-666
668,-667
667,-667
666,-667
665,-667
664,-667
663,-667
662,-668
661,-668
660,-668
659,-668
658,-668
657,-668
656,-669
655,-669
654,-669
653,-669
652,-669
651,-670
650,-670
649,-670
648,-670
647,-671
646,-671
645,-671
644,-671
643,-671
642,-672
641,-672
640,-672
639,-672
638,-672
637,-673
636,-673
635,-673
634,-674
633,-674
632,-674
631,-674
630,-675
629,-675
628,-675
627,-676
626,-676
625,-676
624,-677
623,-677
622,-677
621,-677
620,-678
619,-678
618,-679
617,-679
616,-679
615,-680
614,-680
613,-680
612,-681
611,-681
610,-682
609,-682
608,-682
607,-683
606,-683
605,-683
604,-684
603,-684
602,-684
601,-685
600,-685
599,-686
598,-686
597,-686
596,-687
595,-687
594,-687
593,-688
592,-688
591,-688
590,-689
589,-689
588,-690
587,-690
586,-691
585,-692
584,-692
583,-692
582,-693
581,-693
580,-694
579,-695
578,-695
577,-695
576,-696
575,-696
574,-697
573,-697
572,-698
571,-698
570,-698
569,-699
568,-699
567,-700
566,-700
565,-701
564,-701
563,-701
562,-702
561,-702
560,-703
559,-703
558,-704
557,-704
556,-705
555,-705
554,-706
553,-706
552,-707
551,-707
550,-708
549,-708
548,-709
547,-709
546,-710
545,-710
544,-711
543,-711
542,-712
541,-712
540,-712
539,-713
538,-714
537,-714
536,-715
535,-715
534,-716
533,-716
532,-717
531,-717
530,-718
529,-718
528,-719
527,-719
526,-720
525,-721
524,-722
523,-722
522,-723
521,-724
520,-724
520,-725
519,-726
518,-726
518,-727
518,-728
518,-729
518,-730
518,-731
518,-732
518,-733
517,-734
517,-735
517,-736
516,-737
515,-737
515,-738
515,-739
514,-740
