569,-757
569,-758
569,-759
569,-760
569,-761
570,-761
571,-762
571,-763
571,-764
572,-764
573,-765
574,-765
575,-765
576,-765
577,-766
577,-767
577,-768
578,-768
579,-768
580,-769
580,-770
581,-770
582,-771
583,-771
584,-772
585,-772
586,-773
587,-774
588,-774
589,-775
589,-776
590,-776
591,-776
592,-777
593,-778
594,-779
595,-779
596,-780
597,-781
598,-782
599,-782
600,-782
601,-783
602,-784
602,-785
603,-786
604,-786
605,-787
606,-787
607,-788
608,-788
609,-788
610,-789
611,-789
612,-789
613,-790
613,-791
613,-792
614,-792
615,-792
616,-792
617,-793
617,-794
618,-795
619,-795
620,-795
621,-796
621,-797
622,-798
622,-799
623,-799
624,-799
625,-799
626,-799
627,-800
628,-800
629,-801
630,-802
630,-803
630,-804
630,-805
631,-805
632,-805
633,-805
634,-806
634,-807
635,-807
636,-807
637,-807
638,-808
638,-809
639,-809
640,-809
641,-810
642,-810
643,-811
643,-812
644,-812
645,-812
646,-813
646,-814
647,-815
648,-815
649,-815
650,-815
651,-815
652,-816
653,-817
654,-818
654,-819
655,-819
656,-819
657,-820
658,-820
659,-820
660,-820
661,-820
662,-821
663,-822
663,-823
664,-823
665,-823
666,-824
667,-824
668,-824
669,-825
670,-826
671,-826
672,-826
673,-827
674,-827
675,-828
676,-828
677,-828
678,-828
679,-829
680,-830
681,-830
682,-831
683,-831
684,-832
685,-832
686,-832
687,-832
688,-833
689,-834
690,-834
691,-834
692,-834
693,-834
694,-834
695,-835
696,-835
697,-836
698,-836
699,-836
700,-836
701,-836
702,-837
703,-837
704,-837
705,-837
706,-837
707,-837
708,-837
709,-837
710,-837
711,-837
712,-837
713,-838
714,-839
715,-839
716,-839
717,-839
718,-839
719,-839
720,-839
721,-839
722,-839
723,-839
724,-840
725,-840
726,-840
727,-840
728,-840
729,-841
730,-841
731,-841
732,-841
733,-841
734,-841
735,-841
736,-842
737,-843
738,-843
739,-843
740,-843
741,-843
742,-843
743,-843
744,-843
745,-844
746,-845
747,-845
748,-845
749,-846
750,-847
751,-847
752,-847
753,-847
754,-847
755,-847
756,-847
757,-847
758,-846
759,-846
760,-846
761,-846
762,-846
763,-846
764,-846
765,-846
766,-846
767,-846
768,-846
769,-846
770,-846
771,-846
772,-846
773,-846
774,-846
775,-846
776,-846
777,-845
778,-845
779,-845
780,-845
781,-845
782,-845
783,-845
784,-845
785,-845
785,-844
786,-843
787,-843
788,-842
789,-842
790,-842
791,-842
792,-841
793,-841
794,-841
795,-841
796,-841
797,-840
798,-840
799,-839
800,-839
801,-839
802,-839
803,-839
804,-838
805,-838
806,-837
807,-837
808,-837
809,-836
810,-835
811,-835
812,-835
813,-834
814,-834
815,-834
816,-833
817,-833
818,-833
819,-832
819,-831
820,-830
821,-830
822,-829
823,-828
824,-828
825,-828
826,-828
827,-827
828,-826
829,-825
830,-825
831,-825
832,-825
833,-825
834,-824
835,-824
835,-823
836,-822
837,-822
838,-822
838,-821
839,-820
840,-820
841,-819
842,-819
843,-819
843,-818
844,-817
845,-817
846,-816
847,-816
848,-815
849,-814
850,-813
851,-813
852,-812
853,-811
854,-811
855,-810
856,-810
856,-809
856,-808
857,-807
858,-807
859,-807
860,-806
861,-806
861,-805
862,-804
863,-804
863,-803
864,-802
865,-802
866,-801
867,-801
867,-800
867,-799
868,-798
869,-798
869,-797
870,-796
871,-796
872,-795
873,-794
874,-793
875,-792
876,-792
877,-791
878,-791
878,-790
878,-789
879,-788
880,-787
881,-787
882,-786
883,-785
884,-784
885,-784
886,-783
887,-782
888,-781
889,-780
890,-779
891,-779
892,-778
893,-778
894,-777
895,-776
896,-776
897,-775
898,-775
899,-774
900,-774
901,-774
902,-774
903,-774
904,-773
905,-772
906,-772
907,-772
908,-771
909,-770
910,-770
911,-770
912,-770
913,-770
914,-770
915,-770
916,-770
917,-770
918,-770
919,-770
920,-770
921,-770
922,-770
923,-770
924,-770
925,-769
926,-769
927,-769
928,-769
929,-769
930,-769
931,-769
932,-769
933,-769
933,-768
933,-767
933,-766
933,-765
933,-764
933,-763
933,-762
933,-761
933,-760
933,-759
933,-758
933,-757
933,-756
933,-755
933,-754
933,-753
933,-752
933,-751
933,-750
932,-749
932,-748
932,-747
932,-746
932,-745
932,-744
932,-743
932,-742
932,-741
932,-740
932,-739
932,-738
932,-737
932,-736
932,-735
932,-734
932,-733
932,-732
932,-731
932,-730
932,-729
932,-728
933,-727
933,-726
933,-725
933,-724
933,-723
932,-723
931,-722
930,-722
929,-721
928,-721
927,-721
926,-721
925,-720
924,-720
923,-720
922,-720
921,-719
920,-719
919,-719
918,-719
917,-718
916,-718
915,-718
914,-718
913,-717
912,-716
911,-716
910,-716
909,-716
908,-715
907,-715
906,-714
905,-714
904,-713
903,-713
902,-713
901,-712
900,-711
899,-711
898,-710
897,-710
896,-709
895,-708
894,-708
893,-707
892,-706
891,-706
890,-705
889,-704
888,-704
887,-703
886,-702
885,-701
884,-701
883,-700
883,-699
882,-699
881,-698
880,-697
879,-696
878,-695
877,-694
876,-693
875,-692
874,-692
873,-691
872,-690
871,-689
870,-688
869,-688
868,-687
867,-686
866,-685
865,-685
864,-684
863,-683
862,-682
861,-682
860,-681
859,-681
858,-680
857,-680
856,-679
855,-678
854,-678
853,-677
852,-676
851,-675
850,-675
849,-674
848,-674
847,-673
846,-673
845,-672
844,-672
843,-672
842,-671
841,-671
840,-670
839,-670
838,-669
837,-669
836,-669
835,-668
834,-668
833,-668
832,-667
831,-667
830,-666
829,-666
828,-665
827,-665
826,-665
825,-665
824,-664
823,-664
822,-664
821,-663
820,-663
819,-662
818,-662
817,-661
816,-661
815,-661
814,-660
813,-660
812,-660
811,-660
810,-660
809,-659
808,-659
807,-659
806,-659
805,-658
804,-658
803,-658
802,-658
801,-658
800,-658
799,-657
798,-657
797,-657
796,-657
795,-656
794,-656
793,-656
792,-656
791,-656
790,-655
789,-655
788,-655
787,-655
786,-655
785,-655
784,-655
783,-655
782,-655
781,-655
780,-655
779,-655
778,-655
777,-654
776,-654
775,-654
774,-654
773,-654
772,-654
771,-654
770,-654
769,-654
768,-654
767,-654
766,-654
765,-654
764,-654
763,-654
762,-654
761,-654
760,-654
759,-654
758,-654
757,-654
756,-654
755,-654
754,-654
753,-654
752,-654
751,-654
750,-654
749,-655
748,-655
747,-656
746,-656
745,-656
744,-656
743,-656
742,-656
741,-656
740,-656
739,-656
738,-656
737,-656
736,-656
735,-656
734,-657
733,-657
732,-657
731,-657
730,-657
729,-658
728,-658
727,-658
726,-658
725,-659
724,-659
723,-659
722,-659
721,-659
720,-659
719,-660
718,-660
717,-660
716,-660
715,-661
714,-661
713,-661
712,-661
711,-661
710,-661
709,-661
708,-661
707,-661
706,-661
705,-662
704,-662
703,-662
702,-662
701,-663
700,-663
699,-663
698,-663
697,-664
696,-664
695,-664
694,-665
693,-665
692,-665
691,-666
690,-666
689,-666
688,-666
687,-667
686,-667
685,-668
684,-668
683,-669
682,-669
681,-669
680,-669
679,-670
678,-670
677,-671
676,-671
675,-671
674,-672
673,-672
672,-672
671,-672
670,-673
669,-673
668,-673
667,-673
666,-674
665,-674
664,-675
663,-676
662,-677
661,-677
660,-677
659,-678
658,-678
657,-679
656,-679
655,-680
654,-680
653,-681
652,-681
651,-681
650,-682
649,-682
648,-683
647,-684
646,-684
645,-685
644,-685
643,-685
643,-686
642,-687
641,-687
640,-687
639,-688
638,-688
637,-689
636,-689
635,-690
634,-690
633,-691
632,-692
631,-693
630,-694
629,-694
628,-695
627,-696
626,-696
625,-697
624,-697
623,-698
622,-698
621,-699
620,-700
619,-700
618,-701
617,-702
616,-702
615,-703
614,-704
613,-705
612,-706
611,-707
610,-708
609,-708
608,-708
607,-709
606,-709
606,-710
605,-711
604,-711
603,-712
603,-713
602,-714
601,-714
600,-715
599,-716
598,-717
597,-718
596,-719
595,-720
594,-720
594,-721
593,-722
592,-723
591,-724
590,-724
590,-725
589,-726
588,-726
588,-727
587,-728
586,-728
585,-729
584,-730
583,-731
582,-732
581,-733
580,-734
579,-735
578,-736
578,-737
577,-738
576,-739
575,-740
574,-741
574,-742
574,-743
573,-744
573,-745
572,-746
572,-747
572,-748
572,-749
572,-750
572,-751
572,-752
572,-753
571,-754
571,-755
571,-756
570,-757
569,-757
