489,-928
489,-929
489,-930
489,-931
489,-932
489,-933
489,-934
490,-934
491,-935
491,-936
491,-937
491,-938
490,-939
490,-940
489,-941
489,-942
489,-943
489,-944
489,-945
490,-946
490,-947
491,-947
492,-947
493,-947
494,-947
495,-947
496,-947
497,-947
498,-946
499,-946
500,-946
501,-946
502,-946
503,-946
504,-946
505,-946
506,-946
507,-946
508,-946
509,-945
510,-945
511,-945
512,-945
513,-945
514,-945
515,-945
516,-944
517,-944
518,-944
519,-944
520,-944
521,-944
522,-943
523,-943
524,-943
525,-943
526,-942
527,-942
528,-942
529,-942
530,-942
531,-941
532,-941
533,-941
534,-941
535,-941
536,-941
537,-940
538,-940
539,-940
540,-939
541,-939
542,-939
543,-939
544,-938
545,-938
546,-938
547,-938
548,-938
549,-938
550,-938
551,-937
552,-937
553,-937
554,-937
554,-936
555,-935
556,-935
557,-935
558,-935
559,-935
560,-934
561,-934
562,-934
563,-934
564,-934
565,-934
566,-934
567,-933
568,-933
569,-933
570,-933
571,-932
572,-932
573,-932
574,-932
575,-932
576,-932
577,-932
578,-932
579,-932
580,-931
581,-931
582,-931
583,-931
584,-931
585,-931
586,-931
587,-930
588,-930
589,-930
590,-929
591,-929
592,-929
593,-929
594,-929
594,-928
594,-927
594,-926
595,-925
596,-924
597,-924
598,-923
599,-923
600,-923
601,-923
602,-923
603,-923
604,-923
605,-924
605,-925
606,-925
607,-925
608,-925
609,-925
610,-925
611,-924
612,-924
613,-924
614,-924
615,-924
616,-924
617,-924
618,-923
619,-923
620,-923
621,-922
622,-922
623,-922
624,-922
625,-922
626,-921
627,-921
628,-921
629,-921
630,-921
631,-921
632,-921
633,-920
634,-920
635,-919
636,-919
637,-919
638,-919
639,-918
640,-917
641,-917
642,-917
643,-917
644,-916
645,-916
646,-916
647,-916
648,-916
648,-915
648,-914
648,-913
648,-912
649,-911
649,-910
650,-909
651,-909
652,-909
653,-909
654,-909
655,-909
656,-909
657,-909
658,-910
659,-911
659,-912
660,-912
661,-912
662,-912
663,-912
664,-912
665,-912
666,-911
667,-911
668,-910
669,-909
670,-909
671,-909
672,-908
673,-908
674,-907
675,-907
676,-907
677,-907
678,-906
679,-906
680,-906
681,-906
681,-905
682,-904
683,-904
684,-904
685,-903
686,-903
687,-903
688,-902
689,-901
690,-901
691,-901
691,-900
692,-899
693,-899
694,-899
695,-898
696,-898
697,-898
698,-897
699,-897
700,-897
701,-896
702,-896
703,-896
704,-895
704,-894
704,-893
704,-892
705,-891
706,-891
707,-891
708,-891
709,-891
710,-891
711,-891
711,-890
711,-889
711,-888
712,-887
713,-887
714,-887
715,-887
716,-887
717,-887
718,-886
719,-886
719,-885
720,-884
721,-884
722,-883
723,-883
724,-883
725,-883
726,-882
727,-882
727,-881
728,-880
729,-880
730,-880
731,-880
732,-880
733,-879
733,-878
733,-877
734,-876
735,-876
736,-875
737,-875
738,-875
739,-875
739,-874
739,-873
740,-872
741,-872
742,-872
743,-872
744,-872
745,-872
745,-871
745,-870
746,-869
747,-868
748,-868
749,-868
750,-868
751,-868
752,-867
753,-866
754,-865
755,-864
756,-863
757,-863
758,-862
759,-861
760,-860
761,-859
762,-859
763,-858
764,-858
765,-857
766,-856
767,-856
768,-856
769,-855
769,-854
770,-853
771,-853
772,-853
773,-853
773,-852
773,-851
774,-850
775,-850
776,-850
777,-849
778,-848
779,-848
780,-847
780,-846
780,-845
781,-844
782,-844
782,-843
783,-842
784,-842
785,-841
786,-840
787,-840
788,-840
789,-839
790,-839
790,-838
790,-837
791,-836
792,-835
793,-834
794,-834
794,-833
795,-832
796,-832
797,-832
797,-831
798,-830
799,-829
800,-828
801,-827
802,-827
803,-826
803,-825
804,-824
805,-823
806,-822
807,-821
808,-820
809,-819
810,-819
811,-818
812,-817
812,-816
813,-815
814,-815
815,-814
816,-814
817,-813
818,-813
819,-812
819,-811
820,-810
821,-809
822,-808
823,-808
824,-808
824,-807
824,-806
825,-805
826,-804
827,-803
828,-803
828,-802
829,-801
830,-800
831,-800
832,-799
833,-798
834,-797
835,-796
836,-795
837,-794
838,-793
839,-792
840,-792
840,-791
841,-790
842,-790
842,-789
843,-788
844,-787
845,-786
845,-785
846,-784
847,-783
848,-782
849,-781
850,-780
851,-780
851,-779
852,-778
853,-777
853,-776
854,-775
855,-775
855,-774
855,-773
856,-772
857,-772
858,-771
858,-770
859,-769
860,-768
860,-767
861,-766
861,-765
862,-764
862,-763
862,-762
862,-761
863,-760
864,-760
865,-760
865,-759
866,-758
867,-757
867,-756
868,-755
869,-754
869,-753
869,-752
870,-751
871,-750
872,-749
872,-748
873,-747
874,-746
874,-745
875,-744
875,-743
876,-742
876,-741
877,-740
877,-739
878,-738
878,-737
879,-736
879,-735
880,-734
881,-733
881,-732
881,-731
882,-730
882,-729
883,-728
883,-727
884,-726
884,-725
885,-724
885,-723
885,-722
886,-721
886,-720
886,-719
887,-718
888,-717
888,-716
888,-715
888,-714
889,-713
889,-712
889,-711
890,-710
890,-709
890,-708
891,-707
891,-706
891,-705
891,-704
891,-703
892,-702
892,-701
893,-700
893,-699
893,-698
893,-697
894,-696
894,-695
894,-694
894,-693
895,-692
895,-691
895,-690
895,-689
895,-688
896,-687
896,-686
896,-685
896,-684
896,-683
896,-682
897,-681
897,-680
897,-679
897,-678
897,-677
898,-676
898,-675
898,-674
898,-673
899,-672
899,-671
900,-670
900,-669
900,-668
900,-667
900,-666
901,-665
901,-664
901,-663
902,-662
903,-661
904,-661
905,-661
906,-662
907,-662
908,-662
909,-662
910,-662
911,-662
912,-662
913,-662
914,-662
915,-663
916,-663
917,-663
918,-663
919,-663
920,-663
921,-662
921,-661
922,-660
923,-659
924,-659
925,-659
926,-659
927,-659
928,-658
929,-658
930,-658
931,-658
931,-657
932,-656
933,-655
934,-655
935,-654
936,-653
937,-653
938,-653
939,-652
940,-652
940,-651
940,-650
941,-649
942,-648
943,-647
944,-647
945,-647
945,-646
946,-645
947,-644
948,-643
949,-643
949,-642
950,-641
951,-641
952,-641
953,-642
954,-642
955,-642
956,-642
957,-642
958,-642
959,-642
960,-642
961,-641
961,-640
961,-639
961,-638
961,-637
962,-636
963,-635
964,-635
965,-635
966,-635
967,-635
968,-635
969,-635
970,-635
970,-634
971,-633
972,-633
972,-632
972,-631
973,-630
974,-630
974,-629
975,-628
976,-628
977,-627
978,-627
979,-627
979,-626
980,-625
981,-625
982,-625
983,-625
984,-624
985,-624
986,-623
987,-622
988,-621
989,-621
990,-621
991,-621
992,-621
993,-621
993,-620
994,-619
995,-618
996,-618
997,-617
998,-617
999,-616
1000,-616
1001,-616
1002,-616
1003,-616
1004,-616
1005,-616
1006,-616
1006,-615
1006,-614
1006,-613
1006,-612
1006,-611
1006,-610
1006,-609
1006,-608
1006,-607
1006,-606
1006,-605
1005,-604
1005,-603
1004,-602
1004,-601
1004,-600
1004,-599
1005,-598
1006,-597
1007,-597
1008,-596
1008,-595
1008,-594
1008,-593
1008,-592
1008,-591
1008,-590
1008,-589
1007,-589
1006,-588
1005,-587
1005,-586
1005,-585
1005,-584
1006,-583
1006,-582
1006,-581
1006,-580
1006,-579
1006,-578
1005,-578
1004,-578
1003,-577
1003,-576
1003,-575
1003,-574
1002,-573
1002,-572
1002,-571
1003,-570
1004,-570
1005,-570
1006,-569
1007,-569
1008,-568
1009,-568
1010,-568
1011,-567
1012,-567
1013,-566
1013,-565
1013,-564
1013,-563
1013,-562
1013,-561
1012,-560
1011,-560
1010,-560
1009,-559
1008,-559
1007,-559
1006,-558
1005,-558
1004,-558
1003,-557
1002,-557
1001,-556
1000,-556
999,-555
998,-555
997,-555
996,-555
995,-555
994,-555
993,-555
992,-555
991,-555
990,-555
989,-555
988,-555
987,-556
986,-556
985,-556
984,-557
983,-557
982,-557
981,-558
980,-558
979,-558
978,-558
977,-559
976,-559
975,-560
974,-560
973,-560
972,-561
971,-561
970,-562
969,-562
968,-562
967,-563
966,-563
965,-564
964,-564
963,-564
962,-565
961,-565
960,-565
959,-566
958,-566
957,-567
956,-567
955,-567
954,-567
953,-568
952,-569
951,-569
950,-569
949,-570
948,-570
947,-571
946,-571
945,-571
944,-572
943,-572
942,-573
941,-573
940,-573
939,-574
938,-574
937,-575
936,-575
935,-575
934,-576
933,-576
932,-577
931,-577
930,-578
929,-578
928,-578
927,-579
926,-580
925,-580
924,-580
923,-581
922,-581
921,-582
920,-582
919,-583
918,-583
917,-583
916,-583
915,-584
914,-584
913,-585
912,-585
911,-586
910,-586
909,-587
908,-587
907,-587
906,-587
905,-588
904,-588
903,-589
902,-589
901,-589
900,-590
899,-590
898,-590
897,-591
896,-591
895,-592
894,-592
893,-592
892,-593
891,-593
890,-593
889,-593
888,-594
887,-594
886,-594
885,-595
884,-595
883,-595
882,-596
881,-596
880,-596
879,-597
878,-597
877,-597
876,-597
875,-598
874,-598
873,-598
872,-598
871,-598
870,-598
869,-598
868,-599
867,-599
866,-599
865,-600
864,-600
863,-600
862,-600
861,-600
860,-600
859,-600
858,-600
857,-600
856,-600
855,-601
854,-601
853,-601
852,-601
851,-601
850,-601
849,-601
848,-601
847,-600
846,-600
845,-600
844,-600
843,-600
842,-599
841,-599
840,-599
839,-599
838,-598
837,-598
836,-598
835,-597
834,-597
833,-597
832,-597
831,-597
830,-597
829,-596
828,-596
827,-596
826,-596
825,-596
824,-596
823,-596
822,-596
821,-595
820,-595
819,-595
818,-595
817,-595
816,-595
815,-595
814,-595
813,-594
812,-594
811,-594
810,-594
809,-594
808,-595
807,-595
806,-595
805,-595
804,-595
803,-595
802,-595
801,-595
800,-595
799,-595
798,-595
797,-595
796,-595
795,-595
794,-595
793,-595
792,-595
791,-596
790,-596
789,-596
788,-596
787,-596
786,-597
785,-597
784,-597
783,-597
782,-597
781,-597
780,-597
779,-598
778,-598
777,-598
776,-598
775,-599
774,-599
773,-599
772,-600
771,-600
770,-600
769,-600
768,-600
767,-600
766,-601
765,-601
764,-601
763,-601
762,-602
761,-602
760,-603
759,-603
758,-603
757,-603
756,-604
755,-604
754,-604
753,-604
752,-605
751,-605
750,-606
749,-607
748,-607
747,-607
746,-608
745,-608
744,-608
743,-609
742,-609
741,-610
740,-610
739,-610
738,-611
737,-611
736,-612
735,-612
734,-613
733,-613
732,-613
731,-614
730,-615
729,-615
728,-616
727,-616
726,-616
725,-617
724,-617
723,-618
722,-619
721,-619
720,-620
719,-620
718,-621
717,-621
716,-622
715,-623
714,-623
713,-624
712,-625
711,-625
710,-626
709,-627
708,-627
707,-628
706,-628
706,-629
705,-630
704,-630
703,-630
702,-631
701,-631
700,-632
699,-633
698,-633
697,-634
696,-634
695,-635
694,-636
693,-636
692,-637
691,-638
690,-639
689,-639
688,-639
687,-640
686,-641
685,-641
684,-642
683,-643
682,-643
681,-644
680,-645
679,-645
678,-646
677,-647
676,-648
675,-648
674,-649
673,-649
672,-650
671,-651
670,-652
669,-652
668,-653
667,-654
666,-655
665,-655
664,-656
663,-657
662,-657
661,-658
660,-659
659,-660
658,-660
657,-661
656,-662
655,-663
654,-664
653,-665
652,-666
651,-666
650,-667
649,-668
648,-669
647,-670
647,-671
647,-672
647,-673
647,-674
648,-675
649,-675
650,-676
651,-677
650,-678
649,-678
648,-678
647,-678
646,-678
645,-678
644,-678
643,-678
642,-678
641,-679
640,-679
639,-679
638,-679
637,-679
636,-680
635,-681
634,-682
633,-683
632,-684
631,-685
630,-686
629,-687
628,-688
628,-689
627,-690
626,-691
625,-692
624,-693
623,-694
622,-695
621,-696
621,-697
620,-698
619,-699
618,-700
617,-701
616,-702
615,-703
615,-704
614,-705
613,-705
612,-706
612,-707
611,-708
610,-708
610,-709
609,-710
608,-711
607,-712
606,-713
605,-714
604,-715
603,-716
603,-717
602,-718
602,-719
601,-720
600,-721
599,-722
598,-723
598,-724
597,-725
596,-726
595,-727
594,-728
593,-729
592,-730
591,-731
591,-732
590,-733
589,-734
588,-735
588,-736
587,-737
586,-737
586,-738
586,-739
585,-740
584,-741
583,-742
582,-743
582,-744
581,-745
580,-746
579,-747
579,-748
578,-749
577,-750
577,-751
576,-752
575,-753
574,-754
573,-755
572,-756
571,-757
571,-758
570,-759
570,-760
569,-761
569,-762
568,-763
567,-764
567,-765
566,-766
566,-767
565,-768
564,-769
563,-770
563,-771
563,-772
562,-773
561,-774
560,-775
559,-776
559,-777
559,-778
558,-779
558,-780
557,-781
557,-782
556,-783
555,-784
555,-785
555,-786
555,-787
555,-788
554,-789
553,-789
553,-790
552,-791
551,-792
551,-793
550,-794
550,-795
550,-796
549,-797
548,-798
548,-799
548,-800
547,-801
547,-802
546,-803
546,-804
546,-805
545,-806
545,-807
544,-808
543,-809
543,-810
543,-811
542,-812
542,-813
542,-814
541,-815
540,-816
540,-817
539,-818
539,-819
539,-820
539,-821
538,-822
538,-823
537,-824
537,-825
536,-826
536,-827
535,-828
535,-829
534,-830
534,-831
533,-832
533,-833
533,-834
533,-835
532,-836
531,-836
531,-837
531,-838
530,-839
529,-840
529,-841
528,-842
528,-843
527,-844
527,-845
526,-846
525,-847
525,-848
524,-849
524,-850
523,-851
522,-852
522,-853
521,-854
521,-855
520,-856
519,-857
518,-858
518,-859
517,-860
516,-860
516,-861
516,-862
515,-863
514,-864
513,-865
513,-866
513,-867
513,-868
512,-869
512,-870
511,-871
511,-872
510,-873
510,-874
510,-875
509,-876
509,-877
509,-878
508,-879
508,-880
507,-881
507,-882
506,-883
506,-884
506,-885
505,-886
505,-887
504,-888
504,-889
503,-890
503,-891
503,-892
502,-893
502,-894
501,-895
501,-896
500,-897
500,-898
499,-899
499,-900
498,-901
498,-902
497,-903
497,-904
496,-905
496,-906
495,-907
495,-908
495,-909
494,-910
494,-911
494,-912
493,-913
493,-914
493,-915
493,-916
492,-917
492,-918
491,-919
491,-920
491,-921
491,-922
490,-923
490,-924
490,-925
490,-926
490,-927
489,-928
