423,-827
423,-828
423,-829
423,-830
423,-831
423,-832
424,-832
425,-833
426,-833
427,-833
428,-833
429,-833
430,-833
431,-834
432,-834
433,-834
434,-834
435,-834
436,-834
437,-834
438,-834
439,-834
440,-834
441,-834
442,-834
443,-834
444,-834
445,-835
445,-836
446,-836
447,-836
448,-837
449,-837
450,-837
451,-837
452,-837
453,-837
454,-837
455,-837
456,-836
457,-836
458,-836
459,-836
460,-836
461,-835
462,-835
463,-835
464,-835
465,-835
466,-835
467,-835
468,-835
469,-834
470,-834
471,-834
472,-834
473,-833
474,-833
475,-832
476,-832
477,-832
478,-832
479,-832
480,-832
481,-831
482,-831
483,-831
484,-831
485,-831
486,-831
487,-831
488,-831
489,-830
490,-829
491,-829
492,-828
493,-828
494,-828
495,-828
496,-828
497,-828
498,-828
499,-828
500,-827
501,-827
502,-827
503,-826
504,-826
505,-826
506,-825
507,-825
508,-825
509,-825
510,-825
511,-824
512,-824
513,-824
514,-824
515,-823
516,-823
517,-822
518,-822
519,-822
520,-822
521,-822
522,-822
523,-821
524,-820
525,-820
526,-820
527,-820
528,-819
529,-819
530,-819
531,-819
532,-819
533,-819
534,-819
535,-818
536,-818
537,-817
538,-817
539,-817
540,-817
541,-817
542,-816
543,-816
544,-816
545,-816
546,-816
547,-816
548,-816
549,-816
550,-816
551,-816
552,-816
553,-816
554,-816
555,-816
556,-816
557,-815
558,-815
559,-815
560,-815
561,-815
562,-815
563,-815
564,-815
565,-815
566,-815
567,-815
568,-815
569,-814
570,-814
571,-814
572,-814
573,-814
574,-814
575,-814
576,-814
577,-814
578,-814
579,-813
580,-813
581,-813
582,-813
583,-813
584,-813
585,-813
586,-813
587,-813
588,-813
589,-813
590,-813
591,-813
592,-813
593,-813
594,-813
595,-813
596,-813
597,-813
598,-813
599,-813
600,-813
601,-813
602,-813
603,-813
604,-813
605,-813
606,-813
607,-813
608,-813
609,-813
610,-813
611,-813
612,-813
613,-813
614,-813
615,-813
616,-813
617,-813
618,-813
619,-813
620,-814
621,-814
622,-814
623,-814
624,-814
625,-814
626,-815
627,-815
628,-815
629,-816
630,-816
631,-817
632,-817
633,-817
634,-817
635,-818
636,-819
637,-819
638,-819
639,-820
640,-821
641,-821
642,-822
643,-822
644,-822
645,-822
646,-822
647,-822
648,-822
649,-823
650,-823
651,-823
652,-824
653,-824
654,-824
655,-824
656,-825
657,-825
658,-826
659,-826
660,-826
661,-826
662,-826
663,-827
664,-827
665,-827
666,-828
667,-828
668,-829
669,-830
670,-830
671,-830
672,-830
673,-830
674,-830
675,-831
676,-831
677,-831
678,-831
679,-831
680,-832
681,-833
682,-833
683,-833
684,-834
685,-834
686,-834
687,-834
688,-834
689,-835
690,-835
691,-835
692,-835
693,-835
694,-835
695,-836
695,-837
696,-837
697,-837
698,-837
699,-837
700,-838
701,-838
702,-838
703,-838
704,-838
705,-838
706,-839
707,-839
708,-839
709,-839
710,-840
711,-841
712,-841
713,-841
714,-841
715,-842
716,-842
717,-842
718,-842
719,-842
720,-842
721,-842
722,-842
723,-842
724,-842
725,-842
726,-842
727,-842
728,-842
729,-843
730,-843
731,-843
732,-843
733,-843
734,-843
735,-843
736,-844
737,-844
738,-844
739,-844
740,-845
741,-845
742,-845
743,-845
744,-845
745,-846
746,-846
747,-846
748,-846
749,-846
750,-846
751,-847
752,-847
753,-847
754,-847
755,-847
756,-847
757,-847
758,-847
759,-847
760,-847
761,-847
762,-847
763,-847
764,-847
765,-847
766,-847
767,-848
768,-848
769,-848
770,-848
771,-848
772,-848
773,-848
774,-848
775,-847
776,-847
777,-847
778,-847
779,-847
780,-847
781,-847
782,-847
783,-847
784,-846
785,-846
786,-846
787,-846
788,-846
789,-846
790,-845
791,-845
792,-845
793,-845
794,-844
795,-844
796,-844
797,-844
798,-844
799,-844
800,-844
801,-843
802,-843
803,-843
804,-843
805,-843
806,-843
807,-843
808,-842
809,-842
810,-842
811,-842
812,-842
813,-842
814,-842
815,-842
816,-842
817,-842
818,-841
819,-841
820,-841
821,-841
822,-841
823,-840
824,-840
825,-840
826,-840
827,-839
828,-839
829,-839
830,-839
831,-839
832,-839
833,-838
834,-838
835,-838
836,-838
837,-837
838,-837
839,-837
840,-837
841,-836
842,-836
843,-836
844,-835
845,-835
846,-835
847,-835
847,-834
847,-833
848,-832
849,-832
850,-832
851,-831
852,-831
853,-831
854,-830
855,-830
856,-830
857,-830
858,-830
859,-830
860,-830
861,-830
862,-830
863,-829
864,-829
865,-828
866,-828
867,-828
868,-828
869,-827
870,-827
871,-827
872,-826
873,-826
874,-826
874,-825
875,-824
876,-824
877,-824
878,-824
879,-823
880,-823
881,-823
882,-822
883,-822
884,-822
885,-821
886,-820
887,-820
888,-820
889,-820
890,-819
891,-819
892,-818
893,-818
894,-817
895,-816
896,-816
897,-815
898,-815
899,-814
900,-814
901,-813
902,-813
903,-813
904,-812
905,-812
906,-811
907,-811
908,-810
909,-809
910,-809
911,-808
912,-807
913,-807
914,-806
915,-806
916,-805
917,-805
918,-804
919,-803
920,-803
921,-803
922,-802
923,-802
924,-801
925,-800
926,-800
927,-799
928,-799
929,-798
930,-797
931,-797
932,-797
933,-796
934,-795
935,-794
936,-794
937,-793
938,-792
939,-791
940,-791
941,-790
942,-790
943,-789
944,-788
945,-788
945,-787
946,-786
947,-786
948,-786
948,-785
949,-784
950,-784
951,-783
952,-783
953,-782
954,-781
955,-780
956,-780
957,-779
958,-778
959,-778
960,-778
960,-777
960,-776
961,-775
962,-774
963,-773
964,-773
965,-772
966,-771
967,-771
968,-771
969,-770
970,-769
971,-769
972,-769
972,-768
972,-767
973,-766
974,-766
975,-765
976,-765
977,-764
978,-764
979,-763
980,-762
981,-761
982,-761
983,-761
984,-761
985,-760
986,-760
987,-759
988,-759
989,-758
990,-758
991,-758
992,-757
993,-756
994,-756
995,-756
996,-756
997,-756
998,-756
999,-756
999,-755
1000,-754
1001,-754
1002,-754
1003,-754
1003,-753
1004,-752
1005,-752
1006,-752
1007,-752
1008,-752
1009,-752
1010,-752
1011,-752
1012,-752
1013,-752
1014,-752
1015,-752
1016,-752
1017,-751
1018,-751
1019,-751
1020,-752
1021,-752
1022,-752
1023,-752
1024,-752
1025,-752
1026,-752
1027,-752
1028,-752
1029,-752
1030,-751
1031,-751
1032,-751
1033,-750
1034,-750
1035,-750
1036,-750
1037,-750
1038,-750
1039,-750
1040,-751
1041,-751
1042,-751
1043,-751
1044,-751
1044,-750
1045,-749
1046,-748
1047,-748
1048,-748
1049,-748
1050,-748
1051,-748
1052,-748
1053,-748
1054,-747
1054,-746
1055,-745
1056,-745
1057,-745
1058,-745
1058,-744
1059,-743
1060,-743
1060,-742
1060,-741
1060,-740
1060,-739
1060,-738
1060,-737
1061,-736
1062,-736
1063,-736
1064,-736
1065,-736
1066,-736
1067,-736
1068,-735
1069,-735
1070,-735
1071,-735
1072,-735
1073,-735
1074,-734
1075,-734
1075,-733
1076,-732
1076,-731
1076,-730
1076,-729
1077,-728
1078,-728
1078,-727
1078,-726
1078,-725
1078,-724
1078,-723
1077,-723
1076,-722
1075,-722
1074,-722
1073,-722
1072,-722
1071,-722
1070,-722
1069,-723
1068,-723
1067,-723
1066,-723
1065,-723
1064,-722
1064,-721
1064,-720
1064,-719
1064,-718
1064,-717
1063,-717
1062,-716
1061,-715
1060,-714
1059,-714
1058,-713
1057,-712
1057,-711
1057,-710
1057,-709
1057,-708
1058,-707
1059,-706
1060,-706
1061,-705
1062,-704
1062,-703
1062,-702
1062,-701
1062,-700
1061,-699
1060,-698
1059,-697
1058,-697
1057,-696
1056,-696
1055,-695
1054,-695
1053,-694
1052,-694
1051,-694
1050,-693
1049,-693
1048,-692
1047,-692
1046,-691
1045,-690
1044,-690
1043,-689
1042,-689
1041,-688
1040,-688
1039,-687
1038,-687
1037,-686
1036,-686
1035,-685
1034,-685
1033,-684
1032,-684
1031,-684
1030,-683
1029,-683
1028,-683
1027,-682
1026,-682
1025,-682
1024,-681
1023,-681
1022,-681
1021,-680
1020,-680
1019,-680
1018,-679
1017,-679
1016,-679
1015,-678
1014,-678
1013,-678
1012,-678
1011,-677
1010,-677
1009,-677
1008,-677
1007,-676
1006,-676
1005,-676
1004,-675
1003,-675
1002,-675
1001,-674
1000,-674
999,-674
998,-674
997,-674
996,-673
995,-673
994,-673
993,-673
992,-672
991,-672
990,-672
989,-671
988,-671
987,-671
986,-670
985,-670
984,-670
983,-670
982,-669
981,-669
980,-669
979,-669
978,-668
977,-668
976,-668
975,-668
974,-667
973,-667
972,-667
971,-667
970,-667
969,-667
968,-666
967,-666
966,-666
965,-666
964,-666
963,-665
962,-665
961,-665
960,-665
959,-665
958,-664
957,-664
956,-664
955,-664
954,-664
953,-663
952,-663
951,-663
950,-663
949,-663
948,-662
947,-662
946,-662
945,-662
944,-662
943,-662
942,-661
941,-661
940,-661
939,-661
938,-661
937,-661
936,-660
935,-660
934,-660
933,-660
932,-659
931,-659
930,-659
929,-659
928,-659
927,-659
926,-658
925,-658
924,-658
923,-658
922,-658
921,-658
920,-658
919,-657
918,-657
917,-657
916,-657
915,-657
914,-657
913,-657
912,-656
911,-656
910,-656
909,-656
908,-656
907,-656
906,-656
905,-655
904,-655
903,-655
902,-655
901,-655
900,-655
899,-655
898,-655
897,-654
896,-654
895,-654
894,-654
893,-654
892,-654
891,-654
890,-654
889,-654
888,-654
887,-654
886,-654
885,-654
884,-654
883,-654
882,-653
881,-653
880,-653
879,-653
878,-653
877,-653
876,-653
875,-653
874,-653
873,-653
872,-653
871,-653
870,-653
869,-653
868,-653
867,-653
866,-653
865,-653
864,-653
863,-653
862,-653
861,-653
860,-653
859,-653
858,-653
857,-653
856,-653
855,-654
854,-654
853,-654
852,-654
851,-654
850,-654
849,-654
848,-654
847,-654
846,-654
845,-654
844,-654
843,-654
842,-655
841,-655
840,-655
839,-655
838,-655
837,-655
836,-655
835,-655
834,-655
833,-655
832,-656
831,-656
830,-656
829,-656
828,-656
827,-656
826,-656
825,-656
824,-657
823,-657
822,-657
821,-657
820,-657
819,-657
818,-657
817,-657
816,-658
815,-658
814,-658
813,-658
812,-658
811,-658
810,-658
809,-658
808,-658
807,-658
806,-658
805,-659
804,-659
803,-659
802,-659
801,-659
800,-659
799,-659
798,-659
797,-660
796,-660
795,-660
794,-660
793,-660
792,-660
791,-660
790,-661
789,-661
788,-661
787,-661
786,-661
785,-661
784,-662
783,-662
782,-662
781,-662
780,-662
779,-662
778,-662
777,-662
776,-663
775,-663
774,-663
773,-663
772,-663
771,-663
770,-664
769,-664
768,-664
767,-664
766,-664
765,-665
764,-665
763,-665
762,-665
761,-665
760,-666
759,-666
758,-666
757,-666
756,-666
755,-666
754,-667
753,-667
752,-667
751,-667
750,-667
749,-668
748,-668
747,-668
746,-668
745,-669
744,-669
743,-669
742,-669
741,-670
740,-670
739,-670
738,-670
737,-671
736,-671
735,-671
734,-672
733,-672
732,-673
731,-673
730,-673
729,-673
728,-673
727,-674
726,-674
725,-674
724,-675
723,-675
722,-675
721,-676
720,-676
719,-676
718,-677
717,-677
716,-677
715,-678
714,-678
713,-678
712,-678
711,-679
710,-679
709,-680
708,-680
707,-680
706,-681
705,-681
704,-682
703,-682
702,-682
701,-683
700,-683
699,-683
698,-684
697,-684
696,-685
695,-685
694,-686
693,-686
692,-686
691,-687
690,-687
689,-688
688,-688
687,-689
686,-689
685,-689
684,-690
683,-690
682,-691
681,-691
680,-691
679,-692
678,-693
677,-693
676,-694
675,-694
674,-695
673,-695
672,-696
671,-696
670,-697
669,-697
668,-698
667,-698
666,-699
665,-700
664,-700
663,-701
662,-702
661,-702
660,-703
659,-703
658,-704
657,-705
656,-705
655,-706
654,-707
653,-707
652,-708
651,-708
650,-709
649,-710
648,-710
647,-711
646,-712
645,-713
644,-713
643,-714
642,-715
641,-716
640,-716
639,-717
638,-718
637,-718
636,-719
635,-720
634,-720
633,-721
632,-722
631,-723
630,-724
629,-725
628,-725
627,-726
626,-726
625,-727
624,-728
623,-729
622,-730
621,-731
620,-731
619,-732
618,-733
617,-733
616,-734
615,-735
614,-736
613,-736
612,-737
611,-737
610,-738
609,-739
608,-739
607,-740
606,-741
605,-741
604,-742
603,-743
602,-743
601,-744
600,-744
599,-745
598,-746
597,-746
596,-747
595,-747
594,-748
593,-748
592,-749
591,-749
590,-750
589,-750
588,-751
587,-751
586,-752
585,-752
584,-752
583,-753
582,-754
581,-754
580,-754
579,-754
578,-754
577,-755
576,-755
575,-755
574,-756
573,-756
572,-756
571,-757
570,-757
569,-757
568,-757
567,-757
566,-758
565,-758
564,-758
563,-759
562,-759
561,-759
560,-759
559,-759
558,-759
557,-760
556,-760
555,-760
554,-760
553,-761
552,-761
551,-761
550,-761
549,-762
548,-762
547,-762
546,-762
545,-763
544,-763
543,-763
542,-763
541,-763
540,-764
539,-764
538,-764
537,-764
536,-764
535,-764
534,-764
533,-765
532,-765
531,-765
530,-765
529,-765
528,-766
527,-766
526,-766
525,-766
524,-766
523,-766
522,-766
521,-766
520,-766
519,-766
518,-767
517,-767
516,-767
515,-767
514,-767
513,-767
512,-767
511,-767
510,-767
509,-767
508,-767
507,-767
506,-767
505,-768
504,-768
503,-768
502,-769
501,-769
500,-769
499,-769
498,-769
497,-769
496,-769
495,-769
494,-770
493,-770
492,-770
491,-770
490,-770
489,-770
488,-771
488,-772
488,-773
488,-774
487,-775
486,-776
485,-776
484,-776
483,-776
482,-776
481,-776
481,-777
480,-778
479,-778
478,-778
477,-777
476,-777
475,-777
474,-777
473,-777
472,-777
472,-778
472,-779
471,-780
470,-780
469,-780
468,-780
467,-780
466,-780
465,-780
464,-780
463,-779
463,-778
462,-778
461,-778
460,-778
459,-778
458,-778
458,-779
457,-780
456,-781
455,-781
454,-781
454,-782
454,-783
454,-784
453,-785
452,-785
451,-786
450,-787
449,-787
449,-788
449,-789
449,-790
449,-791
450,-791
451,-792
452,-792
453,-793
453,-794
453,-795
452,-796
451,-796
450,-796
449,-796
448,-796
447,-796
446,-796
445,-796
444,-796
443,-797
442,-797
441,-797
440,-797
439,-797
438,-797
437,-797
436,-797
435,-797
434,-797
433,-797
432,-797
431,-797
430,-797
429,-797
428,-797
427,-797
426,-798
425,-798
425,-799
425,-800
425,-801
425,-802
425,-803
425,-804
425,-805
425,-806
426,-807
426,-808
426,-809
426,-810
426,-811
426,-812
426,-813
425,-814
425,-815
425,-816
425,-817
425,-818
425,-819
425,-820
425,-821
425,-822
425,-823
425,-824
425,-825
424,-826
423,-827
