451,-685
451,-686
451,-687
451,-688
451,-689
451,-690
451,-691
452,-691
453,-692
454,-692
455,-692
456,-692
457,-693
458,-693
459,-693
460,-694
461,-695
461,-696
462,-696
463,-696
464,-696
465,-696
466,-697
467,-697
468,-697
469,-698
470,-698
471,-698
472,-698
473,-698
474,-698
475,-699
476,-699
477,-699
478,-699
479,-699
480,-700
481,-700
482,-700
483,-700
484,-700
485,-700
486,-701
487,-701
488,-701
489,-701
490,-702
491,-702
492,-702
493,-702
494,-702
495,-702
496,-702
497,-702
498,-703
499,-703
500,-703
501,-703
502,-703
503,-704
504,-704
505,-704
506,-704
507,-704
508,-704
509,-704
510,-705
511,-705
512,-705
513,-705
514,-705
515,-706
516,-706
517,-706
518,-706
519,-706
520,-706
521,-706
522,-706
523,-707
524,-707
525,-707
526,-707
527,-707
528,-707
529,-707
530,-707
531,-708
532,-708
533,-709
534,-709
535,-709
536,-709
537,-709
538,-710
539,-710
540,-711
541,-711
542,-711
543,-711
544,-711
545,-711
546,-711
547,-712
548,-712
549,-712
550,-712
551,-713
552,-713
553,-713
554,-713
555,-714
556,-714
557,-714
558,-715
559,-715
560,-715
561,-715
562,-716
563,-716
564,-716
565,-716
566,-717
567,-717
568,-717
569,-717
570,-718
571,-718
572,-718
573,-719
574,-719
575,-719
576,-720
577,-720
578,-720
579,-720
580,-720
581,-720
582,-721
583,-721
584,-721
585,-721
586,-721
587,-721
588,-722
589,-722
590,-723
591,-723
592,-723
593,-723
594,-723
595,-724
596,-724
597,-724
598,-725
599,-725
600,-725
601,-726
602,-726
603,-726
604,-726
605,-727
606,-727
607,-728
608,-728
609,-728
610,-729
611,-729
612,-729
613,-729
614,-730
615,-730
616,-731
617,-731
618,-731
619,-732
620,-732
621,-732
622,-732
623,-733
624,-733
625,-734
626,-734
627,-735
628,-735
629,-736
630,-736
631,-736
632,-736
633,-737
634,-738
635,-739
636,-740
637,-741
638,-742
639,-743
640,-743
641,-744
642,-745
643,-746
644,-747
645,-748
645,-749
646,-750
647,-751
648,-751
649,-751
650,-752
651,-753
652,-754
653,-755
654,-756
655,-757
656,-757
657,-757
658,-757
659,-757
660,-757
661,-758
661,-759
661,-760
661,-761
661,-762
661,-763
662,-763
663,-764
663,-765
664,-765
665,-766
666,-766
667,-767
667,-768
668,-769
669,-770
669,-771
670,-771
671,-772
671,-773
671,-774
672,-775
673,-775
674,-776
675,-776
676,-776
677,-777
677,-778
678,-779
679,-779
680,-780
680,-781
681,-781
682,-782
683,-783
684,-784
685,-785
686,-786
687,-786
688,-786
689,-787
690,-788
690,-789
691,-790
692,-790
693,-791
693,-792
694,-792
695,-793
696,-794
697,-795
698,-795
699,-795
700,-796
701,-797
702,-798
703,-799
704,-799
705,-799
706,-800
707,-801
708,-801
709,-802
710,-802
711,-803
712,-803
713,-804
714,-805
715,-805
716,-805
717,-806
718,-807
718,-808
719,-808
720,-808
721,-809
722,-809
723,-810
724,-811
725,-811
726,-811
727,-812
728,-812
729,-813
730,-813
731,-813
732,-814
733,-815
734,-815
735,-815
736,-816
737,-817
738,-817
739,-817
740,-817
741,-818
742,-819
743,-819
744,-820
745,-820
746,-820
747,-821
748,-822
749,-823
750,-823
751,-824
752,-824
753,-824
754,-824
755,-824
756,-824
757,-824
758,-824
759,-824
760,-824
761,-825
762,-826
763,-826
764,-826
765,-827
766,-827
767,-827
768,-828
769,-828
770,-829
771,-829
772,-829
773,-829
774,-829
775,-830
776,-830
777,-830
778,-830
779,-830
780,-830
781,-831
782,-831
783,-831
784,-832
785,-832
786,-832
787,-832
788,-832
789,-833
790,-833
791,-833
792,-834
793,-834
794,-834
795,-834
796,-834
797,-834
798,-834
799,-835
800,-835
801,-835
802,-835
803,-836
803,-837
804,-837
805,-837
806,-837
807,-837
808,-837
809,-838
809,-839
810,-839
811,-839
812,-839
813,-840
814,-840
815,-840
816,-841
817,-841
818,-841
819,-841
820,-841
821,-841
822,-841
823,-841
824,-841
825,-841
826,-841
827,-842
828,-842
829,-842
830,-842
831,-842
832,-842
833,-842
834,-842
835,-842
836,-842
837,-842
838,-842
839,-842
840,-842
841,-842
842,-841
843,-841
844,-841
845,-842
846,-842
847,-842
848,-842
849,-842
850,-842
851,-842
852,-841
853,-841
854,-840
855,-840
856,-840
857,-840
858,-840
859,-839
860,-839
861,-839
862,-839
863,-839
864,-839
865,-838
866,-838
867,-838
868,-838
869,-838
870,-838
871,-838
872,-837
873,-836
874,-836
875,-836
876,-836
877,-836
878,-835
879,-835
880,-835
881,-835
882,-835
883,-835
884,-835
885,-835
886,-834
887,-834
888,-834
889,-833
890,-833
891,-833
892,-833
893,-832
894,-832
895,-832
896,-832
897,-832
898,-832
899,-832
900,-831
901,-831
902,-831
903,-831
904,-831
905,-831
906,-831
907,-831
908,-830
909,-829
910,-829
911,-829
912,-828
913,-827
914,-827
915,-827
916,-827
917,-826
918,-826
919,-826
920,-826
921,-825
922,-825
923,-825
924,-824
925,-823
926,-823
927,-822
928,-822
929,-822
930,-821
931,-821
932,-821
933,-820
934,-820
934,-819
935,-818
936,-818
937,-818
938,-818
939,-818
940,-818
941,-817
942,-817
943,-816
944,-816
945,-815
946,-815
947,-815
948,-815
949,-814
950,-814
951,-814
952,-814
953,-813
954,-813
954,-812
955,-811
956,-811
957,-811
958,-811
959,-811
960,-811
961,-810
962,-810
963,-810
964,-810
964,-809
965,-808
966,-807
967,-807
968,-807
969,-807
970,-807
971,-806
972,-806
973,-805
974,-805
975,-805
976,-804
977,-804
978,-804
979,-804
980,-804
981,-803
982,-803
983,-803
984,-803
985,-802
986,-802
987,-802
988,-802
989,-801
990,-801
991,-800
992,-800
993,-799
994,-799
995,-799
996,-799
997,-798
998,-798
999,-798
1000,-798
1001,-798
1002,-798
1003,-798
1004,-797
1005,-797
1006,-797
1007,-797
1008,-796
1009,-796
1010,-796
1011,-795
1012,-795
1013,-795
1014,-794
1015,-794
1016,-794
1017,-793
1018,-793
1019,-793
1020,-793
1021,-793
1022,-793
1023,-792
1024,-791
1025,-791
1026,-791
1027,-791
1028,-791
1029,-791
1030,-791
1030,-790
1031,-789
1032,-789
1033,-789
1034,-789
1035,-789
1036,-788
1037,-788
1038,-788
1039,-788
1040,-788
1041,-788
1042,-787
1043,-787
1044,-787
1044,-786
1045,-785
1046,-785
1046,-784
1046,-783
1046,-782
1046,-781
1046,-780
1046,-779
1046,-778
1046,-777
1046,-776
1046,-775
1046,-774
1046,-773
1046,-772
1047,-771
1048,-770
1049,-769
1050,-768
1050,-767
1050,-766
1050,-765
1050,-764
1050,-763
1049,-762
1049,-761
1048,-760
1047,-759
1047,-758
1046,-758
1045,-757
1044,-756
1043,-756
1042,-755
1041,-754
1040,-754
1039,-753
1038,-752
1037,-752
1036,-751
1035,-750
1034,-750
1033,-749
1032,-748
1031,-747
1030,-747
1029,-746
1028,-745
1027,-744
1026,-744
1025,-743
1024,-742
1023,-742
1022,-741
1021,-740
1020,-740
1019,-739
1018,-738
1017,-738
1016,-737
1015,-736
1014,-736
1013,-735
1012,-735
1011,-734
1010,-733
1009,-733
1008,-732
1007,-732
1006,-731
1005,-730
1004,-730
1003,-729
1002,-728
1001,-728
1000,-727
999,-727
998,-726
997,-726
996,-725
995,-724
994,-724
993,-723
992,-723
991,-722
990,-721
989,-721
988,-720
987,-720
986,-719
985,-719
984,-718
983,-718
982,-717
981,-717
980,-716
979,-715
978,-715
977,-715
976,-714
975,-714
974,-713
973,-712
972,-712
971,-711
970,-711
969,-710
968,-710
967,-709
966,-709
965,-708
964,-707
963,-707
962,-706
961,-706
960,-705
959,-704
958,-704
957,-703
956,-703
955,-702
954,-702
953,-701
952,-701
951,-700
950,-700
949,-699
948,-699
947,-698
946,-698
945,-698
944,-697
943,-697
942,-696
941,-696
940,-695
939,-695
938,-694
937,-694
936,-694
935,-693
934,-692
933,-692
932,-691
931,-691
930,-690
929,-690
928,-689
927,-689
926,-688
925,-688
924,-687
923,-687
922,-687
921,-686
920,-686
919,-685
918,-685
917,-685
916,-684
915,-683
914,-683
913,-683
912,-682
911,-682
910,-682
909,-681
908,-681
907,-680
906,-680
905,-680
904,-679
903,-679
902,-679
901,-678
900,-678
899,-678
898,-678
897,-677
896,-677
895,-676
894,-676
893,-676
892,-675
891,-675
890,-675
889,-674
888,-674
887,-674
886,-673
885,-673
884,-673
883,-672
882,-672
881,-672
880,-671
879,-671
878,-671
877,-671
876,-670
875,-670
874,-670
873,-669
872,-669
871,-669
870,-669
869,-668
868,-668
867,-668
866,-667
865,-667
864,-667
863,-667
862,-666
861,-666
860,-666
859,-666
858,-665
857,-665
856,-664
855,-664
854,-664
853,-664
852,-663
851,-663
850,-663
849,-662
848,-662
847,-662
846,-661
845,-661
844,-661
844,-662
844,-663
843,-664
842,-665
841,-665
840,-665
839,-665
838,-665
837,-665
836,-665
835,-665
834,-665
833,-665
832,-665
831,-665
830,-665
829,-665
828,-665
827,-665
826,-665
825,-665
824,-665
823,-665
822,-665
821,-665
820,-665
819,-665
818,-665
817,-665
816,-665
815,-665
814,-665
813,-665
812,-665
811,-665
810,-665
809,-665
808,-665
807,-665
806,-665
805,-665
804,-665
803,-665
802,-665
801,-665
800,-665
799,-665
798,-665
797,-665
796,-665
795,-665
794,-665
793,-665
792,-665
791,-665
790,-665
789,-665
788,-665
787,-665
786,-665
785,-665
784,-665
783,-665
782,-665
781,-665
780,-665
779,-665
778,-665
777,-665
776,-665
775,-665
774,-665
773,-665
772,-665
771,-665
770,-665
769,-665
768,-665
767,-665
766,-665
765,-665
764,-665
763,-665
762,-665
761,-664
760,-663
760,-662
760,-661
761,-660
762,-659
763,-659
764,-659
765,-659
766,-659
767,-659
768,-659
767,-659
766,-659
765,-659
764,-659
763,-659
762,-659
761,-659
760,-659
759,-659
758,-659
757,-659
756,-659
755,-659
754,-659
753,-659
752,-659
751,-659
750,-659
749,-659
748,-659
747,-659
746,-659
745,-659
744,-659
743,-659
742,-659
741,-659
740,-659
739,-659
738,-660
737,-660
736,-661
735,-661
734,-662
733,-662
732,-663
731,-663
730,-664
729,-664
728,-665
727,-665
726,-665
725,-665
724,-665
723,-665
722,-665
721,-665
720,-665
719,-665
718,-665
717,-665
716,-665
715,-665
714,-665
713,-665
712,-665
711,-665
710,-665
709,-665
708,-665
707,-665
706,-665
705,-665
704,-665
703,-665
702,-665
701,-664
700,-663
699,-664
698,-664
697,-665
696,-665
695,-665
694,-666
693,-666
692,-666
691,-667
690,-667
689,-668
688,-669
687,-669
686,-669
685,-670
684,-670
683,-670
682,-671
681,-671
680,-672
679,-672
678,-673
677,-673
676,-674
675,-674
674,-675
673,-675
672,-675
671,-676
670,-677
669,-677
668,-678
667,-679
666,-679
665,-679
664,-680
663,-680
662,-681
661,-681
660,-682
659,-682
658,-682
657,-683
656,-683
655,-683
654,-684
653,-684
652,-684
651,-684
650,-684
649,-684
648,-684
647,-685
646,-685
645,-685
644,-685
643,-685
642,-685
641,-685
640,-685
639,-685
638,-685
637,-685
636,-685
635,-685
634,-685
633,-685
632,-685
631,-684
630,-684
629,-684
628,-684
627,-684
626,-685
625,-685
624,-685
623,-684
622,-684
621,-684
620,-684
619,-684
618,-684
617,-684
616,-684
615,-684
614,-684
613,-684
612,-683
611,-683
610,-683
609,-683
608,-683
607,-683
606,-682
605,-682
604,-682
603,-682
602,-682
601,-682
600,-682
599,-681
598,-681
597,-681
596,-681
595,-681
594,-681
593,-681
592,-680
591,-680
590,-680
589,-680
588,-680
587,-680
586,-680
585,-679
584,-679
583,-679
582,-679
581,-679
580,-678
579,-678
578,-678
577,-678
576,-678
575,-678
574,-678
573,-677
572,-677
571,-677
570,-677
569,-677
568,-677
567,-676
566,-676
565,-676
564,-676
563,-676
562,-676
561,-676
560,-676
559,-676
558,-675
557,-675
556,-675
555,-675
554,-675
553,-675
552,-674
551,-674
550,-674
549,-674
548,-674
547,-674
546,-674
545,-674
544,-673
543,-673
542,-673
541,-673
540,-672
539,-672
538,-672
537,-672
536,-672
535,-672
534,-672
533,-672
532,-673
531,-674
530,-675
529,-675
528,-676
527,-676
526,-676
525,-675
525,-674
525,-673
525,-672
525,-671
525,-670
524,-670
523,-670
522,-670
521,-670
520,-670
519,-669
518,-669
517,-669
516,-669
515,-669
514,-669
513,-669
512,-669
511,-668
510,-668
509,-668
508,-668
507,-668
506,-668
505,-668
504,-667
503,-667
502,-667
501,-667
500,-667
499,-667
498,-667
497,-667
496,-666
495,-666
494,-666
493,-666
492,-666
491,-666
490,-666
489,-666
488,-666
487,-665
486,-665
485,-665
484,-665
483,-665
482,-665
481,-665
480,-665
479,-665
478,-665
477,-665
476,-665
475,-665
474,-665
473,-665
472,-665
471,-665
470,-666
469,-666
468,-666
467,-666
466,-667
465,-667
464,-668
463,-668
462,-668
462,-669
462,-670
461,-671
461,-672
461,-673
461,-674
461,-675
461,-676
461,-677
460,-678
460,-679
459,-680
459,-681
458,-682
457,-682
456,-682
455,-683
454,-684
453,-685
452,-685
451,-685
