451,-712
451,-713
451,-714
451,-715
451,-716
451,-717
452,-718
453,-719
454,-719
455,-719
456,-719
457,-720
457,-721
457,-722
457,-723
457,-724
457,-725
457,-726
456,-727
456,-728
456,-729
456,-730
455,-731
454,-731
454,-732
454,-733
454,-734
454,-735
455,-736
455,-737
455,-738
455,-739
455,-740
455,-741
456,-741
457,-742
457,-743
458,-743
459,-743
460,-744
461,-744
462,-744
463,-744
464,-744
465,-745
466,-745
467,-745
468,-745
469,-745
470,-745
471,-745
472,-745
473,-745
474,-745
475,-745
476,-745
477,-745
478,-745
479,-745
480,-745
481,-745
482,-745
483,-745
484,-745
485,-745
486,-745
487,-745
488,-745
489,-745
490,-745
491,-745
492,-745
493,-745
494,-745
495,-745
496,-745
497,-744
498,-744
499,-744
500,-744
501,-744
502,-744
503,-744
504,-744
505,-744
506,-744
507,-744
508,-744
509,-744
510,-744
511,-744
512,-744
513,-743
514,-743
515,-743
516,-743
517,-743
518,-743
519,-743
520,-743
521,-743
522,-743
523,-743
524,-743
525,-743
526,-743
527,-743
528,-743
529,-743
530,-743
531,-743
532,-743
533,-743
534,-743
535,-743
536,-743
537,-743
538,-743
539,-743
540,-743
541,-743
542,-743
543,-743
544,-743
545,-743
546,-743
547,-743
548,-743
549,-743
550,-743
551,-743
552,-743
553,-743
554,-743
555,-743
556,-743
557,-743
558,-743
559,-743
560,-743
561,-743
562,-743
563,-743
564,-743
565,-743
566,-743
567,-743
568,-743
569,-743
570,-743
571,-743
572,-744
573,-744
574,-744
575,-744
576,-744
577,-744
578,-744
579,-744
580,-744
581,-744
582,-744
583,-744
584,-744
585,-744
586,-744
587,-744
588,-744
589,-744
590,-744
591,-744
592,-745
593,-745
594,-745
595,-745
596,-745
597,-745
598,-745
599,-745
600,-745
601,-745
602,-745
603,-746
604,-746
605,-746
606,-746
607,-746
608,-746
609,-747
610,-747
611,-747
612,-747
613,-747
614,-747
615,-748
616,-748
617,-748
618,-748
619,-749
620,-749
621,-749
622,-749
623,-750
624,-750
625,-750
626,-750
627,-751
628,-751
629,-752
630,-752
631,-752
632,-752
633,-753
634,-754
635,-754
636,-754
637,-755
638,-755
639,-756
640,-756
641,-757
641,-758
641,-759
642,-760
643,-760
644,-760
645,-760
646,-761
647,-761
648,-761
649,-761
650,-762
650,-763
651,-763
652,-763
653,-764
654,-764
655,-765
655,-766
656,-766
657,-766
658,-767
659,-767
660,-768
660,-769
661,-770
662,-770
663,-770
664,-771
664,-772
665,-773
666,-774
667,-775
668,-776
668,-777
669,-777
670,-778
671,-779
672,-780
673,-780
674,-781
674,-782
675,-783
676,-783
677,-784
678,-785
679,-785
680,-786
680,-787
681,-787
682,-787
683,-788
684,-789
685,-790
686,-790
687,-791
688,-792
689,-793
690,-793
691,-794
692,-795
692,-796
693,-796
694,-796
695,-797
696,-797
697,-798
698,-799
699,-799
700,-800
701,-800
702,-801
703,-802
704,-803
705,-804
706,-804
707,-804
708,-804
709,-805
710,-805
711,-806
711,-807
712,-808
713,-808
714,-808
715,-809
716,-810
717,-810
718,-811
719,-811
720,-811
721,-812
722,-812
723,-813
724,-813
725,-813
726,-814
727,-815
728,-815
729,-816
730,-817
731,-817
732,-817
733,-817
734,-818
735,-819
736,-819
737,-819
738,-820
739,-820
740,-821
741,-821
742,-821
743,-822
744,-823
745,-823
746,-823
747,-823
748,-824
749,-824
750,-824
751,-825
752,-825
753,-826
754,-826
755,-826
756,-826
757,-826
758,-827
759,-827
760,-827
761,-828
762,-828
763,-829
764,-829
765,-829
766,-829
767,-829
768,-829
769,-830
770,-830
771,-830
772,-831
773,-831
774,-831
775,-831
776,-831
777,-832
778,-832
779,-832
780,-833
781,-833
782,-833
783,-833
784,-834
785,-834
786,-834
787,-834
788,-834
789,-834
790,-834
791,-834
792,-835
793,-835
794,-835
795,-836
796,-836
797,-836
798,-836
799,-836
800,-836
801,-836
802,-836
803,-836
804,-836
805,-836
806,-837
807,-838
808,-838
809,-838
810,-838
811,-838
812,-838
813,-838
814,-838
815,-839
816,-839
817,-839
818,-839
819,-839
820,-839
821,-839
822,-840
823,-840
824,-840
825,-840
826,-840
827,-840
828,-839
829,-839
830,-839
831,-839
832,-839
833,-839
834,-839
835,-840
836,-840
837,-840
838,-840
839,-840
840,-840
841,-840
842,-840
843,-840
844,-840
845,-840
846,-840
847,-839
848,-839
849,-839
850,-839
851,-839
852,-839
853,-839
854,-839
855,-839
856,-839
857,-839
858,-839
859,-839
860,-838
861,-838
862,-838
863,-838
864,-838
865,-838
866,-838
867,-838
868,-838
869,-838
870,-838
871,-838
872,-838
873,-838
874,-838
875,-837
876,-837
877,-837
878,-837
879,-837
880,-836
881,-836
882,-836
883,-836
884,-835
885,-835
886,-835
887,-835
888,-834
889,-834
890,-834
891,-834
892,-834
893,-834
894,-834
895,-834
896,-834
897,-834
898,-834
899,-834
900,-834
901,-834
902,-834
903,-834
904,-833
905,-833
906,-833
907,-832
908,-832
909,-832
910,-831
911,-831
912,-830
913,-830
914,-830
915,-830
916,-830
917,-830
918,-830
919,-829
920,-829
921,-829
922,-829
923,-829
924,-828
925,-828
926,-828
927,-827
928,-827
929,-826
930,-826
931,-826
932,-826
933,-826
934,-826
935,-825
936,-825
937,-825
938,-825
939,-825
940,-825
941,-824
942,-823
943,-823
944,-823
945,-822
946,-822
947,-822
948,-822
949,-821
950,-821
951,-821
952,-821
953,-821
954,-821
955,-820
956,-820
957,-819
958,-819
959,-818
960,-818
961,-818
962,-818
963,-818
964,-818
965,-818
966,-818
967,-818
968,-817
969,-817
970,-817
971,-817
971,-816
972,-815
973,-815
974,-814
975,-814
976,-814
977,-814
978,-814
979,-814
980,-814
981,-814
982,-813
983,-813
984,-813
985,-813
986,-812
987,-811
988,-811
989,-810
990,-810
991,-810
992,-810
993,-810
994,-809
995,-809
996,-809
997,-809
998,-809
999,-810
1000,-810
1001,-810
1002,-810
1003,-810
1004,-810
1005,-810
1006,-809
1007,-809
1008,-809
1009,-809
1010,-808
1011,-808
1012,-808
1013,-808
1014,-808
1015,-808
1016,-807
1017,-807
1018,-806
1019,-806
1020,-806
1021,-806
1022,-805
1023,-805
1024,-804
1025,-804
1026,-803
1027,-802
1028,-802
1029,-801
1030,-801
1031,-801
1032,-801
1033,-800
1033,-799
1034,-798
1035,-798
1036,-798
1037,-798
1037,-797
1038,-796
1039,-796
1040,-796
1041,-795
1042,-795
1043,-794
1043,-793
1044,-792
1045,-792
1046,-791
1047,-790
1048,-789
1048,-788
1049,-787
1050,-786
1050,-785
1050,-784
1050,-783
1050,-782
1050,-781
1050,-780
1050,-779
1050,-778
1050,-777
1049,-776
1049,-775
1048,-774
1048,-773
1047,-773
1046,-772
1045,-771
1044,-770
1043,-769
1042,-768
1041,-768
1040,-767
1039,-766
1038,-765
1037,-764
1036,-763
1035,-762
1034,-762
1033,-761
1032,-760
1031,-759
1030,-758
1029,-757
1028,-757
1027,-756
1026,-755
1025,-755
1024,-754
1023,-753
1022,-752
1021,-751
1020,-751
1019,-750
1018,-749
1017,-748
1016,-748
1015,-747
1014,-746
1013,-745
1012,-745
1011,-744
1010,-744
1009,-743
1008,-742
1007,-742
1006,-741
1005,-740
1004,-740
1003,-739
1002,-739
1001,-738
1000,-737
999,-737
998,-736
997,-735
996,-734
995,-734
994,-733
993,-733
992,-732
991,-731
990,-731
989,-730
988,-729
987,-729
986,-728
985,-728
984,-727
983,-726
982,-725
981,-725
980,-725
979,-724
978,-723
977,-723
976,-722
975,-721
974,-721
973,-720
972,-719
971,-718
970,-718
969,-717
968,-717
967,-716
966,-715
965,-715
964,-714
963,-713
962,-713
961,-712
960,-711
959,-711
958,-710
957,-709
956,-709
955,-708
954,-708
953,-707
952,-706
951,-706
950,-705
949,-705
948,-704
947,-703
946,-703
945,-703
944,-702
943,-701
942,-701
941,-700
940,-700
939,-699
938,-698
937,-698
936,-697
935,-697
934,-696
933,-695
932,-695
931,-695
930,-694
929,-694
928,-693
927,-693
926,-693
925,-692
924,-692
923,-691
922,-691
921,-690
920,-690
919,-689
918,-689
917,-689
916,-688
915,-688
914,-687
913,-687
912,-686
911,-686
910,-686
909,-685
908,-685
907,-685
906,-684
905,-684
904,-683
903,-683
902,-683
901,-682
900,-682
899,-681
898,-681
897,-681
896,-680
895,-680
894,-680
893,-679
892,-679
891,-678
890,-678
889,-678
888,-677
887,-677
886,-677
885,-677
884,-676
883,-676
882,-675
881,-675
880,-675
879,-674
878,-674
877,-674
876,-674
875,-674
874,-673
873,-673
872,-673
871,-672
870,-672
869,-672
868,-672
867,-671
866,-671
865,-671
864,-671
863,-670
862,-670
861,-670
860,-670
859,-670
858,-669
857,-669
856,-669
855,-669
854,-669
853,-668
852,-668
851,-668
850,-668
849,-667
848,-667
847,-667
846,-667
845,-667
844,-667
843,-666
842,-666
841,-666
840,-666
839,-666
838,-666
837,-666
836,-665
835,-665
834,-665
833,-665
832,-665
831,-665
830,-664
829,-664
828,-664
827,-664
826,-664
825,-664
824,-663
823,-663
822,-663
821,-663
820,-663
819,-663
818,-663
817,-662
816,-662
815,-662
814,-662
813,-662
812,-662
811,-662
810,-662
809,-662
808,-661
807,-661
806,-661
805,-661
804,-661
803,-661
802,-661
801,-661
800,-661
799,-661
798,-661
797,-661
796,-661
795,-661
794,-661
793,-661
792,-661
791,-661
790,-661
789,-661
788,-661
787,-661
786,-661
785,-661
784,-661
783,-661
782,-661
781,-661
780,-661
779,-661
778,-661
777,-661
776,-661
775,-661
774,-661
773,-661
772,-661
771,-661
770,-661
769,-661
768,-661
767,-661
766,-661
765,-661
764,-661
763,-661
762,-661
761,-661
760,-661
759,-661
758,-662
757,-662
756,-662
755,-662
754,-662
753,-662
752,-662
751,-662
750,-662
749,-662
748,-663
747,-663
746,-663
745,-663
744,-663
743,-663
742,-663
741,-663
740,-663
739,-664
738,-664
737,-664
736,-664
735,-664
734,-664
733,-664
732,-665
731,-665
730,-665
729,-665
728,-665
727,-666
726,-666
725,-666
724,-666
723,-666
722,-666
721,-666
720,-667
719,-667
718,-667
717,-667
716,-668
715,-668
714,-668
713,-669
712,-669
711,-669
710,-669
709,-670
708,-670
707,-670
706,-670
705,-670
704,-671
703,-671
702,-672
701,-672
700,-672
699,-673
698,-673
697,-673
696,-674
695,-674
694,-674
693,-675
692,-675
691,-676
690,-676
689,-677
688,-677
687,-678
686,-678
685,-678
684,-679
683,-679
682,-680
681,-680
680,-681
679,-681
678,-681
677,-682
676,-682
675,-682
674,-683
673,-683
672,-684
671,-684
670,-685
669,-686
668,-686
667,-687
666,-687
665,-688
664,-689
663,-689
662,-689
662,-690
661,-691
660,-691
659,-691
658,-692
657,-693
656,-693
655,-694
654,-694
653,-694
652,-695
651,-695
650,-695
649,-696
648,-696
647,-697
646,-697
645,-697
644,-698
643,-698
642,-699
641,-699
640,-699
639,-700
638,-700
637,-700
636,-700
635,-700
634,-701
633,-701
632,-701
631,-701
630,-702
629,-702
628,-702
627,-702
626,-702
625,-703
624,-703
623,-703
622,-703
621,-703
620,-703
619,-703
618,-704
617,-704
616,-704
615,-704
614,-704
613,-704
612,-704
611,-704
610,-704
609,-704
608,-704
607,-704
606,-705
605,-705
604,-705
603,-705
602,-705
601,-705
600,-705
599,-705
598,-705
597,-705
596,-705
595,-705
594,-705
593,-705
592,-705
591,-705
590,-705
589,-705
588,-705
587,-705
586,-705
585,-705
584,-705
583,-705
582,-705
581,-705
580,-705
579,-705
578,-705
577,-705
576,-705
575,-705
574,-705
573,-705
572,-705
571,-705
570,-705
569,-705
568,-705
567,-705
566,-705
565,-705
564,-705
563,-705
562,-705
561,-705
560,-705
559,-705
558,-705
557,-705
556,-705
555,-705
554,-705
553,-705
552,-705
551,-705
550,-705
549,-705
548,-705
547,-705
546,-705
545,-705
544,-705
543,-705
542,-705
541,-706
540,-706
539,-706
538,-705
537,-705
536,-705
535,-705
534,-705
533,-705
532,-705
531,-705
530,-705
529,-705
528,-705
527,-705
526,-705
525,-705
524,-705
523,-705
522,-705
521,-705
520,-705
519,-705
518,-705
517,-705
516,-706
515,-706
514,-706
513,-706
512,-706
511,-706
510,-706
509,-705
508,-705
507,-705
506,-705
505,-705
504,-705
503,-705
502,-705
501,-706
500,-706
499,-706
498,-706
497,-706
496,-706
495,-706
494,-706
493,-706
492,-706
491,-706
490,-706
489,-706
488,-706
487,-706
486,-706
485,-706
484,-706
483,-706
482,-706
481,-706
480,-706
479,-706
478,-706
477,-706
476,-706
475,-706
474,-707
473,-707
472,-708
471,-708
471,-709
471,-710
471,-711
471,-712
471,-713
470,-714
470,-715
470,-716
470,-717
470,-718
469,-719
468,-720
467,-720
466,-720
465,-720
464,-720
463,-720
462,-721
461,-721
460,-721
459,-721
458,-720
458,-719
458,-718
458,-717
458,-716
458,-715
457,-715
456,-714
456,-713
456,-712
456,-711
455,-711
454,-711
453,-711
452,-711
451,-712
