541,-802
541,-803
541,-804
541,-805
541,-806
541,-807
541,-808
542,-809
543,-810
543,-811
544,-812
545,-812
546,-812
547,-812
548,-813
549,-814
550,-814
551,-814
552,-814
553,-814
554,-814
555,-814
556,-814
557,-814
558,-814
559,-814
560,-814
561,-815
562,-815
563,-815
564,-815
565,-815
566,-815
567,-815
568,-815
569,-815
570,-815
571,-815
572,-815
573,-815
574,-815
575,-815
576,-815
577,-815
578,-815
579,-815
580,-815
581,-815
582,-815
583,-815
584,-815
585,-815
586,-815
587,-815
588,-815
589,-815
590,-815
591,-815
592,-815
593,-815
594,-815
595,-815
596,-815
597,-815
598,-815
599,-816
600,-816
601,-816
602,-816
603,-816
604,-816
605,-816
606,-816
607,-816
608,-816
609,-816
610,-816
611,-816
612,-815
613,-815
614,-815
615,-815
616,-815
617,-815
618,-815
619,-815
620,-815
621,-815
622,-815
623,-815
624,-816
625,-816
626,-816
627,-816
628,-816
629,-816
630,-816
631,-816
632,-816
633,-816
634,-816
635,-817
636,-817
637,-818
638,-818
639,-818
640,-818
641,-818
642,-818
643,-818
644,-818
645,-818
646,-819
647,-819
648,-819
649,-819
650,-819
651,-819
652,-819
653,-820
654,-820
655,-820
656,-820
657,-820
658,-820
659,-820
660,-820
661,-821
662,-821
663,-821
664,-821
665,-821
666,-821
667,-821
668,-822
669,-822
670,-822
671,-822
672,-822
673,-822
674,-822
675,-822
676,-822
677,-822
678,-822
679,-822
680,-822
681,-822
682,-821
683,-821
684,-821
685,-821
686,-821
687,-821
688,-821
689,-820
690,-820
691,-820
692,-820
693,-820
694,-820
695,-820
696,-819
697,-818
698,-818
699,-818
700,-818
701,-817
702,-817
703,-816
704,-816
705,-816
706,-816
707,-816
708,-816
709,-816
710,-816
711,-815
712,-815
713,-815
714,-815
715,-814
716,-814
717,-814
718,-814
719,-814
720,-814
721,-813
722,-813
723,-813
724,-813
725,-813
726,-813
727,-813
728,-813
729,-812
730,-811
731,-811
732,-811
733,-810
734,-810
735,-809
736,-809
737,-809
738,-809
739,-809
740,-808
741,-808
742,-808
743,-807
744,-807
745,-807
746,-806
747,-805
748,-805
749,-804
750,-804
751,-804
752,-804
753,-803
754,-803
755,-802
756,-802
757,-801
758,-801
759,-801
760,-801
760,-800
761,-799
762,-799
763,-799
764,-799
765,-799
766,-799
767,-798
768,-797
769,-796
770,-796
771,-795
772,-794
773,-794
774,-794
775,-794
776,-793
777,-793
778,-793
779,-793
779,-792
780,-791
781,-790
782,-789
783,-789
784,-789
785,-788
786,-788
787,-787
788,-787
789,-787
789,-786
790,-785
791,-785
792,-785
793,-784
794,-783
795,-783
796,-782
797,-782
798,-781
799,-781
799,-780
800,-779
801,-778
802,-778
803,-778
804,-777
805,-776
806,-775
807,-775
808,-774
809,-774
810,-773
811,-772
812,-771
813,-770
814,-770
815,-769
816,-768
817,-767
818,-767
819,-766
820,-766
821,-765
822,-764
823,-764
823,-763
824,-762
825,-762
826,-761
827,-760
828,-759
829,-759
830,-758
831,-758
831,-757
832,-756
833,-755
834,-755
834,-754
835,-753
836,-753
836,-752
837,-751
838,-751
838,-750
838,-749
839,-748
840,-748
841,-748
842,-747
843,-746
844,-746
845,-745
846,-744
847,-743
848,-743
849,-742
850,-741
851,-740
852,-740
853,-739
854,-738
855,-738
856,-737
857,-737
858,-736
859,-735
860,-735
861,-734
862,-734
863,-734
864,-733
865,-732
866,-732
867,-732
868,-731
869,-730
870,-730
871,-730
872,-729
873,-729
874,-729
875,-728
876,-728
877,-728
878,-728
879,-727
880,-727
881,-727
882,-726
883,-726
884,-726
885,-726
886,-725
887,-725
888,-725
889,-725
890,-725
891,-725
892,-724
893,-724
894,-724
895,-723
896,-723
897,-723
898,-722
899,-722
900,-722
901,-722
902,-722
903,-722
904,-721
905,-721
906,-721
907,-721
908,-721
909,-721
910,-721
911,-721
912,-721
913,-720
914,-720
915,-720
916,-719
917,-719
918,-719
919,-719
920,-719
921,-719
922,-718
923,-718
924,-718
925,-718
926,-718
927,-718
928,-718
929,-718
930,-717
931,-717
932,-717
933,-717
934,-717
935,-717
936,-717
937,-716
938,-715
939,-715
940,-715
941,-715
942,-714
943,-714
944,-714
945,-714
946,-714
947,-714
948,-713
949,-713
950,-713
951,-713
952,-712
953,-712
954,-711
955,-711
956,-711
957,-711
958,-710
959,-710
959,-709
959,-708
959,-707
959,-706
960,-705
960,-704
960,-703
960,-702
960,-701
959,-701
958,-700
958,-699
957,-698
957,-697
957,-696
957,-695
956,-695
955,-695
954,-695
953,-695
952,-695
951,-695
950,-695
949,-695
948,-695
947,-696
946,-696
945,-696
944,-696
943,-695
942,-695
941,-695
940,-695
939,-695
938,-695
937,-694
937,-693
936,-693
935,-693
934,-693
933,-693
932,-693
931,-693
930,-694
929,-694
928,-694
927,-694
926,-694
925,-694
924,-694
923,-694
922,-693
921,-693
920,-693
919,-693
918,-692
918,-691
918,-690
918,-689
918,-688
918,-687
918,-686
918,-685
917,-685
916,-685
915,-685
914,-685
913,-686
912,-686
911,-686
910,-686
909,-686
908,-686
907,-686
906,-686
905,-686
904,-686
903,-686
902,-686
901,-687
900,-687
899,-687
898,-687
897,-688
896,-688
895,-688
894,-688
893,-688
892,-688
891,-689
890,-689
889,-689
888,-689
887,-689
886,-689
885,-689
884,-689
883,-690
882,-690
881,-690
880,-690
879,-690
878,-690
877,-690
876,-691
875,-691
874,-691
873,-691
872,-691
871,-691
870,-691
869,-691
868,-691
867,-691
866,-692
865,-692
864,-692
863,-692
862,-692
861,-692
860,-692
859,-692
858,-692
857,-692
856,-693
855,-693
854,-693
853,-693
852,-693
851,-693
850,-693
849,-693
848,-693
847,-693
846,-693
845,-693
844,-692
843,-692
842,-692
841,-692
840,-692
839,-692
838,-692
837,-692
836,-692
835,-692
834,-691
833,-691
832,-691
831,-691
830,-690
829,-690
828,-690
827,-690
826,-690
825,-690
824,-689
823,-689
822,-688
821,-688
820,-688
819,-688
818,-687
817,-687
816,-686
815,-686
814,-686
813,-686
812,-685
811,-685
810,-685
809,-684
808,-684
807,-684
806,-683
805,-683
804,-683
803,-683
802,-682
801,-682
800,-682
799,-682
798,-682
797,-681
796,-681
795,-681
794,-681
793,-681
792,-680
791,-680
790,-680
789,-680
788,-680
787,-680
786,-680
785,-680
784,-680
783,-680
782,-679
781,-679
780,-679
779,-679
778,-679
777,-679
776,-679
775,-679
774,-679
773,-679
772,-679
771,-679
770,-679
769,-679
768,-679
767,-679
766,-679
765,-679
764,-679
763,-679
762,-679
761,-679
760,-679
759,-679
758,-679
757,-679
756,-679
755,-679
754,-679
753,-679
752,-679
751,-679
750,-679
749,-679
748,-679
747,-680
746,-680
745,-680
744,-680
743,-680
742,-680
741,-680
740,-680
739,-680
738,-680
737,-681
736,-681
735,-681
734,-681
733,-681
732,-682
731,-682
730,-682
729,-682
728,-682
727,-682
726,-682
725,-683
724,-683
723,-683
722,-683
721,-683
720,-684
719,-684
718,-684
717,-684
716,-685
715,-685
714,-685
713,-686
712,-686
711,-686
710,-687
709,-687
708,-687
707,-687
706,-688
705,-688
704,-688
703,-689
702,-690
701,-690
700,-690
699,-691
698,-691
697,-691
696,-691
695,-692
694,-692
693,-692
692,-692
691,-692
690,-693
689,-693
688,-694
687,-694
686,-694
685,-695
684,-696
683,-696
682,-696
681,-696
680,-697
679,-697
678,-698
677,-698
676,-698
675,-699
674,-699
673,-699
672,-700
671,-701
670,-702
669,-702
668,-703
667,-703
666,-703
665,-704
664,-704
663,-705
662,-705
661,-706
660,-706
659,-707
658,-707
657,-708
656,-708
655,-709
654,-710
653,-710
652,-711
651,-711
650,-712
649,-713
648,-713
647,-714
646,-715
645,-715
644,-716
643,-717
642,-717
641,-718
640,-719
639,-720
638,-721
637,-721
636,-722
635,-723
634,-724
633,-725
632,-725
631,-726
630,-727
629,-727
628,-728
627,-729
626,-730
625,-730
624,-731
623,-732
622,-733
621,-734
620,-734
619,-735
618,-736
617,-736
616,-737
615,-738
614,-739
613,-739
612,-740
611,-741
610,-741
609,-742
608,-743
607,-744
606,-744
605,-745
604,-745
603,-746
602,-747
601,-748
600,-748
599,-749
598,-749
597,-750
596,-750
595,-751
594,-752
593,-752
592,-753
591,-754
590,-754
589,-755
588,-756
587,-756
586,-757
585,-758
584,-759
583,-760
582,-760
581,-761
580,-762
579,-762
578,-763
577,-764
577,-765
576,-766
575,-767
574,-767
573,-768
572,-769
571,-770
570,-771
569,-772
568,-773
567,-774
566,-775
565,-776
564,-777
563,-777
562,-778
561,-779
561,-780
560,-781
559,-781
558,-782
557,-783
556,-784
555,-785
554,-786
553,-787
552,-788
551,-789
550,-790
549,-791
548,-792
547,-793
546,-793
545,-794
544,-795
543,-796
543,-797
542,-798
542,-799
542,-800
542,-801
541,-802
