538,-715
538,-716
538,-717
538,-718
538,-719
538,-720
538,-721
538,-722
538,-723
539,-724
539,-725
539,-726
540,-727
541,-727
542,-728
542,-729
543,-730
544,-731
544,-732
544,-733
544,-734
545,-735
545,-736
546,-737
547,-737
548,-737
549,-737
550,-738
550,-739
551,-740
552,-741
553,-742
554,-743
555,-744
556,-744
557,-744
558,-745
559,-746
559,-747
560,-747
561,-748
562,-748
563,-749
564,-750
565,-750
566,-751
567,-752
568,-753
569,-754
570,-754
571,-755
571,-756
572,-757
573,-758
574,-758
575,-758
576,-759
577,-760
578,-760
579,-761
580,-762
581,-763
582,-764
583,-764
584,-765
585,-766
586,-767
587,-767
588,-768
588,-769
589,-769
590,-769
591,-770
592,-770
593,-771
593,-772
594,-772
595,-773
596,-774
597,-774
598,-775
599,-775
600,-776
600,-777
601,-777
602,-778
603,-778
604,-779
605,-779
606,-780
607,-781
608,-782
609,-783
610,-783
611,-783
612,-784
613,-785
613,-786
614,-786
615,-786
616,-787
617,-787
618,-787
619,-788
619,-789
620,-789
621,-789
622,-790
623,-790
624,-791
625,-791
626,-792
627,-793
628,-793
629,-794
630,-795
631,-795
632,-796
633,-797
634,-798
635,-798
636,-798
637,-799
638,-799
639,-799
640,-800
641,-801
642,-801
643,-802
644,-803
645,-803
646,-803
647,-804
648,-804
649,-805
650,-805
651,-805
652,-805
653,-806
654,-806
655,-807
656,-807
657,-807
658,-808
659,-808
660,-809
661,-809
662,-809
663,-809
664,-810
665,-810
666,-811
667,-811
668,-811
669,-812
670,-812
671,-812
672,-813
673,-813
674,-813
675,-813
676,-813
677,-814
678,-814
679,-814
680,-814
681,-814
682,-815
683,-815
684,-815
685,-815
686,-815
687,-815
688,-815
689,-816
690,-817
691,-817
692,-817
693,-817
694,-817
695,-817
696,-817
697,-817
698,-817
699,-818
700,-818
701,-818
702,-818
703,-818
704,-818
705,-818
706,-818
707,-819
708,-819
709,-819
710,-819
711,-820
712,-820
713,-820
714,-820
715,-820
716,-820
717,-820
718,-820
719,-820
720,-820
721,-821
722,-821
723,-821
724,-821
725,-821
726,-821
727,-821
728,-821
729,-822
730,-822
731,-822
732,-822
733,-822
734,-822
735,-822
736,-822
737,-822
738,-822
739,-822
740,-822
741,-822
742,-822
743,-822
744,-821
745,-821
746,-821
747,-821
748,-821
749,-821
750,-821
751,-821
752,-821
753,-821
754,-820
755,-820
756,-820
757,-820
758,-820
759,-820
760,-820
761,-820
762,-820
763,-819
764,-818
765,-818
766,-818
767,-818
768,-818
769,-818
770,-818
771,-818
772,-818
773,-817
774,-817
775,-817
776,-817
777,-817
778,-816
779,-816
780,-816
781,-816
782,-815
783,-815
784,-814
785,-814
786,-813
787,-813
788,-813
789,-813
790,-813
791,-813
792,-812
793,-812
794,-811
795,-811
796,-810
797,-810
798,-810
799,-809
800,-809
801,-809
802,-809
803,-809
803,-808
804,-807
805,-807
806,-807
807,-807
808,-806
809,-806
810,-805
811,-805
812,-805
813,-805
814,-805
815,-805
816,-805
817,-805
818,-805
819,-806
820,-806
821,-806
822,-806
823,-806
824,-806
825,-806
826,-806
827,-806
828,-806
829,-806
830,-806
831,-806
832,-806
833,-807
834,-807
835,-807
836,-807
837,-807
838,-807
839,-808
840,-809
841,-809
842,-809
843,-809
844,-809
845,-809
846,-809
847,-810
848,-810
849,-811
850,-811
851,-811
852,-811
853,-811
854,-811
855,-811
856,-812
857,-812
858,-813
859,-813
860,-813
861,-813
862,-814
863,-814
864,-814
865,-814
866,-814
867,-815
868,-815
869,-815
870,-815
871,-815
872,-815
873,-815
874,-815
875,-815
876,-815
877,-816
878,-816
879,-816
880,-816
881,-816
882,-816
883,-816
884,-816
885,-816
886,-816
887,-816
888,-816
889,-816
890,-816
891,-816
892,-816
893,-816
894,-816
895,-816
896,-816
897,-816
898,-816
899,-816
900,-816
901,-816
902,-816
903,-816
904,-816
905,-816
906,-816
907,-816
908,-816
909,-815
910,-815
911,-815
912,-816
913,-816
914,-816
915,-816
916,-816
917,-815
918,-815
919,-815
920,-815
921,-815
922,-815
923,-815
924,-815
925,-815
926,-815
927,-814
928,-814
929,-814
930,-814
931,-814
932,-813
933,-813
934,-813
934,-812
935,-811
936,-811
937,-811
938,-811
939,-811
940,-811
941,-811
942,-811
943,-811
944,-811
945,-810
946,-810
947,-810
948,-811
949,-811
950,-811
951,-811
952,-811
952,-810
953,-809
954,-809
955,-809
956,-809
957,-809
958,-808
959,-808
960,-807
960,-806
960,-805
961,-804
962,-804
963,-804
963,-803
963,-802
963,-801
963,-800
963,-799
963,-798
963,-797
963,-796
963,-795
963,-794
963,-793
963,-792
963,-791
963,-790
963,-789
963,-788
963,-787
962,-786
962,-785
961,-784
961,-783
960,-783
959,-783
958,-783
957,-783
956,-783
955,-783
954,-783
953,-783
952,-783
951,-782
951,-781
951,-780
951,-779
951,-778
951,-777
950,-777
949,-777
948,-777
947,-776
947,-775
947,-774
946,-774
945,-774
944,-773
943,-772
942,-772
941,-772
940,-772
939,-772
938,-772
937,-772
936,-772
935,-772
934,-771
933,-771
932,-771
931,-771
930,-771
929,-771
928,-771
927,-771
926,-771
925,-771
924,-771
924,-772
923,-773
922,-773
921,-773
920,-773
919,-772
918,-772
917,-772
916,-772
915,-772
914,-771
913,-771
912,-771
911,-771
910,-771
909,-771
908,-771
907,-771
906,-771
905,-771
904,-771
903,-771
902,-771
901,-771
900,-771
899,-771
898,-770
897,-770
896,-770
895,-770
894,-770
893,-770
892,-770
891,-770
890,-770
889,-770
888,-770
887,-770
886,-770
885,-770
884,-770
883,-770
882,-770
881,-770
880,-770
879,-770
878,-770
877,-770
876,-770
875,-770
874,-770
873,-769
872,-769
871,-769
870,-769
869,-768
868,-768
867,-767
866,-767
865,-767
864,-766
863,-766
862,-765
861,-765
860,-764
859,-764
858,-764
857,-763
856,-763
855,-762
854,-762
853,-761
852,-761
851,-760
850,-760
849,-759
848,-759
847,-758
846,-758
845,-757
844,-756
843,-755
842,-755
841,-754
840,-753
839,-752
838,-752
837,-751
836,-750
835,-750
834,-749
833,-748
832,-747
831,-747
830,-746
829,-745
828,-744
827,-743
826,-742
825,-741
824,-740
824,-739
823,-738
822,-737
821,-736
820,-735
819,-734
818,-733
818,-732
817,-732
816,-731
815,-730
815,-729
814,-729
813,-728
813,-727
812,-727
811,-726
810,-725
809,-724
808,-724
807,-723
806,-722
805,-721
804,-720
803,-719
802,-718
801,-718
800,-717
799,-717
798,-716
797,-715
796,-714
795,-714
794,-713
793,-713
792,-712
791,-711
790,-711
789,-710
788,-709
787,-709
786,-709
785,-708
784,-708
783,-707
782,-706
781,-706
780,-705
779,-705
778,-705
777,-704
776,-704
775,-703
774,-702
773,-702
772,-701
771,-701
770,-700
769,-700
768,-700
767,-699
766,-698
765,-698
764,-698
763,-697
762,-697
761,-697
760,-696
759,-696
758,-695
757,-695
756,-695
755,-694
754,-693
753,-693
752,-693
751,-693
750,-692
749,-692
748,-692
747,-692
746,-691
745,-691
744,-691
743,-690
742,-689
741,-689
740,-689
739,-689
738,-689
737,-688
736,-688
735,-688
734,-688
733,-687
732,-687
731,-687
730,-686
729,-686
728,-685
727,-685
726,-685
725,-685
724,-684
723,-684
722,-684
721,-684
720,-684
719,-684
718,-683
717,-683
716,-683
715,-683
714,-682
713,-682
712,-682
711,-682
710,-682
709,-681
708,-681
707,-681
706,-681
705,-681
704,-681
703,-681
702,-681
701,-680
700,-680
699,-680
698,-680
697,-680
696,-680
695,-680
694,-680
693,-680
692,-680
691,-680
690,-680
689,-680
688,-680
687,-680
686,-680
685,-680
684,-680
683,-680
682,-680
681,-680
680,-680
679,-680
678,-680
677,-680
676,-680
675,-680
674,-680
673,-680
672,-680
671,-680
670,-680
669,-680
668,-680
667,-680
666,-680
665,-680
664,-680
663,-680
662,-680
661,-680
660,-680
659,-680
658,-680
657,-680
656,-680
655,-681
654,-681
653,-681
652,-681
651,-681
650,-681
649,-681
648,-681
647,-682
646,-682
645,-682
644,-682
643,-682
642,-683
641,-683
640,-683
639,-683
638,-684
637,-684
636,-684
635,-684
634,-684
633,-684
632,-684
631,-684
630,-685
629,-685
628,-685
627,-685
626,-685
625,-685
624,-685
623,-686
622,-686
621,-686
620,-686
619,-687
618,-687
617,-687
616,-688
615,-689
614,-689
613,-689
612,-689
611,-689
610,-689
609,-690
608,-690
607,-691
606,-691
605,-691
604,-692
603,-692
602,-692
601,-693
600,-693
599,-694
598,-694
597,-694
596,-694
595,-694
594,-695
593,-695
592,-696
591,-696
590,-697
589,-697
588,-697
587,-698
586,-698
585,-698
584,-699
583,-699
582,-699
581,-700
580,-700
579,-700
578,-701
577,-701
576,-701
575,-702
574,-702
573,-702
572,-703
571,-703
570,-704
569,-704
568,-704
568,-705
567,-706
566,-706
565,-707
564,-708
563,-709
562,-710
561,-711
560,-711
559,-712
558,-712
557,-712
556,-711
556,-710
556,-709
555,-709
554,-709
553,-709
552,-709
551,-709
550,-709
549,-710
548,-710
547,-711
546,-711
545,-711
544,-712
543,-712
542,-713
541,-713
540,-714
539,-715
538,-715
