531,-867
531,-868
531,-869
531,-870
531,-871
531,-872
531,-873
531,-874
532,-875
533,-875
534,-876
535,-876
536,-877
536,-878
536,-879
536,-880
537,-880
538,-880
539,-880
540,-880
541,-880
542,-881
543,-881
544,-881
545,-881
546,-881
547,-881
548,-881
549,-881
550,-881
551,-881
552,-881
553,-881
554,-881
555,-881
556,-881
557,-881
558,-881
559,-880
560,-880
561,-880
562,-880
563,-880
564,-880
565,-880
566,-880
567,-880
568,-880
569,-880
569,-879
570,-878
570,-877
570,-876
570,-875
571,-874
572,-874
572,-873
572,-872
572,-871
572,-870
573,-869
574,-869
575,-869
576,-869
577,-869
578,-869
579,-869
579,-868
580,-867
580,-866
580,-865
580,-864
581,-863
582,-863
583,-863
583,-862
584,-861
585,-860
585,-859
586,-858
587,-858
588,-858
589,-858
590,-857
591,-856
591,-855
591,-854
591,-853
592,-852
593,-852
594,-852
595,-852
596,-851
596,-850
596,-849
597,-848
597,-847
598,-846
599,-846
600,-846
601,-846
602,-846
603,-845
604,-845
605,-845
606,-844
606,-843
606,-842
606,-841
607,-840
608,-839
609,-839
610,-839
610,-838
611,-837
612,-837
613,-837
614,-836
614,-835
615,-834
616,-834
616,-833
616,-832
617,-831
618,-831
619,-831
620,-831
621,-831
621,-830
621,-829
622,-828
623,-828
624,-828
625,-828
625,-827
626,-826
627,-825
628,-825
628,-824
629,-823
629,-822
630,-821
631,-821
632,-820
633,-819
634,-819
635,-819
636,-818
637,-818
637,-817
638,-816
639,-815
640,-815
641,-815
642,-815
642,-814
643,-813
644,-812
645,-812
646,-812
647,-812
647,-811
648,-810
649,-810
650,-810
650,-809
651,-808
652,-808
653,-808
654,-807
655,-807
656,-807
657,-806
658,-805
659,-805
660,-805
661,-805
662,-805
663,-804
664,-804
665,-804
666,-804
667,-804
668,-804
669,-804
670,-804
671,-804
672,-804
673,-804
674,-804
675,-804
676,-804
677,-804
678,-805
679,-805
680,-805
681,-805
682,-805
683,-805
684,-806
685,-807
686,-807
687,-807
688,-807
689,-808
690,-808
691,-808
692,-808
693,-808
694,-809
694,-810
694,-811
695,-811
696,-811
697,-811
698,-811
699,-811
700,-811
701,-812
702,-812
703,-812
704,-812
705,-813
706,-813
707,-814
708,-814
709,-814
710,-815
711,-815
712,-815
713,-815
714,-815
715,-816
716,-816
717,-816
718,-816
719,-816
720,-816
721,-816
722,-816
723,-816
724,-816
725,-816
726,-817
726,-818
727,-818
728,-818
729,-818
730,-818
731,-818
732,-818
733,-818
734,-818
735,-818
736,-818
737,-819
738,-819
739,-819
740,-819
741,-819
742,-818
743,-818
744,-818
745,-818
745,-817
745,-816
746,-815
747,-815
748,-814
749,-814
750,-814
751,-814
752,-814
753,-814
754,-813
755,-813
756,-813
757,-813
757,-812
758,-811
758,-810
759,-809
760,-809
761,-809
762,-809
763,-809
764,-809
765,-809
765,-808
765,-807
765,-806
766,-805
767,-805
768,-805
769,-805
769,-804
770,-803
771,-803
772,-803
772,-802
772,-801
773,-800
774,-799
775,-799
776,-799
777,-799
778,-799
779,-799
779,-798
779,-797
780,-796
781,-795
782,-795
783,-795
784,-795
785,-795
785,-794
785,-793
786,-792
787,-791
788,-791
789,-791
790,-791
790,-790
790,-789
791,-788
792,-787
793,-787
794,-787
795,-787
796,-787
797,-787
798,-786
799,-786
799,-785
799,-784
799,-783
799,-782
800,-781
801,-781
802,-781
803,-780
804,-780
805,-780
806,-780
807,-780
808,-779
809,-779
810,-779
810,-778
810,-777
810,-776
811,-775
812,-775
813,-775
814,-775
815,-774
816,-774
817,-773
818,-772
819,-771
820,-771
821,-771
822,-771
822,-770
823,-769
824,-769
824,-768
825,-767
826,-767
827,-767
828,-767
829,-767
830,-767
831,-766
832,-766
833,-766
833,-765
833,-764
834,-763
835,-763
836,-762
837,-761
838,-761
838,-760
838,-759
838,-758
838,-757
838,-756
839,-755
840,-755
841,-755
842,-755
843,-755
844,-755
845,-755
845,-754
845,-753
845,-752
845,-751
845,-750
845,-749
845,-748
845,-747
845,-746
845,-745
845,-744
846,-743
847,-743
848,-743
849,-744
850,-744
851,-744
852,-744
853,-744
853,-743
854,-742
855,-741
856,-740
857,-740
858,-739
859,-738
860,-738
861,-738
862,-738
863,-738
863,-737
864,-736
865,-736
866,-736
867,-736
868,-736
869,-735
869,-734
870,-733
871,-733
871,-732
872,-731
873,-731
874,-730
875,-729
876,-729
877,-728
878,-728
879,-728
880,-728
880,-727
880,-726
881,-725
882,-725
883,-724
883,-723
884,-722
885,-722
885,-721
886,-720
887,-720
888,-720
889,-719
890,-719
890,-718
891,-717
892,-716
892,-715
893,-714
894,-714
895,-714
895,-713
896,-712
897,-712
897,-711
897,-710
898,-709
899,-708
900,-707
901,-706
902,-706
902,-705
903,-704
904,-704
905,-703
906,-702
907,-702
908,-701
909,-701
909,-700
910,-699
910,-698
911,-697
912,-696
913,-696
914,-695
915,-694
916,-694
916,-693
916,-692
917,-691
918,-690
919,-690
920,-689
921,-689
921,-688
922,-687
923,-686
924,-685
925,-685
926,-684
927,-683
928,-683
929,-683
929,-682
930,-681
931,-680
932,-680
933,-679
934,-678
934,-677
935,-676
936,-675
937,-674
938,-674
939,-674
939,-673
939,-672
940,-671
941,-670
942,-669
943,-669
944,-668
945,-667
946,-667
947,-667
948,-666
949,-666
950,-666
950,-665
950,-664
951,-663
951,-662
952,-661
953,-661
954,-661
955,-660
956,-660
957,-660
957,-659
957,-658
957,-657
957,-656
957,-655
957,-654
957,-653
957,-652
958,-651
959,-651
960,-651
960,-650
961,-649
962,-649
963,-649
964,-649
965,-649
966,-648
966,-647
967,-646
968,-645
969,-645
970,-644
971,-643
971,-642
971,-641
971,-640
971,-639
970,-639
969,-639
968,-638
967,-638
966,-637
965,-637
964,-636
964,-635
964,-634
965,-633
965,-632
965,-631
965,-630
965,-629
965,-628
965,-627
964,-626
963,-626
962,-625
961,-625
960,-625
959,-625
958,-624
957,-624
956,-624
955,-624
954,-623
953,-623
952,-623
951,-623
950,-623
949,-623
948,-623
947,-623
946,-623
945,-622
944,-622
943,-622
942,-622
941,-622
940,-622
939,-622
938,-622
937,-622
936,-622
935,-622
934,-622
933,-622
932,-622
931,-622
930,-621
929,-621
928,-621
927,-621
926,-621
925,-621
924,-620
923,-620
922,-620
921,-620
920,-620
919,-620
918,-620
917,-620
916,-620
915,-620
914,-620
913,-620
912,-620
911,-620
910,-620
909,-620
908,-620
907,-620
906,-620
905,-620
904,-620
903,-620
902,-620
901,-620
900,-620
899,-620
898,-620
897,-620
896,-620
895,-620
894,-620
893,-620
892,-620
891,-620
890,-620
889,-620
888,-620
887,-620
886,-620
885,-620
884,-620
883,-620
882,-620
881,-621
880,-621
879,-621
878,-621
877,-621
876,-621
875,-621
874,-621
873,-621
872,-621
871,-622
870,-622
869,-622
868,-622
867,-622
866,-622
865,-622
864,-623
863,-623
862,-623
861,-623
860,-623
859,-623
858,-623
857,-624
856,-624
855,-624
854,-624
853,-624
852,-624
851,-624
850,-625
849,-625
848,-625
847,-625
846,-625
845,-625
844,-625
843,-625
842,-625
841,-625
840,-625
839,-625
838,-625
837,-625
836,-625
835,-625
834,-625
833,-625
832,-625
831,-625
830,-625
829,-625
828,-626
827,-626
826,-626
825,-626
824,-626
823,-626
822,-626
821,-626
820,-626
819,-626
818,-626
817,-626
816,-626
815,-627
814,-627
813,-627
812,-627
811,-627
810,-627
809,-628
808,-628
807,-628
806,-628
805,-628
804,-628
803,-629
802,-629
801,-629
800,-629
799,-629
798,-629
797,-629
796,-630
795,-630
794,-630
793,-631
792,-631
791,-631
790,-631
789,-632
788,-632
787,-632
786,-632
785,-632
784,-632
783,-633
782,-633
781,-634
780,-634
779,-634
778,-635
777,-635
776,-636
775,-636
774,-636
773,-636
772,-637
771,-637
770,-638
769,-638
768,-639
767,-639
766,-640
765,-640
764,-640
763,-641
762,-641
761,-642
760,-642
759,-643
758,-643
757,-644
756,-644
755,-645
754,-645
753,-646
752,-646
751,-647
750,-648
749,-648
748,-649
747,-649
746,-650
745,-651
744,-651
743,-652
742,-652
741,-653
740,-653
739,-654
738,-654
737,-655
736,-656
735,-656
734,-657
733,-658
732,-658
731,-659
730,-660
729,-661
728,-661
727,-662
726,-663
725,-663
724,-664
723,-665
722,-665
721,-666
720,-667
719,-668
718,-669
717,-670
716,-670
715,-671
714,-672
713,-673
712,-674
711,-674
710,-675
709,-676
708,-677
707,-678
706,-679
705,-680
704,-680
703,-681
702,-682
701,-683
700,-684
699,-684
698,-685
697,-686
696,-687
695,-687
694,-688
693,-689
692,-690
691,-691
690,-692
689,-692
688,-693
687,-694
686,-695
685,-696
684,-696
683,-697
682,-698
681,-699
680,-700
679,-701
678,-702
677,-703
676,-704
675,-705
674,-706
673,-707
672,-708
671,-709
670,-710
670,-711
669,-712
668,-713
667,-714
666,-715
665,-716
664,-717
664,-718
664,-719
663,-720
662,-721
662,-722
661,-723
660,-724
660,-725
659,-726
659,-727
658,-728
658,-729
657,-730
657,-731
656,-732
656,-733
655,-734
654,-735
654,-736
653,-737
653,-738
652,-739
651,-740
650,-741
650,-742
650,-743
649,-744
648,-745
648,-746
647,-747
646,-748
645,-749
644,-750
644,-751
643,-752
642,-753
641,-754
640,-755
639,-756
638,-757
637,-758
636,-758
635,-759
634,-760
633,-760
632,-761
631,-762
630,-763
629,-764
628,-765
627,-765
626,-765
626,-766
625,-767
624,-767
623,-768
622,-768
621,-769
620,-770
619,-771
618,-772
617,-773
616,-773
615,-774
614,-775
613,-776
612,-777
611,-778
610,-778
609,-779
608,-780
607,-781
606,-781
605,-782
604,-783
603,-783
603,-784
602,-785
601,-786
600,-786
599,-786
598,-787
597,-787
596,-788
595,-789
594,-790
593,-790
592,-790
592,-791
591,-792
590,-792
589,-793
589,-794
588,-795
587,-796
586,-796
586,-797
585,-798
584,-798
583,-799
582,-799
581,-800
580,-801
579,-801
578,-802
577,-803
576,-804
576,-805
575,-806
574,-807
573,-807
572,-807
571,-807
571,-808
571,-809
571,-810
570,-811
569,-811
568,-811
567,-812
566,-812
565,-813
564,-814
563,-814
563,-815
562,-816
561,-816
561,-817
560,-818
559,-818
558,-819
558,-820
558,-821
558,-822
557,-823
556,-823
555,-824
554,-824
553,-824
552,-825
551,-825
550,-826
550,-827
549,-828
549,-829
549,-830
549,-831
549,-832
549,-833
550,-833
551,-833
552,-833
553,-833
554,-833
555,-832
556,-831
557,-831
558,-830
559,-830
560,-830
561,-830
562,-830
563,-831
563,-832
564,-833
564,-834
564,-835
564,-836
564,-837
564,-838
564,-839
564,-840
564,-841
564,-842
564,-843
564,-844
565,-844
566,-845
566,-846
567,-846
568,-846
569,-846
570,-846
571,-846
572,-846
572,-845
573,-844
574,-844
575,-844
576,-844
577,-845
577,-846
577,-847
576,-848
575,-849
574,-849
573,-850
572,-851
571,-852
570,-853
569,-854
568,-855
567,-855
566,-856
565,-857
564,-858
563,-859
562,-860
561,-860
561,-861
560,-862
559,-862
558,-862
557,-862
556,-862
555,-862
554,-861
553,-861
552,-860
551,-860
550,-860
549,-859
548,-859
547,-859
546,-858
545,-858
544,-858
543,-857
542,-857
541,-857
540,-857
539,-857
539,-858
539,-859
538,-860
537,-861
537,-862
536,-863
535,-864
534,-864
533,-864
533,-865
532,-866
531,-867
