584,-797
584,-798
584,-799
584,-800
584,-801
584,-802
585,-802
586,-803
587,-803
588,-803
589,-803
590,-803
591,-802
592,-802
593,-802
594,-803
595,-803
596,-803
597,-803
598,-803
599,-803
600,-802
601,-801
602,-801
603,-801
604,-800
605,-800
606,-800
607,-800
608,-800
609,-800
610,-800
611,-800
612,-799
613,-799
614,-799
615,-798
616,-798
617,-797
618,-797
619,-797
620,-797
621,-797
622,-796
623,-796
624,-796
625,-796
626,-796
627,-796
628,-795
629,-795
630,-795
631,-794
632,-794
633,-794
634,-794
635,-793
636,-793
637,-793
638,-793
639,-793
640,-793
641,-792
642,-791
643,-791
644,-791
645,-791
646,-791
647,-791
648,-790
649,-790
650,-790
651,-790
652,-790
653,-789
654,-789
655,-789
656,-789
657,-789
658,-789
659,-789
660,-789
661,-789
662,-788
663,-788
664,-788
665,-788
666,-788
667,-788
668,-788
669,-788
670,-788
671,-788
672,-788
673,-788
674,-788
675,-789
676,-789
677,-789
678,-789
679,-789
680,-789
681,-789
682,-789
683,-789
684,-789
685,-789
686,-789
687,-789
688,-789
689,-789
690,-789
691,-789
692,-789
693,-790
694,-790
695,-790
696,-790
697,-790
698,-790
699,-791
700,-791
701,-792
702,-792
703,-792
704,-793
705,-794
706,-795
707,-795
708,-796
709,-796
710,-796
711,-797
712,-797
713,-797
714,-798
715,-798
716,-799
717,-799
718,-800
719,-801
720,-801
721,-801
722,-801
723,-802
724,-802
725,-803
726,-804
727,-804
728,-804
729,-805
730,-805
731,-806
732,-806
733,-806
734,-806
735,-806
736,-806
737,-807
738,-807
739,-807
740,-807
741,-808
742,-808
743,-808
744,-808
745,-809
746,-809
747,-809
748,-809
749,-809
750,-809
751,-810
752,-810
753,-810
754,-810
755,-810
756,-810
757,-811
758,-811
759,-811
760,-812
761,-812
762,-812
763,-812
764,-812
765,-812
766,-812
767,-812
768,-812
769,-812
770,-812
771,-812
772,-812
773,-812
774,-812
775,-812
776,-812
777,-812
778,-812
779,-812
780,-812
781,-812
782,-812
783,-812
784,-812
785,-811
786,-811
787,-811
788,-811
789,-811
790,-811
791,-811
792,-810
793,-810
794,-810
795,-810
796,-810
797,-809
798,-809
799,-809
800,-809
801,-808
802,-807
803,-807
804,-807
805,-807
806,-806
807,-805
808,-805
809,-805
810,-805
811,-805
812,-804
813,-804
814,-804
815,-804
815,-803
816,-802
817,-802
818,-802
819,-801
820,-801
821,-800
822,-800
823,-799
824,-799
825,-798
826,-798
827,-798
828,-797
829,-797
830,-797
831,-797
832,-796
833,-795
834,-794
835,-794
836,-793
837,-793
838,-793
839,-793
840,-793
840,-792
840,-791
841,-790
842,-790
843,-790
844,-789
845,-788
846,-787
847,-787
848,-787
849,-786
850,-785
851,-784
852,-784
853,-783
854,-783
855,-782
856,-782
857,-781
858,-781
859,-780
860,-779
861,-779
862,-778
863,-777
864,-777
865,-777
866,-777
867,-776
868,-775
869,-774
870,-774
871,-773
872,-773
873,-773
873,-772
874,-771
875,-771
876,-771
877,-770
878,-770
879,-769
880,-768
881,-767
882,-767
882,-766
883,-765
884,-764
885,-764
886,-763
887,-763
888,-762
889,-761
890,-760
891,-760
891,-759
892,-758
893,-758
894,-758
895,-758
895,-757
896,-756
897,-755
898,-755
898,-754
898,-753
899,-752
900,-751
901,-751
902,-750
903,-750
904,-749
905,-749
906,-749
906,-748
906,-747
907,-746
908,-746
909,-745
910,-744
911,-744
912,-744
912,-743
913,-742
914,-742
914,-741
914,-740
914,-739
915,-738
916,-738
917,-737
918,-736
918,-735
918,-734
918,-733
918,-732
918,-731
918,-730
918,-729
918,-728
918,-727
918,-726
918,-725
917,-724
916,-723
915,-723
914,-722
913,-722
912,-721
911,-720
910,-720
909,-719
908,-718
907,-718
906,-717
905,-716
904,-715
903,-715
902,-714
901,-713
900,-712
899,-712
898,-711
897,-711
896,-710
895,-709
894,-709
893,-709
892,-708
891,-708
890,-707
889,-707
888,-706
887,-706
886,-705
885,-705
884,-705
883,-705
882,-704
881,-704
880,-703
879,-703
878,-702
877,-702
876,-702
875,-702
874,-701
873,-701
872,-701
871,-701
870,-701
869,-700
868,-700
867,-700
866,-700
865,-699
864,-699
863,-699
862,-699
861,-699
860,-698
859,-698
858,-697
857,-697
856,-697
855,-697
854,-697
853,-696
852,-696
851,-696
850,-696
849,-696
848,-696
847,-696
846,-695
846,-694
845,-694
844,-694
843,-694
842,-693
841,-693
840,-693
839,-693
838,-693
837,-693
836,-693
835,-693
834,-693
833,-693
832,-692
831,-692
830,-692
829,-691
828,-691
827,-691
826,-691
825,-691
824,-691
823,-691
822,-691
821,-691
820,-691
819,-691
818,-692
817,-692
816,-692
815,-692
814,-692
813,-692
812,-691
811,-690
810,-690
809,-690
808,-690
807,-690
806,-690
805,-690
804,-690
803,-690
802,-690
801,-690
800,-690
799,-690
798,-690
797,-690
796,-690
795,-690
794,-690
793,-691
792,-691
791,-691
790,-691
789,-691
788,-691
787,-691
786,-692
785,-692
784,-692
783,-692
782,-692
781,-692
780,-692
779,-692
778,-693
777,-693
776,-693
775,-694
774,-694
773,-694
772,-694
771,-694
770,-695
769,-695
768,-696
767,-696
766,-696
765,-696
764,-696
763,-697
762,-697
761,-697
760,-697
759,-698
758,-698
757,-699
756,-699
755,-700
754,-700
753,-700
752,-700
751,-700
750,-701
749,-701
748,-702
747,-702
746,-702
745,-702
745,-703
744,-704
743,-704
742,-704
741,-704
740,-705
739,-706
738,-706
737,-707
736,-707
735,-707
734,-708
733,-709
732,-709
731,-710
730,-710
729,-711
729,-712
728,-713
727,-713
726,-713
725,-714
724,-714
723,-715
722,-716
721,-717
720,-717
719,-718
718,-719
717,-720
716,-721
715,-721
714,-722
713,-723
712,-724
711,-725
710,-725
709,-726
709,-727
708,-728
707,-728
706,-729
705,-730
705,-731
704,-732
703,-732
703,-733
702,-734
701,-735
700,-736
700,-737
699,-738
698,-739
697,-740
697,-741
696,-742
695,-743
694,-744
693,-745
692,-746
691,-747
690,-748
689,-748
688,-749
687,-750
686,-750
685,-751
684,-752
683,-752
682,-753
681,-753
680,-754
679,-754
678,-755
677,-755
676,-756
675,-756
674,-757
673,-757
672,-757
671,-758
670,-758
669,-759
668,-759
667,-760
666,-760
665,-760
664,-760
663,-760
662,-761
661,-761
660,-761
659,-762
658,-763
657,-763
656,-763
655,-763
654,-764
653,-765
652,-765
651,-765
650,-765
649,-765
648,-765
647,-766
646,-766
645,-766
644,-766
644,-767
644,-768
643,-769
642,-770
641,-770
640,-770
639,-769
638,-769
637,-769
636,-769
635,-769
634,-769
633,-769
633,-770
632,-771
631,-771
630,-771
629,-771
628,-772
628,-773
628,-774
628,-775
628,-776
628,-777
629,-777
630,-777
631,-777
632,-778
632,-779
632,-780
631,-781
630,-781
629,-781
628,-781
627,-781
626,-781
625,-782
624,-782
623,-783
622,-783
621,-783
620,-784
619,-785
618,-785
617,-785
616,-785
615,-785
614,-786
613,-786
612,-787
611,-787
610,-788
609,-788
608,-789
607,-789
606,-789
605,-789
605,-790
604,-791
603,-791
602,-791
601,-791
600,-791
599,-791
598,-791
597,-791
596,-791
595,-792
595,-793
594,-794
593,-794
592,-794
591,-795
590,-795
589,-795
588,-795
587,-795
586,-795
585,-795
585,-796
584,-797
