603,-830
603,-831
603,-832
603,-833
603,-834
604,-834
605,-835
606,-836
607,-836
608,-836
609,-837
610,-838
610,-839
611,-839
612,-839
613,-839
614,-840
615,-840
616,-840
617,-840
618,-840
619,-840
620,-839
621,-839
622,-839
623,-839
624,-839
625,-839
626,-839
627,-839
627,-838
628,-837
629,-837
630,-837
631,-837
632,-838
633,-838
634,-838
635,-838
636,-838
637,-838
638,-838
639,-838
640,-837
641,-837
642,-836
642,-835
642,-834
643,-833
644,-833
645,-833
646,-833
647,-833
648,-832
649,-832
650,-832
651,-832
652,-831
653,-831
654,-830
655,-829
656,-829
657,-829
658,-829
659,-828
660,-827
660,-826
661,-825
662,-825
663,-825
664,-825
665,-825
666,-825
667,-824
668,-824
668,-823
668,-822
669,-821
670,-821
671,-821
672,-820
673,-820
674,-820
675,-820
676,-819
677,-819
678,-819
679,-819
680,-818
681,-817
682,-817
682,-816
682,-815
683,-814
684,-813
685,-813
686,-813
687,-813
688,-813
689,-812
690,-811
691,-811
692,-810
693,-809
694,-809
695,-809
695,-808
696,-807
697,-807
698,-806
699,-805
700,-805
701,-805
702,-805
703,-805
704,-805
705,-804
706,-803
707,-803
708,-803
709,-802
710,-802
711,-802
712,-802
713,-802
714,-802
715,-802
716,-802
717,-802
718,-802
719,-803
720,-803
721,-803
722,-803
723,-803
724,-803
725,-803
726,-804
727,-804
728,-805
729,-805
730,-805
731,-805
732,-805
733,-805
734,-806
735,-806
736,-807
737,-807
738,-807
739,-807
740,-807
741,-807
742,-807
743,-807
744,-807
745,-808
746,-808
747,-808
748,-809
749,-809
750,-809
751,-809
752,-810
753,-810
754,-810
755,-810
756,-810
757,-810
758,-810
759,-810
760,-810
761,-810
762,-810
763,-810
764,-810
765,-810
766,-810
767,-809
768,-809
769,-808
770,-808
771,-807
772,-807
773,-807
774,-806
775,-806
776,-805
777,-805
778,-805
779,-804
779,-803
779,-802
780,-801
781,-801
782,-801
782,-800
783,-799
784,-799
785,-799
786,-798
787,-798
788,-797
789,-797
790,-797
791,-797
792,-796
793,-796
793,-795
794,-794
795,-794
796,-793
797,-793
798,-792
799,-792
800,-792
801,-792
802,-791
803,-791
804,-791
805,-790
806,-790
807,-789
808,-789
809,-789
810,-789
811,-789
812,-789
813,-788
814,-787
815,-787
816,-787
817,-786
818,-786
819,-786
820,-785
821,-784
822,-783
823,-783
823,-782
824,-781
825,-781
826,-780
827,-780
827,-779
827,-778
827,-777
828,-776
829,-776
830,-776
831,-776
832,-775
833,-775
833,-774
833,-773
833,-772
834,-771
835,-771
836,-770
837,-769
838,-768
839,-768
840,-767
840,-766
841,-765
842,-765
843,-765
844,-764
845,-763
846,-763
846,-762
846,-761
846,-760
847,-759
848,-759
849,-759
850,-759
850,-758
850,-757
851,-756
852,-755
853,-755
853,-754
854,-753
855,-752
855,-751
856,-750
857,-750
858,-749
859,-749
860,-748
861,-747
862,-746
862,-745
863,-744
864,-744
865,-743
866,-742
867,-741
868,-740
868,-739
869,-738
869,-737
870,-736
871,-735
872,-735
873,-734
874,-734
874,-733
874,-732
874,-731
875,-730
876,-730
877,-729
877,-728
878,-727
879,-727
880,-726
881,-725
881,-724
882,-723
883,-723
883,-722
884,-721
884,-720
885,-719
886,-719
886,-718
886,-717
886,-716
887,-715
888,-715
888,-714
888,-713
889,-712
890,-711
890,-710
890,-709
891,-708
891,-707
891,-706
891,-705
891,-704
892,-703
893,-702
893,-701
893,-700
893,-699
893,-698
893,-697
894,-696
894,-695
894,-694
894,-693
895,-692
895,-691
895,-690
895,-689
896,-688
896,-687
896,-686
896,-685
897,-684
897,-683
897,-682
898,-681
899,-680
899,-679
899,-678
899,-677
899,-676
899,-675
899,-674
899,-673
899,-672
899,-671
899,-670
899,-669
899,-668
899,-667
899,-666
898,-665
897,-665
896,-665
895,-665
894,-665
893,-665
892,-664
891,-664
890,-664
889,-664
888,-664
887,-664
886,-664
885,-664
884,-664
883,-664
882,-663
881,-663
880,-663
879,-663
878,-663
877,-663
876,-663
875,-663
874,-663
873,-662
872,-662
871,-662
870,-662
869,-662
868,-662
867,-662
866,-662
865,-662
864,-662
863,-663
862,-663
861,-663
860,-663
859,-663
858,-663
857,-663
856,-663
855,-663
854,-663
853,-663
852,-664
851,-664
850,-664
849,-664
848,-664
847,-664
846,-664
845,-664
844,-664
843,-664
842,-664
841,-664
840,-664
839,-664
838,-664
837,-665
836,-665
835,-665
834,-665
833,-665
832,-665
831,-665
830,-665
829,-665
828,-665
827,-665
826,-665
825,-666
824,-666
823,-666
822,-666
821,-666
820,-666
819,-666
819,-667
818,-668
817,-668
816,-668
815,-668
814,-668
813,-668
812,-668
811,-668
810,-668
809,-668
808,-668
807,-668
806,-668
805,-669
804,-669
803,-669
802,-669
801,-669
800,-670
799,-670
798,-670
797,-671
796,-672
795,-673
794,-673
793,-673
792,-673
791,-673
790,-673
789,-673
788,-673
787,-673
786,-674
785,-674
784,-674
783,-674
783,-675
782,-676
781,-676
780,-676
779,-676
778,-677
777,-677
776,-677
775,-678
774,-678
773,-678
773,-679
772,-680
771,-680
770,-680
769,-681
768,-681
767,-681
766,-682
765,-682
764,-683
763,-683
762,-684
761,-685
760,-685
759,-686
758,-686
757,-687
756,-687
755,-688
754,-688
753,-689
752,-690
751,-691
750,-691
749,-692
748,-693
747,-693
747,-694
746,-695
745,-695
744,-696
743,-697
742,-697
741,-697
740,-698
739,-699
738,-700
737,-700
736,-701
735,-702
734,-703
733,-703
733,-704
732,-705
731,-705
730,-706
730,-707
729,-708
728,-708
727,-709
726,-710
725,-711
724,-712
723,-712
723,-713
722,-714
721,-715
720,-716
719,-717
718,-718
718,-719
717,-720
716,-721
715,-722
714,-723
713,-723
713,-724
712,-725
712,-726
711,-727
710,-727
710,-728
710,-729
710,-730
709,-731
708,-731
707,-732
707,-733
706,-734
705,-735
705,-736
704,-737
704,-738
703,-739
702,-740
702,-741
702,-742
701,-743
700,-744
700,-745
699,-746
699,-747
698,-748
698,-749
697,-750
697,-751
696,-752
696,-753
696,-754
696,-755
695,-756
695,-757
695,-758
695,-759
694,-760
694,-761
694,-762
694,-763
693,-764
693,-765
692,-766
691,-767
690,-768
689,-769
689,-770
688,-771
687,-772
686,-773
685,-774
684,-775
683,-776
682,-776
681,-777
680,-778
679,-779
678,-780
677,-780
676,-781
675,-781
675,-782
674,-783
673,-783
672,-784
671,-785
670,-786
669,-786
668,-787
667,-788
666,-789
665,-789
664,-790
663,-790
662,-790
661,-790
660,-790
659,-791
658,-791
657,-791
656,-791
655,-792
654,-792
654,-793
654,-794
654,-795
654,-796
653,-797
652,-797
651,-797
650,-797
649,-797
648,-798
647,-798
646,-798
646,-799
646,-800
645,-801
645,-802
645,-803
644,-804
644,-805
644,-806
644,-807
644,-808
645,-809
645,-810
645,-811
645,-812
645,-813
645,-814
645,-815
644,-816
644,-817
643,-818
642,-818
641,-818
641,-819
641,-820
640,-821
639,-821
638,-821
637,-821
636,-822
635,-822
634,-823
633,-823
632,-823
631,-823
630,-824
629,-824
628,-825
627,-825
626,-825
625,-826
624,-826
623,-826
622,-827
621,-827
620,-827
619,-827
618,-827
617,-827
616,-827
615,-827
614,-827
613,-827
612,-827
611,-827
610,-826
610,-825
609,-825
608,-825
607,-825
606,-825
605,-826
604,-827
604,-828
604,-829
603,-830
