462,-641
462,-642
462,-643
462,-644
462,-645
462,-646
462,-647
462,-648
462,-649
462,-650
463,-651
464,-652
465,-652
466,-653
467,-653
468,-653
469,-654
469,-655
470,-656
471,-657
472,-658
473,-659
474,-660
474,-661
475,-661
476,-662
476,-663
477,-664
477,-665
478,-665
479,-666
480,-667
481,-668
481,-669
482,-669
483,-670
483,-671
484,-672
485,-673
486,-674
487,-675
488,-676
488,-677
489,-677
490,-678
490,-679
491,-680
491,-681
492,-682
493,-683
494,-683
495,-684
495,-685
496,-686
497,-686
498,-686
499,-687
499,-688
500,-688
501,-689
502,-689
503,-690
503,-691
503,-692
503,-693
504,-693
505,-694
506,-695
506,-696
507,-696
508,-697
509,-697
510,-697
511,-697
512,-698
512,-699
513,-700
513,-701
513,-702
513,-703
513,-704
513,-705
514,-706
515,-706
516,-707
516,-708
517,-708
518,-708
519,-708
520,-708
521,-708
522,-709
523,-710
524,-711
524,-712
525,-712
526,-713
527,-714
528,-715
528,-716
528,-717
528,-718
529,-718
530,-718
531,-718
532,-719
533,-719
534,-720
535,-721
535,-722
536,-722
537,-723
538,-724
539,-724
540,-724
541,-725
541,-726
541,-727
541,-728
542,-728
543,-729
544,-730
545,-730
546,-731
546,-732
546,-733
546,-734
546,-735
546,-736
546,-737
546,-738
546,-739
547,-740
548,-741
548,-742
548,-743
548,-744
548,-745
549,-745
550,-746
551,-747
551,-748
551,-749
551,-750
551,-751
552,-752
553,-753
554,-754
555,-754
556,-755
557,-755
558,-755
559,-755
560,-756
561,-756
562,-756
563,-756
564,-756
565,-757
566,-757
567,-758
568,-759
568,-760
569,-760
570,-761
571,-761
572,-761
573,-761
574,-762
574,-763
575,-764
575,-765
576,-765
577,-766
578,-767
579,-767
580,-767
581,-768
582,-769
582,-770
583,-770
584,-771
584,-772
585,-772
586,-773
587,-773
588,-774
589,-774
590,-775
591,-776
592,-776
593,-776
594,-776
595,-777
596,-778
596,-779
597,-780
598,-780
599,-781
600,-781
601,-782
602,-782
603,-783
604,-784
605,-784
606,-785
607,-785
608,-785
609,-785
610,-785
611,-786
612,-787
612,-788
613,-788
614,-788
615,-789
616,-789
617,-789
618,-790
619,-791
619,-792
620,-792
621,-792
622,-792
623,-793
624,-793
625,-793
626,-794
627,-794
628,-795
629,-795
630,-796
631,-796
632,-796
633,-796
634,-796
635,-797
636,-798
637,-799
638,-799
639,-800
640,-801
641,-802
642,-802
643,-802
644,-802
645,-802
646,-802
647,-802
648,-803
649,-803
650,-804
651,-804
652,-804
653,-805
654,-805
655,-805
656,-805
657,-805
658,-806
659,-807
660,-807
661,-807
662,-807
663,-808
663,-809
664,-809
665,-809
666,-809
667,-809
668,-809
669,-809
670,-809
671,-809
672,-809
673,-810
674,-810
675,-810
676,-810
677,-811
678,-811
679,-811
680,-812
681,-812
682,-812
683,-812
684,-812
685,-813
685,-814
686,-814
687,-814
688,-814
689,-814
690,-814
691,-814
692,-814
693,-814
694,-814
695,-814
696,-814
697,-814
698,-814
699,-814
700,-815
701,-815
702,-815
703,-816
704,-816
705,-816
706,-816
707,-816
708,-816
709,-816
710,-816
711,-816
712,-816
713,-816
714,-816
715,-816
716,-816
717,-816
718,-816
719,-816
720,-816
721,-816
722,-816
723,-816
724,-816
725,-816
726,-816
727,-816
728,-816
729,-817
730,-817
731,-817
732,-817
733,-817
734,-817
735,-817
736,-817
737,-817
738,-817
739,-817
740,-818
741,-818
742,-818
743,-818
744,-818
745,-818
746,-818
747,-818
748,-818
749,-818
750,-818
751,-818
752,-818
753,-818
754,-818
755,-818
756,-818
757,-818
758,-818
759,-818
760,-818
761,-818
762,-818
763,-818
764,-817
765,-817
766,-817
767,-816
768,-816
769,-816
770,-816
771,-815
772,-815
773,-815
774,-815
775,-815
776,-814
777,-814
778,-814
779,-814
780,-814
781,-814
782,-813
783,-813
784,-813
785,-812
786,-812
787,-812
788,-812
789,-812
790,-812
791,-811
792,-811
793,-811
794,-811
795,-811
796,-811
797,-811
798,-811
799,-811
800,-811
801,-811
802,-811
803,-811
804,-811
805,-811
806,-811
807,-810
808,-810
809,-810
810,-810
811,-810
812,-809
813,-809
814,-809
815,-809
816,-809
817,-809
818,-809
819,-808
820,-808
821,-808
822,-808
823,-808
824,-808
825,-808
826,-808
827,-808
828,-809
829,-809
830,-810
831,-810
832,-810
833,-810
834,-811
835,-811
836,-811
837,-811
838,-811
839,-811
840,-811
841,-811
842,-811
843,-811
844,-811
845,-811
846,-811
847,-812
848,-812
849,-813
850,-814
851,-815
851,-816
852,-817
853,-817
854,-818
855,-818
856,-819
857,-820
858,-821
858,-822
858,-823
858,-824
859,-824
860,-824
861,-825
862,-826
863,-827
864,-827
865,-828
865,-829
866,-829
867,-829
868,-829
869,-830
870,-830
871,-830
872,-830
873,-831
873,-832
874,-832
875,-832
876,-833
877,-834
878,-835
878,-836
879,-836
880,-836
881,-836
882,-836
883,-837
883,-838
884,-838
885,-838
886,-838
887,-839
887,-840
887,-841
887,-842
888,-842
889,-842
890,-842
891,-843
892,-843
893,-843
894,-843
895,-844
896,-844
897,-844
898,-844
899,-844
900,-845
900,-846
900,-847
901,-847
902,-848
903,-848
904,-848
905,-848
906,-849
906,-850
907,-851
907,-852
907,-853
907,-854
908,-854
909,-854
910,-854
911,-855
912,-856
913,-856
914,-856
915,-857
915,-858
916,-858
917,-858
918,-858
919,-858
920,-858
921,-857
922,-856
923,-856
924,-855
925,-854
926,-854
927,-854
928,-854
929,-854
930,-854
931,-854
932,-854
933,-855
933,-856
933,-857
932,-858
931,-859
930,-860
929,-861
929,-862
929,-863
929,-864
929,-865
930,-865
931,-866
932,-867
933,-867
934,-867
935,-867
936,-867
937,-868
938,-869
939,-870
940,-870
941,-871
941,-872
941,-873
941,-874
942,-874
943,-874
944,-874
945,-874
946,-875
947,-876
948,-877
949,-877
950,-878
951,-878
952,-878
953,-879
954,-879
955,-879
956,-879
957,-879
958,-880
959,-880
960,-880
961,-881
962,-881
963,-881
964,-881
965,-881
966,-882
966,-883
966,-884
967,-884
968,-885
969,-885
970,-885
971,-885
972,-885
973,-886
973,-887
974,-888
975,-888
976,-888
977,-889
978,-889
979,-889
980,-890
980,-891
981,-891
982,-891
983,-891
984,-891
985,-892
986,-892
987,-893
988,-893
989,-893
990,-893
991,-894
992,-895
993,-895
994,-895
995,-895
996,-895
997,-895
998,-896
999,-896
1000,-896
1001,-896
1002,-896
1003,-897
1004,-898
1005,-898
1006,-898
1007,-898
1008,-899
1009,-899
1010,-899
1011,-899
1012,-899
1012,-898
1013,-897
1014,-897
1015,-896
1015,-895
1016,-894
1017,-894
1017,-893
1017,-892
1018,-891
1019,-891
1020,-890
1021,-890
1022,-890
1023,-890
1024,-891
1025,-891
1026,-891
1027,-891
1028,-891
1029,-890
1030,-890
1031,-890
1032,-890
1033,-890
1034,-890
1034,-889
1035,-888
1036,-888
1037,-887
1038,-887
1039,-886
1039,-885
1039,-884
1039,-883
1039,-882
1038,-881
1037,-880
1037,-879
1036,-878
1035,-877
1035,-876
1034,-876
1033,-876
1032,-875
1032,-874
1031,-874
1030,-874
1029,-874
1028,-874
1027,-874
1026,-874
1025,-873
1024,-873
1023,-873
1022,-872
1021,-872
1020,-872
1019,-871
1019,-870
1019,-869
1019,-868
1019,-867
1019,-866
1019,-865
1019,-864
1018,-864
1017,-864
1016,-863
1016,-862
1015,-862
1014,-861
1013,-861
1012,-861
1011,-861
1010,-861
1009,-860
1008,-860
1007,-860
1006,-859
1005,-859
1004,-858
1004,-857
1003,-857
1002,-857
1001,-857
1000,-857
999,-857
998,-856
997,-856
996,-856
995,-856
994,-855
993,-855
992,-854
991,-853
990,-852
989,-851
988,-850
988,-849
987,-849
986,-848
985,-848
984,-848
983,-848
982,-848
981,-848
980,-847
980,-846
980,-845
980,-844
979,-843
978,-843
977,-842
977,-841
976,-840
976,-839
976,-838
976,-837
977,-836
978,-836
979,-836
980,-836
981,-836
982,-836
983,-835
983,-834
983,-833
983,-832
983,-831
983,-830
983,-829
983,-828
982,-828
981,-828
980,-827
980,-826
980,-825
980,-824
979,-824
978,-824
977,-824
976,-823
976,-822
976,-821
975,-821
974,-821
973,-821
972,-821
971,-820
970,-819
970,-818
969,-818
968,-818
967,-817
966,-817
965,-816
964,-816
963,-816
962,-815
961,-814
960,-814
959,-814
958,-813
957,-812
956,-812
955,-812
954,-811
953,-811
952,-811
951,-810
950,-809
949,-809
948,-808
947,-808
946,-807
945,-807
944,-806
943,-806
942,-806
941,-805
940,-804
939,-804
938,-803
937,-803
936,-803
935,-802
934,-802
933,-801
932,-800
931,-800
930,-800
929,-799
928,-799
927,-798
926,-798
925,-797
924,-796
923,-796
922,-796
921,-795
920,-795
919,-794
918,-793
917,-793
916,-792
915,-792
914,-791
913,-791
912,-790
911,-790
910,-789
909,-789
908,-788
907,-788
906,-787
905,-787
904,-786
903,-785
902,-785
901,-785
900,-784
899,-784
898,-783
897,-782
896,-782
895,-781
894,-781
893,-780
892,-780
891,-779
890,-779
889,-778
888,-777
887,-777
886,-776
885,-776
884,-775
883,-775
882,-774
881,-774
880,-773
879,-772
878,-771
877,-770
876,-770
875,-769
874,-768
873,-768
872,-767
871,-766
870,-766
869,-765
868,-765
867,-764
866,-764
865,-763
864,-762
863,-761
862,-761
861,-760
860,-759
859,-759
858,-758
857,-757
856,-756
855,-756
854,-755
853,-754
852,-753
851,-752
850,-751
849,-750
848,-749
848,-748
847,-748
846,-747
846,-746
845,-746
844,-745
844,-744
843,-743
843,-742
842,-741
841,-740
840,-739
840,-738
839,-737
838,-736
838,-735
837,-734
837,-733
836,-732
835,-731
835,-730
835,-729
834,-728
833,-727
833,-726
832,-725
832,-724
831,-723
831,-722
831,-721
830,-720
829,-719
828,-718
828,-717
827,-716
827,-715
827,-714
826,-713
826,-712
825,-711
824,-710
823,-709
823,-708
822,-707
822,-706
821,-705
820,-704
820,-703
819,-702
818,-701
817,-700
816,-699
816,-698
815,-697
815,-696
814,-695
813,-694
812,-693
811,-692
810,-691
809,-690
808,-690
807,-689
806,-688
806,-687
805,-686
805,-685
804,-684
803,-683
803,-682
802,-681
801,-681
800,-680
800,-679
799,-679
798,-678
797,-677
796,-676
795,-675
794,-674
793,-674
792,-673
791,-672
790,-672
789,-671
789,-670
788,-670
787,-669
786,-668
785,-667
784,-666
783,-666
782,-665
781,-665
780,-664
779,-664
778,-663
777,-662
776,-661
775,-660
774,-659
773,-658
772,-657
771,-657
770,-656
769,-656
768,-655
767,-654
766,-654
765,-653
764,-653
763,-652
762,-652
761,-651
760,-651
759,-651
758,-650
758,-649
757,-648
756,-647
755,-646
754,-646
753,-646
752,-645
751,-644
750,-644
749,-643
748,-642
747,-642
746,-642
745,-641
744,-640
743,-640
742,-639
741,-639
740,-638
739,-638
738,-638
737,-638
736,-637
736,-636
735,-636
734,-635
733,-634
732,-634
731,-634
730,-633
729,-633
728,-632
727,-632
726,-632
725,-631
724,-631
723,-630
722,-630
721,-630
720,-629
719,-628
718,-628
717,-627
716,-627
715,-626
714,-626
713,-626
712,-625
711,-625
710,-625
709,-624
708,-624
707,-623
706,-623
705,-622
704,-622
703,-622
702,-622
701,-621
700,-621
699,-621
698,-620
697,-619
696,-619
695,-619
694,-619
693,-618
692,-618
691,-618
690,-617
689,-617
688,-617
687,-617
686,-616
685,-616
684,-615
683,-615
682,-615
681,-615
680,-614
679,-614
678,-614
677,-614
676,-614
675,-614
674,-613
673,-613
672,-613
671,-612
670,-612
669,-612
668,-612
667,-611
666,-611
665,-611
664,-611
663,-611
662,-611
661,-610
660,-610
659,-610
658,-610
657,-609
656,-609
655,-609
654,-609
653,-609
652,-609
651,-609
650,-609
649,-608
648,-608
647,-608
646,-607
645,-607
644,-607
643,-607
642,-607
641,-607
640,-607
639,-606
638,-606
637,-606
636,-606
635,-606
634,-606
633,-606
632,-606
631,-606
630,-606
629,-605
628,-605
627,-605
626,-605
625,-605
624,-605
623,-604
622,-604
621,-604
620,-604
619,-604
618,-604
617,-604
616,-604
615,-603
614,-603
613,-603
612,-603
611,-603
610,-603
609,-603
608,-603
607,-603
606,-603
605,-603
604,-603
603,-603
602,-603
601,-602
600,-602
599,-602
598,-602
597,-602
596,-602
595,-602
594,-602
593,-602
592,-602
591,-602
590,-602
589,-602
588,-602
587,-602
586,-602
585,-602
584,-602
583,-602
582,-602
581,-602
580,-602
579,-602
578,-602
577,-602
576,-602
575,-602
574,-602
573,-602
572,-602
571,-602
570,-602
569,-602
568,-602
567,-602
566,-602
565,-602
564,-602
563,-602
562,-602
561,-602
560,-602
559,-602
558,-603
557,-603
556,-603
555,-603
554,-603
553,-603
552,-603
551,-603
550,-603
549,-604
548,-604
547,-605
546,-605
545,-605
544,-605
543,-605
542,-605
541,-605
540,-605
539,-605
538,-606
537,-606
536,-607
535,-607
534,-607
533,-607
532,-607
531,-607
530,-607
529,-607
528,-607
527,-608
526,-608
525,-608
524,-609
523,-609
522,-609
521,-609
520,-609
519,-609
518,-610
517,-610
516,-610
515,-610
514,-610
513,-611
512,-611
511,-611
510,-611
509,-611
508,-612
507,-612
506,-612
505,-612
504,-613
503,-613
502,-614
501,-614
500,-614
499,-614
498,-614
497,-614
496,-615
495,-615
494,-615
493,-615
492,-616
491,-616
490,-617
489,-618
488,-618
487,-618
486,-618
485,-618
484,-619
483,-619
482,-620
481,-620
480,-620
479,-621
478,-621
477,-621
476,-622
475,-623
474,-623
473,-624
472,-625
471,-625
470,-625
469,-626
468,-627
467,-627
466,-628
465,-629
464,-629
463,-630
463,-631
463,-632
463,-633
463,-634
464,-635
464,-636
464,-637
463,-638
463,-639
463,-640
462,-641
