485,-914
485,-915
485,-916
485,-917
485,-918
486,-918
487,-919
487,-920
488,-920
489,-920
490,-920
491,-920
492,-920
493,-920
494,-920
495,-920
496,-920
497,-920
498,-920
499,-920
500,-920
501,-920
502,-920
503,-920
504,-920
505,-920
506,-920
507,-920
508,-920
509,-920
510,-920
511,-921
512,-921
513,-921
514,-921
515,-921
516,-921
517,-921
518,-921
519,-921
520,-921
521,-921
522,-921
523,-921
524,-921
525,-921
526,-921
527,-921
528,-922
529,-922
530,-922
531,-922
532,-922
533,-922
534,-922
535,-922
536,-922
537,-922
538,-922
539,-922
540,-922
541,-922
542,-922
543,-922
544,-922
545,-923
546,-923
547,-923
548,-923
549,-923
550,-924
551,-924
552,-924
553,-924
554,-924
555,-924
556,-924
557,-924
558,-924
559,-924
560,-924
561,-924
562,-924
563,-924
564,-924
565,-924
566,-924
567,-925
568,-925
569,-925
570,-925
571,-925
572,-925
573,-925
574,-925
575,-925
576,-925
577,-925
578,-925
579,-925
580,-925
581,-925
582,-925
583,-925
584,-925
585,-925
586,-925
587,-926
588,-926
589,-926
590,-926
591,-926
592,-926
593,-926
594,-926
595,-926
596,-926
597,-926
598,-926
599,-926
600,-926
601,-926
602,-926
603,-926
604,-926
605,-926
606,-926
607,-927
608,-927
609,-927
610,-927
611,-927
612,-927
613,-927
614,-927
615,-927
616,-927
617,-927
618,-927
619,-927
620,-927
621,-927
622,-927
623,-927
624,-927
625,-927
626,-927
627,-927
628,-927
629,-927
630,-927
631,-927
632,-927
633,-927
634,-927
635,-927
636,-927
637,-927
638,-926
639,-926
640,-926
641,-926
642,-926
643,-926
644,-926
645,-926
646,-926
647,-926
648,-925
649,-925
650,-925
651,-925
652,-925
653,-925
654,-925
655,-925
656,-925
657,-925
658,-925
658,-924
658,-923
658,-922
658,-921
659,-920
660,-919
661,-919
662,-919
663,-919
664,-919
665,-919
666,-919
667,-920
668,-920
669,-920
670,-921
671,-921
672,-921
673,-921
674,-921
675,-921
676,-921
677,-921
678,-921
679,-921
680,-921
681,-921
682,-921
683,-921
684,-921
685,-920
686,-919
687,-919
688,-919
689,-919
690,-919
691,-919
692,-919
693,-918
694,-918
695,-918
696,-918
697,-918
698,-918
699,-917
700,-917
701,-917
702,-917
703,-917
704,-917
705,-917
706,-917
707,-916
708,-916
708,-915
708,-914
708,-913
709,-912
710,-912
711,-912
712,-912
713,-913
713,-914
714,-914
715,-914
716,-914
717,-914
718,-913
719,-912
720,-911
721,-911
722,-911
723,-911
723,-910
724,-909
725,-909
726,-909
727,-909
728,-909
729,-909
729,-908
729,-907
730,-906
731,-906
732,-906
733,-906
734,-905
735,-905
735,-904
736,-903
737,-903
738,-903
739,-902
740,-901
741,-900
742,-900
743,-900
744,-900
744,-899
745,-898
746,-898
747,-897
748,-897
749,-896
750,-895
751,-895
752,-894
753,-893
754,-892
755,-892
756,-891
757,-891
758,-891
759,-890
760,-890
760,-889
761,-888
762,-888
763,-887
764,-887
765,-886
766,-886
767,-885
768,-885
769,-885
770,-885
770,-884
771,-883
772,-883
773,-882
774,-881
775,-880
776,-879
777,-879
778,-878
779,-878
780,-878
781,-877
781,-876
782,-875
783,-875
784,-875
785,-875
785,-874
786,-873
787,-873
788,-872
788,-871
789,-870
790,-870
791,-869
792,-868
792,-867
793,-866
794,-865
795,-865
796,-864
797,-864
798,-864
799,-863
799,-862
800,-861
801,-861
802,-861
803,-861
803,-860
804,-859
805,-859
806,-858
806,-857
807,-856
808,-855
809,-855
810,-855
811,-854
812,-854
813,-854
814,-854
814,-853
814,-852
815,-851
816,-851
817,-850
817,-849
818,-848
819,-848
819,-847
820,-846
821,-846
822,-845
823,-844
824,-843
825,-843
825,-842
825,-841
826,-840
827,-840
828,-839
829,-838
830,-838
830,-837
831,-836
832,-835
833,-834
834,-833
835,-833
836,-832
837,-831
837,-830
838,-829
839,-828
840,-827
841,-826
841,-825
842,-824
843,-824
844,-824
844,-823
845,-822
845,-821
846,-820
847,-819
847,-818
848,-817
849,-817
850,-816
850,-815
850,-814
851,-813
852,-812
853,-812
853,-811
854,-810
855,-810
855,-809
856,-808
856,-807
856,-806
857,-805
858,-804
859,-803
860,-802
860,-801
861,-800
861,-799
862,-798
863,-797
864,-796
865,-795
865,-794
865,-793
866,-792
866,-791
867,-790
868,-789
868,-788
869,-787
870,-787
870,-786
871,-785
871,-784
871,-783
871,-782
872,-781
873,-780
874,-779
874,-778
874,-777
875,-776
876,-775
876,-774
877,-773
877,-772
877,-771
877,-770
878,-769
878,-768
879,-767
880,-766
880,-765
880,-764
880,-763
880,-762
881,-761
882,-760
882,-759
883,-758
883,-757
884,-756
885,-755
885,-754
885,-753
885,-752
885,-751
886,-750
886,-749
886,-748
886,-747
886,-746
886,-745
887,-744
887,-743
887,-742
888,-741
889,-740
889,-739
889,-738
889,-737
889,-736
890,-735
890,-734
890,-733
890,-732
890,-731
891,-730
891,-729
891,-728
891,-727
891,-726
891,-725
892,-724
893,-723
894,-722
894,-721
894,-720
895,-719
895,-718
895,-717
896,-716
897,-715
897,-714
897,-713
898,-712
899,-712
899,-711
900,-710
901,-709
902,-709
903,-708
904,-707
905,-706
906,-706
907,-706
907,-705
908,-704
909,-704
910,-704
911,-704
912,-703
913,-703
914,-702
915,-702
915,-701
916,-700
917,-700
917,-699
918,-698
919,-698
920,-697
920,-696
920,-695
920,-694
920,-693
920,-692
921,-691
922,-691
923,-691
924,-691
925,-691
926,-691
927,-691
928,-691
929,-691
930,-691
930,-690
930,-689
930,-688
930,-687
931,-686
932,-686
933,-686
934,-686
934,-685
935,-684
936,-683
937,-683
938,-683
939,-682
940,-682
941,-682
942,-681
943,-681
944,-680
944,-679
945,-678
946,-678
947,-678
948,-678
949,-678
950,-677
951,-677
952,-677
952,-676
952,-675
952,-674
953,-673
954,-673
954,-672
954,-671
955,-670
956,-670
957,-670
958,-669
959,-669
959,-668
960,-667
961,-667
962,-667
963,-666
964,-666
964,-665
964,-664
965,-663
966,-663
967,-663
968,-662
969,-662
970,-661
971,-660
972,-659
973,-658
974,-657
975,-657
976,-657
977,-657
978,-657
978,-656
979,-655
980,-654
980,-653
980,-652
981,-651
982,-651
983,-650
984,-649
985,-648
986,-648
987,-648
988,-648
989,-647
990,-646
991,-646
992,-646
992,-645
993,-644
994,-643
995,-643
996,-643
997,-642
998,-642
999,-642
999,-641
999,-640
999,-639
999,-638
999,-637
1000,-636
1001,-636
1002,-636
1003,-636
1004,-636
1005,-636
1006,-636
1007,-636
1008,-635
1008,-634
1008,-633
1009,-632
1010,-632
1011,-632
1011,-631
1012,-630
1013,-630
1014,-630
1014,-629
1014,-628
1014,-627
1014,-626
1014,-625
1015,-624
1016,-624
1016,-623
1016,-622
1016,-621
1016,-620
1016,-619
1016,-618
1016,-617
1015,-616
1014,-615
1013,-614
1012,-613
1012,-612
1011,-611
1011,-610
1011,-609
1010,-609
1009,-608
1009,-607
1009,-606
1009,-605
1009,-604
1010,-603
1011,-602
1012,-601
1013,-600
1014,-600
1014,-599
1014,-598
1014,-597
1014,-596
1013,-595
1012,-595
1011,-594
1011,-593
1011,-592
1010,-591
1009,-591
1008,-591
1007,-591
1006,-591
1005,-591
1004,-591
1003,-591
1002,-591
1001,-591
1000,-590
1000,-589
1000,-588
1000,-587
1000,-586
1000,-585
1000,-584
999,-583
998,-582
998,-581
997,-580
996,-579
996,-578
996,-577
995,-576
995,-575
994,-575
993,-575
992,-575
991,-575
990,-575
989,-576
988,-577
987,-577
986,-578
985,-579
984,-580
983,-580
982,-581
981,-582
980,-583
979,-583
979,-584
978,-585
977,-585
976,-586
975,-587
974,-587
973,-588
972,-589
971,-590
970,-590
969,-591
968,-592
967,-593
966,-593
965,-594
964,-595
963,-596
962,-597
961,-597
960,-598
959,-598
959,-599
958,-600
957,-601
956,-601
955,-602
954,-603
953,-603
952,-604
951,-605
950,-605
949,-606
948,-607
947,-608
946,-608
945,-609
944,-610
943,-610
942,-611
941,-612
940,-612
939,-613
938,-613
937,-614
936,-615
935,-616
934,-617
933,-617
932,-617
932,-618
931,-619
930,-619
929,-620
928,-620
927,-621
926,-622
925,-622
924,-623
923,-624
922,-624
921,-625
920,-626
919,-626
918,-627
917,-627
916,-628
915,-629
914,-629
913,-630
912,-631
911,-632
910,-632
909,-633
908,-633
907,-634
906,-634
905,-635
904,-635
903,-636
902,-636
901,-637
900,-638
899,-639
898,-639
897,-640
896,-641
895,-642
894,-642
893,-642
892,-643
891,-644
890,-644
889,-645
888,-645
887,-646
886,-646
885,-647
884,-648
883,-648
882,-649
881,-649
880,-650
879,-650
878,-651
877,-652
876,-652
875,-652
874,-653
873,-653
872,-653
871,-654
870,-654
869,-654
868,-655
867,-655
866,-655
865,-656
864,-656
863,-656
862,-656
861,-656
860,-656
859,-656
858,-657
857,-657
856,-657
855,-657
854,-657
853,-657
852,-658
851,-658
850,-658
849,-658
848,-658
847,-658
846,-658
845,-657
844,-657
843,-657
842,-657
841,-657
840,-657
839,-657
838,-657
837,-657
836,-656
835,-656
834,-656
833,-656
832,-656
831,-656
830,-656
829,-655
828,-655
827,-655
826,-655
825,-655
824,-655
823,-655
822,-655
821,-655
820,-655
819,-654
818,-654
817,-654
816,-654
815,-654
814,-654
813,-654
812,-654
811,-654
810,-654
809,-654
808,-654
807,-654
806,-654
805,-654
804,-654
803,-654
802,-654
801,-654
800,-654
799,-654
798,-654
797,-654
796,-654
795,-655
794,-655
793,-655
792,-655
791,-655
790,-655
789,-655
788,-656
787,-656
786,-656
785,-656
784,-656
783,-656
782,-656
781,-657
780,-657
779,-657
778,-657
777,-657
776,-658
775,-658
774,-658
773,-659
772,-659
771,-659
770,-659
769,-659
768,-659
767,-660
766,-660
765,-661
764,-661
763,-661
762,-661
761,-661
760,-661
759,-662
758,-662
757,-663
756,-663
755,-663
754,-664
753,-664
752,-664
751,-665
750,-665
749,-665
748,-666
747,-666
746,-666
745,-666
745,-667
744,-668
743,-668
742,-668
741,-669
740,-669
739,-669
738,-670
737,-670
736,-670
735,-670
735,-671
734,-672
733,-672
732,-672
731,-673
730,-673
729,-674
728,-674
727,-675
726,-676
725,-676
724,-676
723,-677
722,-678
721,-678
720,-679
719,-679
718,-680
717,-680
716,-680
715,-681
714,-682
713,-683
712,-683
711,-684
710,-684
709,-685
708,-685
707,-685
706,-685
705,-686
704,-687
703,-688
702,-688
701,-689
700,-689
699,-690
698,-690
697,-690
696,-691
695,-691
694,-692
693,-692
692,-693
691,-693
690,-694
689,-694
688,-695
687,-695
686,-696
685,-697
684,-697
683,-697
682,-698
681,-699
680,-699
679,-700
678,-700
677,-701
676,-701
675,-702
674,-703
673,-703
672,-704
671,-704
670,-704
669,-705
668,-706
667,-706
666,-707
665,-708
664,-709
663,-709
662,-710
661,-710
660,-710
659,-711
658,-711
657,-712
656,-713
655,-713
654,-714
653,-715
652,-715
651,-716
650,-717
649,-717
648,-718
647,-719
646,-719
645,-720
644,-721
643,-721
643,-722
642,-723
641,-724
640,-724
639,-725
638,-725
637,-726
636,-727
635,-728
634,-728
633,-729
632,-729
631,-730
630,-731
629,-732
628,-733
627,-733
626,-733
625,-734
624,-735
623,-735
622,-736
621,-737
620,-737
619,-738
618,-739
617,-740
616,-740
616,-741
615,-742
614,-743
613,-743
612,-744
611,-744
611,-745
610,-746
609,-747
608,-747
607,-748
606,-749
605,-750
604,-751
603,-751
602,-752
602,-753
601,-754
600,-754
599,-755
598,-756
597,-757
596,-758
595,-759
594,-760
593,-761
592,-762
591,-763
590,-764
589,-765
588,-765
588,-766
587,-767
586,-767
585,-768
584,-769
583,-770
582,-771
581,-772
580,-773
579,-774
578,-774
578,-775
577,-776
576,-777
575,-778
574,-779
573,-780
572,-781
571,-782
570,-783
569,-784
568,-785
568,-786
567,-787
566,-788
565,-788
565,-789
564,-790
563,-791
562,-792
561,-793
560,-794
560,-795
559,-796
558,-797
557,-798
556,-799
555,-800
554,-801
554,-802
553,-803
552,-804
551,-804
550,-805
550,-806
549,-807
548,-808
547,-809
546,-810
546,-811
545,-812
544,-813
543,-814
543,-815
542,-816
541,-817
541,-818
540,-819
539,-820
538,-821
538,-822
537,-823
536,-824
535,-825
535,-826
535,-827
534,-828
533,-829
532,-830
532,-831
531,-832
530,-833
530,-834
529,-835
528,-836
528,-837
527,-838
526,-839
525,-840
524,-841
524,-842
523,-843
522,-844
521,-845
521,-846
520,-847
520,-848
519,-849
518,-849
517,-850
516,-851
515,-852
514,-853
514,-854
513,-855
513,-856
512,-857
511,-858
511,-859
510,-860
509,-861
509,-862
508,-863
508,-864
507,-865
506,-866
506,-867
505,-868
504,-869
503,-870
503,-871
502,-872
502,-873
501,-874
500,-875
499,-876
499,-877
498,-878
497,-879
497,-880
497,-881
496,-882
495,-883
495,-884
494,-885
494,-886
493,-887
493,-888
492,-889
492,-890
491,-891
491,-892
490,-893
490,-894
489,-895
489,-896
489,-897
488,-898
488,-899
488,-900
488,-901
488,-902
488,-903
488,-904
487,-905
487,-906
487,-907
486,-908
486,-909
486,-910
486,-911
486,-912
486,-913
485,-914
