590,-514
590,-515
590,-516
590,-517
590,-518
591,-519
592,-520
593,-520
594,-520
595,-520
596,-520
597,-520
598,-520
599,-520
600,-520
601,-520
602,-521
602,-522
602,-523
602,-524
602,-525
602,-526
602,-527
602,-528
602,-529
602,-530
602,-531
602,-532
602,-533
602,-534
603,-535
603,-536
603,-537
603,-538
603,-539
603,-540
603,-541
603,-542
603,-543
603,-544
603,-545
603,-546
603,-547
604,-548
604,-549
604,-550
604,-551
604,-552
604,-553
604,-554
604,-555
604,-556
605,-557
605,-558
605,-559
605,-560
605,-561
605,-562
605,-563
606,-564
606,-565
606,-566
606,-567
606,-568
606,-569
607,-570
607,-571
607,-572
607,-573
607,-574
607,-575
607,-576
607,-577
607,-578
608,-579
608,-580
608,-581
608,-582
608,-583
609,-584
609,-585
609,-586
609,-587
609,-588
610,-589
610,-590
610,-591
610,-592
610,-593
610,-594
611,-595
611,-596
611,-597
611,-598
612,-599
612,-600
613,-601
613,-602
613,-603
613,-604
613,-605
613,-606
614,-607
614,-608
614,-609
614,-610
614,-611
615,-612
615,-613
615,-614
615,-615
616,-615
617,-616
617,-617
617,-618
617,-619
616,-620
616,-621
616,-622
616,-623
616,-624
617,-625
617,-626
618,-627
618,-628
618,-629
618,-630
618,-631
618,-632
618,-633
619,-634
619,-635
619,-636
620,-637
620,-638
621,-639
621,-640
621,-641
621,-642
622,-643
622,-644
622,-645
623,-646
623,-647
624,-648
624,-649
624,-650
625,-651
625,-652
625,-653
626,-654
626,-655
626,-656
627,-657
628,-658
628,-659
629,-660
629,-661
629,-662
630,-663
630,-664
631,-665
631,-666
632,-667
632,-668
633,-669
633,-670
634,-671
634,-672
634,-673
635,-674
635,-675
636,-676
637,-677
637,-678
637,-679
637,-680
638,-681
638,-682
639,-683
640,-684
640,-685
640,-686
641,-687
642,-688
642,-689
643,-690
643,-691
644,-692
644,-693
645,-694
645,-695
646,-696
646,-697
647,-698
648,-699
649,-700
649,-701
649,-702
650,-703
651,-704
651,-705
651,-706
652,-707
653,-708
654,-709
655,-710
655,-711
656,-712
657,-713
657,-714
658,-714
659,-715
659,-716
660,-717
660,-718
661,-719
662,-720
663,-721
663,-722
664,-723
665,-724
666,-725
666,-726
667,-727
668,-728
669,-729
670,-730
670,-731
671,-731
672,-732
672,-733
673,-734
674,-734
675,-735
675,-736
676,-736
677,-737
677,-738
678,-738
679,-739
679,-740
680,-741
681,-742
682,-743
682,-744
683,-745
684,-746
685,-747
686,-748
687,-748
688,-749
688,-750
689,-751
689,-752
689,-753
690,-754
691,-754
692,-754
693,-755
694,-756
694,-757
695,-758
696,-759
697,-759
698,-760
699,-760
700,-761
701,-762
702,-763
703,-764
704,-765
705,-765
706,-766
706,-767
707,-767
708,-768
709,-769
710,-770
711,-771
711,-772
712,-772
713,-773
714,-774
715,-774
716,-775
717,-775
718,-775
719,-776
720,-777
720,-778
721,-779
722,-780
723,-780
724,-780
725,-781
725,-782
726,-782
727,-783
728,-783
729,-783
730,-783
731,-784
732,-784
733,-785
734,-786
734,-787
735,-787
736,-787
737,-788
738,-788
739,-788
740,-788
741,-788
742,-789
743,-789
744,-790
745,-790
746,-790
747,-791
748,-791
749,-791
750,-792
751,-792
752,-792
753,-793
754,-793
755,-793
756,-793
757,-794
758,-794
759,-795
760,-795
761,-795
762,-795
763,-796
764,-796
765,-796
766,-796
767,-796
768,-796
769,-797
770,-797
771,-797
772,-797
773,-797
774,-797
775,-797
776,-797
777,-798
778,-798
779,-798
780,-798
781,-798
782,-798
783,-798
784,-799
785,-799
786,-799
787,-799
788,-799
789,-799
790,-799
791,-800
792,-800
793,-801
794,-801
795,-802
795,-803
796,-804
796,-805
796,-806
796,-807
796,-808
796,-809
796,-810
796,-811
796,-812
796,-813
796,-814
796,-815
796,-816
797,-816
798,-816
799,-816
800,-816
801,-817
801,-818
801,-819
801,-820
801,-821
801,-822
801,-823
801,-824
801,-825
801,-826
801,-827
801,-828
802,-829
802,-830
803,-830
804,-830
805,-830
806,-830
807,-830
808,-830
809,-830
810,-830
811,-831
811,-832
811,-833
811,-834
811,-835
811,-836
812,-837
813,-837
814,-838
814,-839
815,-840
815,-841
815,-842
816,-842
817,-843
817,-844
817,-845
818,-846
819,-846
820,-846
821,-847
821,-848
821,-849
821,-850
822,-851
822,-852
822,-853
822,-854
822,-855
822,-856
822,-857
823,-858
824,-858
825,-859
826,-859
827,-860
827,-861
827,-862
827,-863
827,-864
828,-864
829,-865
830,-866
830,-867
830,-868
830,-869
830,-870
831,-870
832,-870
833,-871
833,-872
833,-873
833,-874
834,-875
834,-876
834,-877
834,-878
835,-878
836,-879
836,-880
836,-881
836,-882
836,-883
836,-884
837,-885
837,-886
838,-887
838,-888
839,-889
839,-890
840,-890
841,-891
842,-891
843,-892
843,-893
843,-894
843,-895
843,-896
843,-897
843,-898
844,-899
844,-900
845,-901
846,-901
847,-902
847,-903
848,-904
848,-905
848,-906
849,-907
849,-908
849,-909
849,-910
850,-910
851,-911
851,-912
852,-912
853,-913
853,-914
853,-915
853,-916
853,-917
853,-918
854,-919
854,-920
855,-921
855,-922
856,-923
856,-924
857,-925
857,-926
857,-927
858,-928
858,-929
858,-930
858,-931
858,-932
858,-933
859,-934
860,-934
861,-935
862,-936
863,-937
863,-938
863,-939
864,-940
865,-941
866,-942
866,-943
866,-944
866,-945
867,-946
868,-946
869,-947
869,-948
869,-949
869,-950
870,-951
871,-952
871,-953
871,-954
871,-955
872,-955
873,-955
874,-956
874,-957
874,-958
874,-959
875,-960
875,-961
875,-962
875,-963
876,-964
877,-965
878,-965
879,-965
880,-966
880,-967
881,-968
881,-969
881,-970
881,-971
882,-972
883,-972
884,-973
885,-973
886,-973
887,-974
887,-975
887,-976
887,-977
887,-978
888,-979
888,-980
889,-980
890,-981
891,-981
892,-981
893,-982
893,-983
893,-984
893,-985
894,-985
895,-986
895,-987
896,-988
897,-989
898,-989
899,-989
900,-989
901,-989
902,-990
902,-991
902,-992
902,-993
902,-994
903,-995
904,-996
905,-997
905,-998
905,-999
906,-999
907,-1000
907,-1001
908,-1002
909,-1002
910,-1002
911,-1002
912,-1002
912,-1001
912,-1000
912,-999
912,-998
912,-997
912,-996
912,-995
912,-994
912,-993
912,-992
911,-991
910,-990
910,-989
910,-988
910,-987
909,-986
908,-985
908,-984
907,-983
907,-982
906,-981
906,-980
906,-979
905,-979
904,-978
903,-978
902,-977
902,-976
902,-975
901,-974
901,-973
901,-972
901,-971
901,-970
901,-969
902,-968
902,-967
902,-966
902,-965
902,-964
902,-963
903,-962
904,-962
905,-962
905,-961
905,-960
905,-959
905,-958
905,-957
905,-956
906,-955
906,-954
906,-953
906,-952
906,-951
906,-950
906,-949
906,-948
905,-947
905,-946
905,-945
905,-944
905,-943
905,-942
904,-941
904,-940
903,-939
902,-938
902,-937
902,-936
902,-935
902,-934
902,-933
902,-932
902,-931
902,-930
902,-929
902,-928
902,-927
901,-926
901,-925
901,-924
901,-923
900,-922
900,-921
899,-920
899,-919
899,-918
899,-917
899,-916
898,-915
898,-914
898,-913
897,-912
897,-911
896,-910
896,-909
895,-908
895,-907
894,-906
894,-905
894,-904
893,-903
893,-902
893,-901
893,-900
892,-899
892,-898
892,-897
891,-896
890,-895
890,-894
889,-893
889,-892
889,-891
888,-890
888,-889
888,-888
887,-887
886,-886
886,-885
885,-884
885,-883
885,-882
884,-881
883,-880
883,-879
883,-878
882,-877
882,-876
881,-875
880,-874
880,-873
880,-872
880,-871
879,-870
879,-869
879,-868
878,-867
878,-866
877,-865
877,-864
876,-863
876,-862
876,-861
875,-860
875,-859
874,-858
873,-857
873,-856
872,-855
872,-854
871,-853
871,-852
871,-851
870,-850
869,-849
869,-848
869,-847
868,-846
868,-845
867,-844
867,-843
866,-842
866,-841
866,-840
865,-839
865,-838
864,-837
864,-836
863,-835
863,-834
863,-833
863,-832
862,-831
862,-830
861,-829
861,-828
861,-827
860,-826
860,-825
860,-824
859,-823
859,-822
858,-821
858,-820
857,-819
857,-818
857,-817
856,-816
856,-815
855,-814
855,-813
855,-812
854,-811
854,-810
853,-809
853,-808
853,-807
853,-806
852,-805
852,-804
852,-803
852,-802
851,-801
850,-800
850,-799
850,-798
850,-797
849,-796
849,-795
849,-794
848,-793
848,-792
847,-791
847,-790
847,-789
846,-788
846,-787
846,-786
846,-785
846,-784
845,-783
845,-782
845,-781
844,-780
844,-779
844,-778
844,-777
844,-776
843,-775
843,-774
843,-773
843,-772
843,-771
843,-770
842,-769
842,-768
842,-767
842,-766
842,-765
842,-764
842,-763
842,-762
842,-761
842,-760
842,-759
842,-758
842,-757
842,-756
842,-755
842,-754
843,-753
843,-752
843,-751
843,-750
843,-749
843,-748
843,-747
843,-746
844,-745
844,-744
844,-743
844,-742
844,-741
844,-740
844,-739
844,-738
845,-737
845,-736
845,-735
845,-734
845,-733
845,-732
845,-731
845,-730
845,-729
845,-728
845,-727
845,-726
845,-725
845,-724
845,-723
845,-722
845,-721
845,-720
845,-719
845,-718
845,-717
845,-716
844,-715
844,-714
844,-713
844,-712
844,-711
844,-710
844,-709
844,-708
844,-707
844,-706
843,-705
843,-704
843,-703
843,-702
842,-701
842,-700
842,-699
841,-698
841,-697
841,-696
841,-695
841,-694
840,-693
840,-692
840,-691
839,-690
839,-689
839,-688
838,-687
838,-686
838,-685
838,-684
837,-683
836,-682
836,-681
836,-680
836,-679
836,-678
836,-677
835,-676
835,-675
835,-674
835,-673
834,-672
834,-671
833,-670
833,-669
832,-668
832,-667
832,-666
831,-665
831,-664
831,-663
831,-662
830,-661
829,-660
829,-659
829,-658
828,-657
828,-656
827,-655
827,-654
826,-653
826,-652
825,-651
825,-650
824,-649
824,-648
823,-647
823,-646
822,-645
822,-644
821,-643
821,-642
821,-641
820,-640
819,-639
818,-638
818,-637
817,-636
816,-635
815,-634
815,-633
814,-632
814,-631
813,-631
812,-630
812,-629
811,-628
811,-627
810,-626
809,-625
808,-624
808,-623
807,-622
807,-621
807,-620
806,-619
805,-618
805,-617
804,-616
803,-615
802,-614
802,-613
801,-612
800,-611
799,-610
798,-609
797,-608
797,-607
796,-606
795,-605
795,-604
794,-604
793,-603
792,-602
792,-601
791,-600
790,-599
789,-599
788,-598
788,-597
788,-596
787,-596
786,-595
785,-594
784,-593
783,-592
783,-591
782,-591
781,-590
780,-589
779,-588
778,-587
777,-586
776,-585
775,-584
774,-583
773,-582
772,-581
771,-580
770,-579
769,-578
768,-577
767,-577
766,-576
766,-575
765,-575
764,-574
764,-573
763,-573
762,-572
761,-571
760,-571
759,-570
759,-569
758,-569
757,-569
756,-568
756,-567
755,-567
754,-566
754,-565
753,-565
752,-564
751,-563
750,-562
749,-562
748,-561
748,-560
747,-560
746,-559
745,-558
744,-557
743,-556
742,-555
741,-555
740,-555
739,-554
738,-553
737,-552
736,-552
735,-552
734,-551
733,-550
732,-549
731,-549
730,-549
729,-548
728,-547
727,-546
726,-545
725,-545
724,-544
723,-543
722,-543
721,-542
720,-541
719,-541
718,-540
717,-539
716,-539
715,-538
714,-537
713,-537
712,-536
711,-536
710,-535
709,-534
708,-534
707,-533
706,-533
705,-532
704,-532
703,-531
702,-531
701,-531
700,-531
699,-530
698,-529
697,-528
696,-528
695,-528
694,-527
693,-527
692,-526
691,-526
690,-525
689,-524
688,-524
687,-524
686,-523
685,-523
684,-522
683,-521
682,-521
681,-520
680,-520
679,-519
678,-519
677,-519
676,-518
675,-517
674,-517
673,-517
672,-516
671,-516
670,-515
669,-515
668,-514
667,-514
666,-513
665,-513
664,-513
663,-513
662,-513
661,-513
660,-512
659,-511
659,-510
658,-510
657,-510
656,-510
655,-509
654,-509
653,-509
652,-508
651,-508
650,-507
649,-507
648,-507
647,-507
646,-506
645,-506
644,-506
643,-505
642,-505
641,-505
640,-504
639,-504
638,-504
637,-504
636,-504
635,-503
634,-503
633,-503
632,-503
631,-503
630,-502
629,-502
628,-502
627,-502
626,-502
625,-502
624,-501
623,-501
622,-501
621,-501
620,-501
619,-500
618,-500
617,-500
616,-500
615,-500
614,-500
613,-500
612,-500
611,-499
610,-499
609,-499
608,-499
607,-499
606,-499
605,-499
604,-499
603,-499
602,-499
601,-499
600,-499
599,-499
598,-499
598,-500
598,-501
598,-502
598,-503
598,-504
598,-505
598,-506
598,-507
597,-508
596,-508
595,-509
594,-510
593,-510
592,-510
592,-511
592,-512
591,-513
590,-514
