511,-794
511,-795
511,-796
511,-797
511,-798
511,-799
511,-800
512,-800
513,-800
514,-800
515,-801
516,-801
517,-801
518,-801
519,-801
520,-801
521,-801
522,-801
523,-801
524,-801
525,-801
526,-801
527,-802
528,-802
529,-802
530,-802
531,-803
532,-803
533,-803
534,-803
535,-803
536,-804
536,-805
537,-805
538,-806
539,-806
540,-806
541,-806
542,-807
543,-807
544,-807
545,-808
546,-809
547,-809
548,-809
549,-809
550,-810
551,-810
552,-810
553,-810
554,-810
555,-811
556,-811
557,-811
558,-811
559,-811
560,-811
561,-811
562,-811
563,-812
564,-812
565,-812
566,-813
567,-813
568,-813
569,-814
570,-814
571,-814
572,-814
573,-814
574,-815
575,-815
576,-816
577,-816
578,-816
579,-817
580,-817
581,-817
582,-818
583,-818
584,-819
585,-819
586,-819
587,-820
588,-820
589,-820
590,-820
591,-820
592,-821
593,-821
594,-822
595,-822
596,-822
597,-823
598,-823
599,-823
600,-823
601,-823
602,-824
603,-824
604,-824
605,-825
606,-825
607,-825
608,-825
609,-826
609,-827
610,-827
611,-827
612,-828
613,-828
614,-828
615,-828
616,-829
616,-830
617,-830
618,-830
619,-831
620,-831
621,-831
622,-831
623,-831
624,-831
625,-831
626,-831
627,-831
628,-832
629,-832
630,-832
631,-833
632,-833
633,-833
634,-833
635,-833
636,-833
637,-833
638,-833
639,-833
640,-833
641,-833
642,-833
643,-833
644,-834
645,-834
646,-834
647,-834
648,-834
649,-834
650,-835
650,-836
651,-836
652,-836
653,-836
654,-836
655,-836
656,-836
657,-837
658,-837
659,-837
660,-837
661,-837
662,-837
663,-837
664,-837
665,-837
666,-838
667,-838
668,-838
669,-838
670,-838
671,-838
672,-838
673,-838
674,-838
675,-838
676,-838
677,-838
678,-838
679,-838
680,-838
681,-838
682,-838
683,-838
684,-838
685,-838
686,-838
687,-838
688,-838
689,-838
689,-837
690,-836
691,-836
692,-836
693,-836
694,-836
695,-836
696,-836
697,-836
698,-836
699,-836
700,-836
701,-835
702,-835
703,-835
704,-835
705,-835
706,-835
707,-834
708,-833
709,-833
710,-833
711,-833
712,-833
713,-832
714,-832
715,-832
716,-831
717,-831
718,-831
719,-831
720,-831
721,-831
722,-830
723,-830
724,-829
725,-829
726,-829
727,-829
728,-828
729,-828
730,-828
731,-827
732,-827
733,-827
734,-827
735,-826
736,-826
737,-825
738,-825
739,-824
740,-824
741,-824
742,-824
743,-824
744,-824
744,-823
744,-822
745,-821
746,-821
747,-821
748,-820
749,-820
750,-820
751,-820
752,-819
753,-819
754,-819
755,-819
756,-819
757,-819
757,-818
758,-817
759,-816
760,-815
761,-815
762,-814
763,-814
764,-814
765,-814
766,-814
766,-813
766,-812
767,-811
768,-811
769,-810
770,-810
771,-809
772,-808
773,-808
774,-808
774,-807
775,-806
776,-806
777,-806
777,-805
778,-804
779,-804
780,-803
781,-803
782,-802
783,-802
784,-801
785,-800
786,-800
787,-800
787,-799
788,-798
789,-797
790,-796
791,-796
792,-795
793,-794
794,-793
795,-792
795,-791
796,-790
797,-790
798,-790
798,-789
798,-788
799,-787
800,-787
801,-787
802,-786
803,-786
804,-785
805,-784
806,-784
806,-783
806,-782
806,-781
807,-780
808,-780
809,-779
810,-779
811,-778
811,-777
812,-776
812,-775
812,-774
813,-773
814,-773
815,-773
816,-772
817,-771
818,-770
819,-769
819,-768
820,-767
821,-766
822,-766
822,-765
822,-764
823,-763
823,-762
824,-761
825,-760
826,-760
827,-759
827,-758
828,-757
828,-756
829,-755
830,-754
831,-753
831,-752
831,-751
832,-750
833,-749
833,-748
834,-747
835,-747
836,-746
837,-746
838,-745
839,-745
839,-744
840,-743
840,-742
840,-741
841,-740
842,-740
843,-739
844,-738
845,-738
846,-737
847,-737
848,-737
849,-737
850,-737
851,-737
852,-737
853,-737
854,-737
855,-737
856,-737
857,-737
858,-737
859,-737
860,-737
861,-737
862,-737
863,-737
864,-737
865,-737
866,-737
867,-737
868,-737
869,-737
870,-737
871,-737
872,-737
873,-737
874,-737
875,-737
876,-737
877,-737
878,-737
879,-737
880,-737
881,-737
882,-737
883,-737
884,-737
885,-737
886,-737
887,-737
888,-737
889,-737
890,-737
891,-737
892,-737
893,-737
894,-737
895,-737
896,-737
897,-737
898,-737
899,-737
900,-737
901,-737
902,-737
903,-737
904,-737
905,-738
906,-738
907,-738
908,-738
909,-738
910,-738
911,-738
912,-738
913,-738
914,-738
915,-738
916,-738
917,-738
918,-738
919,-738
920,-738
921,-738
922,-738
923,-738
924,-738
925,-738
926,-738
927,-738
928,-738
929,-738
930,-738
931,-738
932,-738
933,-738
934,-738
935,-738
936,-738
937,-738
938,-738
939,-738
940,-738
941,-738
942,-738
943,-738
944,-738
945,-738
946,-738
947,-738
948,-738
949,-738
950,-738
951,-738
952,-738
953,-738
954,-738
955,-738
956,-738
957,-738
958,-738
959,-738
960,-738
961,-738
962,-738
963,-738
964,-738
965,-738
966,-738
967,-738
968,-738
969,-738
970,-738
971,-738
972,-738
973,-737
974,-737
975,-737
976,-737
977,-737
978,-737
978,-736
978,-735
979,-734
980,-734
980,-733
980,-732
980,-731
981,-730
982,-730
983,-730
984,-729
984,-728
985,-727
986,-727
987,-726
988,-726
988,-725
989,-724
990,-724
990,-723
990,-722
990,-721
990,-720
990,-719
990,-718
989,-718
988,-718
987,-718
986,-718
985,-717
985,-716
985,-715
985,-714
985,-713
985,-712
984,-712
983,-712
982,-711
981,-711
980,-711
979,-711
978,-711
977,-710
977,-709
977,-708
977,-707
976,-707
975,-706
974,-706
973,-706
972,-706
971,-706
970,-705
969,-705
968,-705
967,-705
966,-704
966,-703
965,-703
964,-703
963,-703
962,-703
961,-703
960,-703
959,-703
958,-703
957,-702
957,-701
957,-700
956,-700
955,-700
954,-699
953,-699
952,-699
951,-699
950,-699
949,-699
948,-699
947,-699
946,-698
945,-698
944,-698
943,-698
942,-698
941,-698
940,-698
939,-698
938,-699
937,-699
936,-699
935,-699
934,-698
933,-698
932,-698
931,-698
930,-698
929,-698
928,-698
927,-698
926,-698
925,-698
924,-698
923,-697
922,-697
921,-697
920,-697
919,-697
918,-697
917,-696
916,-696
915,-696
914,-696
913,-696
912,-696
911,-696
910,-697
909,-697
908,-697
907,-696
906,-696
905,-696
904,-696
903,-696
902,-696
901,-696
900,-696
899,-696
898,-696
897,-696
896,-696
895,-696
894,-696
893,-696
892,-695
891,-695
890,-695
889,-694
888,-694
887,-694
886,-694
885,-694
884,-694
883,-694
882,-694
881,-694
880,-694
879,-694
878,-694
877,-694
876,-694
875,-694
874,-694
873,-694
872,-694
871,-694
870,-694
869,-694
868,-694
867,-694
866,-694
865,-694
864,-693
863,-693
862,-693
861,-693
860,-693
859,-693
858,-693
857,-693
856,-693
855,-693
854,-692
853,-692
852,-692
851,-692
850,-692
849,-692
848,-692
847,-692
846,-692
845,-692
844,-692
843,-692
842,-691
841,-691
840,-691
839,-691
838,-691
837,-691
836,-691
835,-691
834,-690
833,-690
832,-690
831,-690
830,-690
829,-690
828,-689
827,-689
826,-689
825,-688
824,-688
823,-687
822,-687
821,-687
820,-687
819,-686
818,-685
817,-685
816,-685
815,-684
814,-684
813,-683
812,-683
811,-683
810,-682
809,-681
808,-681
807,-681
806,-680
805,-680
804,-680
803,-679
802,-678
801,-678
800,-677
799,-677
798,-676
797,-676
796,-676
795,-675
794,-674
793,-674
792,-673
791,-673
790,-673
789,-673
788,-673
787,-672
786,-671
785,-671
784,-670
783,-670
782,-670
781,-670
780,-670
779,-669
778,-669
777,-669
776,-669
775,-668
774,-668
773,-668
772,-668
771,-668
770,-667
769,-667
768,-667
767,-666
766,-666
765,-666
764,-666
763,-666
762,-665
761,-665
760,-665
759,-665
758,-665
757,-665
756,-665
755,-664
754,-664
753,-664
752,-664
751,-664
750,-664
749,-664
748,-664
747,-663
746,-663
745,-663
744,-663
743,-663
742,-663
741,-663
740,-663
739,-663
738,-663
737,-663
736,-663
735,-663
734,-663
733,-663
732,-663
731,-663
730,-664
729,-664
728,-664
727,-664
726,-664
725,-664
724,-664
723,-664
722,-664
721,-664
720,-664
719,-664
718,-664
717,-665
716,-665
715,-665
714,-665
713,-665
712,-665
711,-665
710,-665
709,-665
708,-666
707,-666
706,-666
705,-666
704,-666
703,-666
702,-666
701,-667
700,-667
699,-667
698,-667
697,-667
696,-667
695,-668
694,-668
693,-668
692,-668
691,-668
690,-668
689,-669
688,-669
687,-669
686,-669
685,-670
684,-670
683,-670
682,-670
681,-671
680,-671
679,-671
678,-672
677,-672
676,-672
675,-672
674,-672
673,-673
672,-673
671,-673
670,-673
669,-673
668,-674
667,-674
666,-675
665,-675
664,-675
663,-676
662,-676
661,-676
660,-677
659,-677
658,-677
657,-678
656,-678
655,-678
654,-679
653,-679
652,-680
651,-680
650,-681
649,-681
648,-681
647,-682
646,-682
645,-683
644,-683
643,-684
642,-685
641,-685
640,-685
639,-686
638,-686
637,-687
636,-688
635,-688
634,-688
633,-689
632,-689
631,-690
630,-690
629,-690
628,-691
627,-692
626,-692
625,-693
624,-693
623,-693
623,-694
622,-695
621,-695
620,-695
619,-696
618,-696
617,-697
616,-697
615,-698
614,-699
613,-699
612,-700
611,-700
610,-701
609,-701
608,-702
607,-702
606,-703
605,-703
604,-704
603,-705
602,-705
601,-706
600,-707
599,-707
598,-708
597,-709
596,-709
595,-710
594,-711
593,-712
592,-712
591,-713
590,-713
589,-714
588,-714
587,-715
586,-716
585,-716
584,-717
583,-718
582,-718
581,-719
580,-720
579,-720
578,-721
577,-722
576,-722
575,-723
574,-724
573,-724
572,-725
571,-726
570,-726
569,-727
568,-728
567,-729
566,-730
565,-731
564,-731
563,-732
562,-733
561,-733
560,-734
559,-735
558,-736
557,-736
556,-737
555,-738
554,-739
553,-739
552,-740
551,-741
550,-741
549,-742
548,-743
547,-744
546,-745
545,-745
544,-746
543,-747
542,-748
541,-749
540,-750
539,-751
538,-752
537,-753
537,-754
536,-755
535,-756
534,-757
533,-758
532,-759
531,-760
530,-761
529,-762
528,-763
528,-764
527,-765
526,-766
525,-767
524,-768
523,-769
522,-770
522,-771
521,-772
520,-773
519,-774
518,-775
517,-776
517,-777
516,-778
515,-779
514,-780
513,-781
513,-782
513,-783
512,-784
512,-785
512,-786
512,-787
512,-788
513,-789
513,-790
513,-791
513,-792
513,-793
512,-794
511,-794
