557,-755
557,-756
557,-757
557,-758
557,-759
558,-759
559,-760
559,-761
560,-761
561,-761
562,-761
563,-762
564,-762
565,-762
566,-762
567,-763
568,-763
569,-764
570,-764
571,-764
572,-764
573,-765
574,-765
575,-765
576,-766
577,-766
578,-767
579,-767
580,-767
581,-768
582,-769
583,-770
584,-770
585,-770
586,-771
587,-772
588,-772
589,-773
590,-773
591,-773
592,-774
593,-774
594,-774
595,-775
596,-775
597,-776
598,-776
599,-776
600,-777
601,-777
602,-777
603,-778
604,-779
605,-779
606,-779
607,-779
608,-780
609,-780
610,-780
611,-781
612,-781
613,-782
614,-782
615,-782
616,-782
617,-782
618,-782
619,-782
620,-782
621,-783
622,-783
623,-783
624,-783
625,-784
626,-784
627,-785
628,-786
629,-787
629,-788
630,-788
631,-788
632,-788
633,-788
634,-789
635,-789
636,-789
637,-789
638,-789
639,-789
640,-790
641,-790
642,-791
643,-792
644,-792
645,-792
646,-792
647,-792
648,-793
649,-793
650,-793
651,-794
652,-794
653,-795
654,-795
655,-796
655,-797
656,-797
657,-797
658,-797
659,-797
660,-797
661,-797
662,-797
663,-798
664,-798
665,-798
666,-799
667,-799
668,-800
669,-800
670,-801
671,-801
672,-802
673,-803
673,-804
673,-805
674,-806
675,-806
676,-807
677,-807
678,-807
679,-808
680,-808
681,-808
682,-808
683,-809
684,-810
685,-810
686,-810
687,-810
688,-810
689,-811
690,-811
691,-812
692,-812
693,-812
694,-812
695,-813
695,-814
696,-814
697,-814
698,-814
699,-814
700,-815
701,-815
702,-815
703,-815
704,-815
705,-815
706,-816
707,-816
708,-816
709,-816
710,-816
711,-817
711,-818
712,-818
713,-818
714,-818
715,-818
716,-819
717,-819
718,-819
719,-819
720,-819
721,-819
722,-819
723,-819
724,-820
725,-820
726,-820
727,-820
728,-820
729,-820
730,-821
731,-822
732,-822
733,-822
734,-822
735,-823
736,-823
737,-823
738,-823
739,-823
740,-823
741,-823
742,-823
743,-824
744,-824
745,-824
746,-824
747,-824
748,-824
749,-824
750,-824
751,-824
752,-824
753,-824
754,-824
755,-825
756,-825
757,-825
758,-825
759,-825
760,-825
761,-825
762,-825
763,-825
764,-825
765,-824
766,-824
767,-824
768,-824
769,-824
770,-825
771,-825
772,-825
773,-825
774,-825
775,-824
776,-824
777,-824
778,-824
779,-824
780,-824
781,-824
782,-824
783,-824
784,-824
785,-824
786,-824
787,-824
788,-824
789,-824
790,-824
791,-824
792,-824
793,-824
794,-824
795,-824
796,-823
797,-823
798,-823
799,-823
800,-823
800,-822
801,-821
802,-821
803,-821
804,-821
805,-821
806,-821
807,-821
808,-821
809,-821
809,-820
810,-819
811,-819
812,-819
813,-819
814,-819
815,-819
816,-819
817,-819
818,-819
819,-819
820,-818
821,-818
822,-818
823,-818
824,-818
825,-818
826,-817
827,-817
828,-817
829,-816
830,-816
831,-816
832,-816
833,-815
834,-814
835,-814
836,-813
837,-813
838,-812
839,-812
840,-812
841,-811
842,-810
843,-810
844,-810
845,-810
846,-809
847,-808
848,-808
849,-807
850,-806
851,-806
852,-806
853,-805
854,-804
855,-804
856,-803
857,-802
858,-802
859,-801
859,-800
860,-799
861,-798
862,-798
863,-797
864,-796
865,-796
866,-795
867,-794
868,-794
868,-793
869,-792
870,-792
871,-791
872,-791
873,-790
874,-789
875,-789
876,-788
877,-787
878,-786
879,-785
880,-785
881,-784
882,-783
883,-783
884,-782
885,-781
886,-781
887,-781
888,-781
888,-780
889,-779
890,-779
891,-779
892,-778
893,-778
894,-778
895,-777
896,-777
897,-777
898,-777
899,-777
900,-777
901,-777
902,-777
903,-777
904,-777
905,-777
906,-777
907,-777
908,-777
909,-777
910,-777
911,-777
912,-777
913,-778
914,-778
915,-778
916,-778
917,-778
918,-778
919,-778
920,-778
921,-778
922,-778
923,-778
924,-778
925,-778
926,-778
927,-778
928,-778
929,-778
930,-779
931,-779
932,-779
933,-779
934,-779
935,-779
936,-779
937,-779
938,-779
939,-779
940,-779
940,-778
941,-777
941,-776
941,-775
941,-774
941,-773
941,-772
941,-771
941,-770
942,-769
942,-768
942,-767
942,-766
942,-765
942,-764
942,-763
942,-762
943,-761
944,-761
944,-760
944,-759
945,-758
945,-757
945,-756
945,-755
945,-754
945,-753
945,-752
945,-751
945,-750
945,-749
944,-748
944,-747
944,-746
944,-745
944,-744
944,-743
944,-742
944,-741
944,-740
944,-739
945,-738
945,-737
945,-736
945,-735
945,-734
945,-733
945,-732
945,-731
944,-730
943,-730
942,-730
941,-729
940,-729
939,-729
938,-729
937,-729
936,-729
935,-728
934,-728
933,-728
932,-728
931,-728
930,-727
929,-727
928,-727
927,-727
926,-727
925,-727
924,-726
923,-726
922,-726
921,-726
920,-725
919,-725
918,-725
917,-725
916,-724
915,-724
914,-724
913,-723
912,-723
911,-722
910,-722
909,-721
908,-721
907,-721
906,-720
905,-719
904,-719
903,-718
902,-718
901,-717
900,-717
899,-716
898,-715
897,-714
896,-714
895,-713
894,-713
893,-712
892,-711
891,-711
890,-710
889,-709
888,-709
887,-708
886,-707
885,-706
884,-706
883,-705
882,-705
881,-704
880,-704
879,-703
878,-703
877,-702
876,-702
875,-701
874,-701
873,-700
872,-700
871,-700
870,-699
869,-699
868,-699
867,-698
866,-698
865,-698
864,-697
863,-697
862,-697
861,-696
860,-695
859,-695
858,-695
857,-695
856,-694
855,-694
854,-693
853,-693
852,-693
851,-692
850,-692
849,-692
848,-691
847,-691
846,-691
845,-691
844,-690
843,-690
842,-690
841,-689
840,-689
839,-689
838,-689
837,-688
836,-688
835,-688
834,-687
833,-687
832,-687
831,-687
830,-686
829,-686
828,-686
827,-686
826,-686
825,-685
824,-685
823,-685
822,-684
821,-684
820,-684
819,-684
818,-684
817,-683
816,-683
815,-683
814,-683
813,-683
812,-683
811,-682
810,-682
809,-682
808,-682
807,-682
806,-682
805,-682
804,-681
803,-681
802,-681
801,-681
800,-681
799,-681
798,-681
797,-681
796,-681
795,-680
794,-680
793,-680
792,-680
791,-680
790,-680
789,-680
788,-680
787,-680
786,-679
785,-679
784,-679
783,-679
782,-679
781,-679
780,-679
779,-679
778,-679
777,-679
776,-679
775,-679
774,-678
773,-678
772,-678
771,-678
770,-678
769,-678
768,-678
767,-678
766,-678
765,-678
764,-678
763,-678
762,-678
761,-677
760,-677
759,-677
758,-677
757,-677
756,-677
755,-677
754,-677
753,-677
752,-677
751,-677
750,-677
749,-677
748,-677
747,-677
746,-677
745,-677
744,-677
743,-677
742,-677
741,-677
740,-677
739,-677
738,-677
737,-677
736,-677
735,-677
734,-677
733,-677
732,-677
731,-677
730,-677
729,-677
728,-677
727,-677
726,-677
725,-677
724,-677
723,-677
722,-677
721,-677
720,-677
719,-677
718,-677
717,-677
716,-677
715,-677
714,-678
713,-678
712,-678
711,-678
710,-678
709,-678
708,-678
707,-678
706,-678
705,-678
704,-678
703,-678
702,-678
701,-679
700,-679
699,-679
698,-679
697,-679
696,-679
695,-679
694,-679
693,-679
692,-679
691,-679
690,-680
689,-680
688,-680
687,-680
686,-680
685,-680
684,-680
683,-680
682,-680
681,-681
680,-681
679,-682
678,-682
677,-682
676,-682
675,-682
674,-683
673,-683
672,-683
671,-683
670,-683
669,-684
668,-684
667,-684
666,-684
665,-685
664,-685
663,-686
662,-686
661,-687
660,-687
659,-687
658,-687
657,-687
656,-688
655,-688
654,-689
653,-689
652,-690
651,-690
650,-690
649,-690
648,-691
647,-691
646,-692
645,-692
644,-693
643,-693
642,-693
641,-694
640,-694
639,-694
638,-695
637,-695
636,-696
635,-696
634,-696
633,-697
632,-697
631,-698
630,-699
629,-699
628,-699
627,-700
626,-700
625,-701
624,-701
623,-702
622,-702
621,-702
620,-703
619,-703
618,-703
618,-704
618,-705
617,-706
616,-706
615,-706
614,-706
613,-707
612,-707
611,-707
610,-708
609,-708
608,-709
607,-710
606,-710
605,-711
604,-711
603,-712
602,-712
601,-713
600,-713
599,-714
598,-714
597,-715
596,-716
595,-717
594,-717
593,-717
593,-718
592,-719
591,-719
590,-719
589,-720
588,-720
587,-721
586,-721
585,-722
584,-723
583,-723
582,-724
581,-725
580,-726
579,-726
578,-727
577,-728
576,-729
575,-730
574,-730
573,-731
572,-732
571,-733
570,-734
569,-735
568,-735
567,-736
567,-737
566,-738
565,-738
565,-739
564,-740
563,-741
563,-742
562,-743
562,-744
561,-745
561,-746
561,-747
561,-748
560,-749
559,-750
559,-751
558,-752
558,-753
558,-754
557,-755
