558,-899
558,-900
558,-901
558,-902
558,-903
558,-904
558,-905
559,-905
560,-906
561,-907
562,-908
563,-909
563,-910
564,-911
564,-912
564,-913
565,-913
566,-913
567,-913
568,-913
569,-913
570,-913
571,-913
572,-913
573,-913
574,-912
575,-912
576,-912
577,-912
578,-912
579,-912
580,-912
581,-912
582,-913
583,-914
584,-914
585,-914
586,-914
587,-914
588,-914
589,-913
590,-912
591,-912
592,-912
593,-911
594,-911
595,-911
596,-911
597,-911
598,-911
598,-910
598,-909
598,-908
599,-907
600,-907
600,-906
600,-905
601,-904
602,-904
603,-904
604,-903
605,-903
605,-902
605,-901
606,-900
607,-900
608,-900
609,-899
610,-898
611,-898
612,-898
612,-897
612,-896
612,-895
613,-894
614,-894
614,-893
615,-892
616,-892
617,-891
618,-890
619,-889
620,-889
621,-889
622,-889
623,-888
623,-887
623,-886
624,-885
625,-885
626,-884
627,-883
628,-882
628,-881
629,-880
630,-880
631,-880
632,-879
633,-878
634,-877
635,-877
636,-876
637,-876
638,-875
639,-874
640,-873
641,-873
642,-872
643,-871
644,-870
645,-869
646,-869
646,-868
647,-867
648,-867
649,-867
650,-866
651,-865
652,-864
653,-863
653,-862
654,-861
655,-861
656,-861
657,-860
658,-859
659,-859
660,-858
661,-857
662,-857
663,-856
664,-855
665,-854
666,-854
667,-853
668,-852
669,-852
670,-851
671,-851
672,-850
673,-849
674,-848
675,-848
676,-848
676,-847
677,-846
678,-846
679,-846
680,-845
681,-844
682,-844
683,-843
684,-842
685,-841
686,-841
687,-840
688,-840
689,-840
690,-840
690,-839
691,-838
692,-838
693,-837
694,-837
695,-837
696,-837
697,-836
698,-836
699,-836
700,-836
701,-836
702,-836
703,-835
704,-835
705,-835
706,-835
707,-834
708,-834
709,-834
710,-834
711,-834
712,-834
713,-834
714,-833
715,-833
716,-833
717,-833
718,-833
719,-833
720,-832
721,-832
722,-832
723,-832
724,-831
725,-831
726,-831
727,-831
728,-831
729,-831
730,-831
730,-830
731,-829
732,-829
733,-829
734,-829
735,-829
736,-829
737,-828
738,-827
739,-827
740,-827
741,-827
742,-826
743,-826
744,-825
745,-825
746,-825
747,-824
748,-823
749,-823
750,-823
751,-822
752,-822
753,-821
754,-821
755,-820
756,-820
757,-820
758,-819
759,-819
760,-819
761,-818
762,-818
763,-817
764,-817
765,-816
766,-816
767,-816
768,-815
769,-815
770,-815
771,-814
772,-813
773,-812
774,-812
775,-811
776,-811
777,-810
778,-809
779,-809
780,-809
780,-808
781,-807
782,-807
783,-807
784,-807
784,-806
785,-805
786,-805
787,-805
788,-804
789,-804
790,-803
791,-802
792,-802
793,-801
794,-801
795,-801
796,-800
796,-799
797,-798
798,-798
799,-798
799,-797
800,-796
801,-796
802,-796
803,-795
804,-794
805,-794
806,-794
807,-794
807,-793
808,-792
809,-792
810,-791
811,-790
812,-790
813,-789
814,-788
815,-788
816,-787
817,-786
818,-785
819,-785
820,-784
821,-783
822,-782
823,-782
824,-781
825,-781
826,-780
827,-779
827,-778
828,-777
829,-777
829,-776
830,-775
831,-775
832,-774
833,-774
834,-773
835,-772
836,-772
837,-771
837,-770
838,-769
839,-769
839,-768
840,-767
841,-766
842,-765
843,-764
844,-763
845,-763
845,-762
845,-761
846,-760
847,-759
848,-758
849,-757
850,-757
851,-756
852,-755
853,-754
853,-753
854,-752
855,-751
855,-750
856,-749
857,-749
857,-748
858,-747
859,-746
860,-745
861,-744
862,-743
862,-742
863,-741
864,-740
865,-740
865,-739
865,-738
866,-737
867,-736
867,-735
868,-734
869,-734
869,-733
870,-732
871,-732
872,-731
872,-730
872,-729
873,-728
874,-727
874,-726
875,-725
875,-724
876,-723
876,-722
877,-721
877,-720
878,-719
878,-718
879,-717
879,-716
879,-715
880,-714
881,-713
881,-712
882,-711
882,-710
883,-709
883,-708
884,-707
884,-706
885,-705
885,-704
886,-703
887,-702
887,-701
888,-700
888,-699
889,-698
890,-697
890,-696
891,-695
892,-694
892,-693
893,-692
894,-691
894,-690
895,-689
896,-689
897,-689
897,-688
897,-687
897,-686
897,-685
898,-684
899,-684
900,-684
900,-683
901,-682
902,-682
902,-681
903,-680
904,-680
904,-679
904,-678
904,-677
904,-676
904,-675
904,-674
905,-673
906,-673
907,-673
908,-673
908,-672
908,-671
908,-670
909,-669
909,-668
909,-667
910,-666
911,-665
912,-664
912,-663
912,-662
912,-661
913,-660
913,-659
913,-658
914,-657
915,-657
915,-656
915,-655
916,-654
917,-654
917,-653
917,-652
917,-651
918,-650
919,-650
919,-649
919,-648
920,-647
921,-647
922,-646
922,-645
922,-644
922,-643
923,-642
924,-641
924,-640
924,-639
925,-638
925,-637
926,-636
926,-635
926,-634
927,-633
928,-632
929,-632
929,-631
929,-630
930,-629
931,-628
931,-627
931,-626
932,-625
932,-624
933,-623
933,-622
934,-621
935,-620
935,-619
935,-618
936,-617
936,-616
937,-615
937,-614
938,-613
939,-612
939,-611
939,-610
939,-609
940,-608
940,-607
940,-606
941,-605
941,-604
941,-603
942,-602
942,-601
943,-600
943,-599
943,-598
943,-597
943,-596
943,-595
943,-594
943,-593
943,-592
943,-591
943,-590
942,-589
941,-589
940,-589
939,-589
938,-588
937,-588
936,-588
935,-588
934,-588
933,-588
932,-588
931,-588
930,-589
929,-589
928,-589
927,-589
926,-589
925,-590
924,-590
923,-590
922,-590
921,-590
920,-590
919,-591
918,-591
917,-591
916,-591
915,-592
914,-592
913,-592
912,-592
911,-593
910,-593
909,-593
908,-593
907,-593
906,-593
905,-594
904,-594
903,-594
902,-595
901,-595
900,-595
899,-595
898,-596
897,-596
896,-596
895,-596
894,-597
893,-597
892,-598
891,-598
890,-599
889,-599
888,-599
887,-600
886,-600
885,-600
884,-600
883,-601
882,-601
881,-601
880,-602
879,-602
878,-602
877,-602
876,-603
875,-603
874,-604
873,-604
872,-604
871,-605
870,-605
869,-605
868,-606
867,-606
866,-607
865,-607
864,-607
863,-607
862,-608
861,-609
860,-609
859,-610
858,-610
857,-611
856,-611
855,-611
854,-612
853,-612
852,-613
851,-613
850,-614
849,-614
848,-614
847,-615
846,-615
845,-616
844,-616
843,-616
842,-617
841,-617
840,-617
839,-618
838,-618
837,-618
836,-619
835,-620
834,-620
833,-620
832,-620
831,-621
830,-622
829,-622
828,-622
827,-623
826,-623
825,-623
824,-624
823,-625
822,-625
821,-625
820,-626
819,-626
818,-626
817,-627
816,-627
815,-628
814,-628
813,-629
812,-629
811,-630
810,-630
809,-631
808,-631
807,-632
806,-632
805,-633
804,-633
803,-633
802,-634
801,-634
800,-634
799,-635
798,-635
797,-636
796,-636
795,-637
794,-637
793,-638
792,-638
791,-638
790,-639
789,-639
788,-640
787,-640
786,-641
785,-641
784,-642
783,-643
782,-643
781,-644
780,-644
779,-645
778,-646
777,-646
777,-647
776,-648
775,-648
774,-648
773,-649
773,-650
772,-651
771,-651
770,-651
769,-651
768,-652
767,-653
766,-653
765,-654
764,-654
763,-655
762,-655
762,-656
761,-657
760,-657
759,-658
758,-659
757,-659
756,-660
755,-660
754,-661
753,-662
752,-662
751,-663
750,-663
749,-664
748,-665
747,-666
746,-667
745,-668
744,-668
743,-669
742,-670
741,-671
740,-672
739,-673
738,-674
737,-674
736,-675
735,-676
734,-677
733,-678
732,-679
731,-680
730,-681
729,-682
728,-683
727,-684
726,-685
725,-686
724,-687
724,-688
723,-689
722,-690
721,-690
721,-691
720,-692
719,-693
718,-694
718,-695
717,-696
716,-697
715,-698
715,-699
714,-700
713,-701
712,-702
712,-703
711,-704
710,-704
710,-705
709,-706
708,-707
707,-708
707,-709
706,-710
705,-711
704,-712
704,-713
703,-714
702,-715
702,-716
701,-717
700,-718
699,-719
698,-720
698,-721
697,-722
696,-723
696,-724
695,-725
695,-726
694,-727
693,-728
692,-729
692,-730
691,-731
691,-732
690,-733
690,-734
689,-735
688,-736
688,-737
687,-738
686,-739
686,-740
686,-741
685,-742
684,-742
684,-743
683,-744
683,-745
682,-746
682,-747
681,-748
680,-749
680,-750
679,-751
679,-752
678,-753
677,-754
677,-755
676,-756
676,-757
675,-758
675,-759
674,-760
674,-761
674,-762
673,-763
673,-764
672,-765
672,-766
671,-767
671,-768
670,-769
670,-770
670,-771
669,-772
668,-773
668,-774
668,-775
667,-776
667,-777
666,-778
666,-779
666,-780
665,-781
665,-782
665,-783
664,-784
663,-785
663,-786
663,-787
663,-788
662,-789
662,-790
662,-791
662,-792
661,-793
660,-794
660,-795
660,-796
659,-797
659,-798
659,-799
658,-800
657,-801
657,-802
656,-803
656,-804
655,-805
655,-806
654,-807
653,-808
652,-809
652,-810
651,-811
650,-812
649,-813
649,-814
648,-815
647,-816
646,-817
645,-817
645,-818
644,-819
643,-819
643,-820
642,-821
641,-822
640,-823
639,-824
638,-825
637,-826
636,-827
635,-827
635,-828
634,-829
633,-830
632,-831
631,-832
630,-833
629,-834
628,-834
627,-835
626,-836
625,-837
624,-838
623,-839
622,-840
621,-841
620,-841
620,-842
619,-843
618,-843
618,-844
617,-845
616,-845
615,-846
614,-847
613,-848
612,-848
611,-849
610,-850
609,-851
608,-852
607,-852
606,-853
606,-854
606,-855
606,-856
606,-857
607,-857
608,-857
609,-857
610,-857
611,-857
612,-857
613,-857
614,-856
615,-856
616,-856
617,-856
618,-857
619,-858
619,-859
620,-860
620,-861
620,-862
619,-863
618,-864
617,-865
616,-866
615,-866
614,-867
613,-868
612,-868
611,-869
610,-870
610,-871
609,-872
608,-872
607,-873
606,-874
605,-875
604,-875
603,-875
603,-876
602,-877
601,-878
600,-879
599,-879
598,-879
598,-880
597,-881
596,-882
595,-882
594,-883
593,-884
592,-884
592,-885
591,-886
590,-886
589,-887
588,-887
587,-887
586,-888
585,-888
584,-889
583,-889
582,-889
581,-889
581,-890
580,-891
579,-891
578,-892
577,-892
576,-892
575,-892
574,-891
574,-890
573,-889
572,-889
571,-889
570,-889
569,-889
568,-890
567,-890
566,-891
566,-892
566,-893
565,-894
564,-894
564,-895
563,-896
562,-896
562,-897
561,-898
560,-899
559,-899
558,-899
