539,-737
539,-738
539,-739
539,-740
539,-741
539,-742
540,-743
540,-744
540,-745
540,-746
540,-747
541,-747
542,-747
543,-747
544,-747
545,-747
545,-746
545,-745
545,-744
546,-743
547,-743
548,-743
549,-743
550,-743
551,-743
552,-742
553,-742
554,-742
555,-742
556,-741
557,-740
557,-739
558,-738
559,-737
560,-736
561,-736
562,-736
563,-736
564,-737
564,-738
564,-739
563,-740
562,-741
561,-742
560,-743
559,-744
558,-745
558,-746
558,-747
558,-748
558,-749
558,-750
558,-751
558,-752
559,-752
560,-752
561,-753
562,-753
563,-753
564,-753
565,-753
566,-753
567,-753
568,-754
569,-754
570,-754
571,-754
572,-754
573,-753
574,-753
575,-753
576,-753
577,-753
578,-754
579,-754
580,-754
581,-754
582,-754
583,-754
584,-754
585,-754
586,-754
587,-754
588,-754
589,-754
590,-754
591,-754
592,-754
593,-754
594,-755
595,-755
596,-755
597,-755
598,-755
599,-755
600,-755
601,-754
602,-754
603,-754
604,-754
605,-755
606,-755
607,-755
608,-755
609,-756
610,-756
611,-756
612,-756
613,-756
614,-756
615,-756
616,-756
617,-756
618,-756
619,-756
620,-757
621,-757
622,-757
623,-757
624,-757
625,-757
626,-757
627,-757
628,-757
629,-757
630,-757
631,-757
632,-757
633,-757
634,-758
635,-758
636,-758
637,-758
638,-758
639,-758
640,-758
641,-758
642,-758
643,-758
644,-758
645,-758
646,-758
647,-759
648,-759
649,-759
650,-759
651,-759
652,-759
653,-759
654,-759
655,-759
656,-760
657,-760
658,-760
659,-761
659,-762
660,-762
661,-762
662,-763
663,-763
664,-764
664,-765
665,-765
666,-766
666,-767
667,-768
668,-768
669,-768
670,-769
671,-769
672,-770
672,-771
673,-772
674,-772
675,-772
676,-773
677,-774
678,-774
679,-774
680,-774
681,-775
682,-775
683,-775
684,-776
684,-777
685,-778
686,-778
687,-779
687,-780
688,-780
689,-780
690,-781
690,-782
691,-782
692,-783
693,-783
694,-784
695,-785
695,-786
696,-787
697,-787
698,-787
699,-788
700,-788
701,-789
702,-789
703,-789
704,-789
705,-789
706,-790
706,-791
706,-792
707,-793
708,-794
708,-795
709,-796
710,-796
711,-796
712,-796
713,-796
714,-797
714,-798
715,-798
716,-799
717,-799
718,-800
719,-800
720,-800
721,-800
722,-800
723,-800
724,-800
725,-801
725,-802
726,-803
726,-804
727,-804
728,-804
729,-805
730,-805
731,-806
732,-806
733,-806
734,-807
735,-807
736,-807
737,-807
738,-808
739,-808
740,-809
741,-809
742,-809
743,-809
744,-809
745,-809
746,-809
747,-810
748,-811
749,-812
750,-812
751,-812
752,-812
753,-813
754,-813
755,-813
756,-813
757,-813
758,-814
758,-815
759,-815
760,-815
761,-815
762,-815
763,-815
764,-816
764,-817
765,-817
766,-817
767,-817
768,-817
769,-817
770,-817
771,-818
772,-818
773,-818
774,-818
775,-818
776,-818
777,-818
778,-818
779,-818
780,-818
781,-818
782,-818
783,-818
784,-818
785,-818
786,-818
787,-818
788,-818
789,-818
790,-818
791,-818
792,-818
793,-818
794,-818
795,-818
796,-818
797,-817
798,-817
799,-817
800,-816
801,-816
802,-816
803,-816
804,-816
805,-816
806,-816
807,-815
808,-815
809,-815
810,-815
811,-814
812,-814
813,-814
814,-814
815,-814
816,-814
817,-813
818,-813
819,-813
820,-813
821,-812
822,-812
823,-812
824,-812
825,-812
826,-812
827,-812
828,-812
829,-812
830,-812
831,-811
832,-811
833,-811
834,-811
835,-811
836,-811
837,-810
838,-810
839,-810
840,-810
841,-810
842,-810
843,-810
844,-810
845,-809
846,-809
847,-809
848,-809
849,-809
850,-809
851,-809
852,-808
853,-808
854,-808
855,-808
856,-807
857,-807
858,-807
859,-807
860,-806
861,-806
862,-806
863,-805
864,-805
865,-804
866,-804
867,-803
868,-803
869,-803
870,-802
871,-802
872,-802
873,-802
874,-801
875,-801
876,-801
877,-800
878,-800
879,-800
880,-800
881,-799
882,-799
883,-798
884,-798
885,-798
886,-798
887,-798
888,-798
889,-797
890,-797
891,-797
892,-797
893,-796
894,-796
895,-796
896,-796
897,-796
898,-796
899,-795
900,-795
901,-795
902,-795
903,-794
904,-794
905,-794
906,-794
907,-794
908,-794
909,-794
910,-793
911,-793
912,-792
913,-792
914,-792
915,-792
916,-792
917,-791
918,-791
919,-791
920,-790
921,-790
922,-790
923,-790
924,-789
925,-789
926,-789
927,-789
928,-788
929,-788
930,-788
931,-788
932,-787
933,-786
934,-786
935,-786
936,-786
937,-786
938,-785
939,-785
940,-785
941,-784
942,-784
943,-784
944,-783
945,-783
946,-782
947,-781
948,-781
949,-780
950,-780
951,-780
952,-780
953,-780
954,-780
955,-780
956,-780
957,-779
958,-779
958,-778
958,-777
959,-776
960,-775
961,-774
962,-773
963,-773
963,-772
963,-771
963,-770
963,-769
962,-768
962,-767
962,-766
961,-765
961,-764
961,-763
961,-762
961,-761
961,-760
961,-759
961,-758
960,-757
959,-756
958,-755
957,-755
956,-754
956,-753
955,-753
954,-752
953,-752
952,-751
951,-750
950,-750
949,-749
948,-748
947,-747
946,-747
945,-746
944,-745
943,-744
942,-744
941,-743
940,-742
939,-742
938,-741
937,-740
936,-740
935,-739
934,-738
933,-738
932,-737
931,-737
930,-736
929,-736
928,-735
927,-735
926,-734
925,-734
924,-733
923,-732
922,-732
921,-731
920,-731
919,-730
918,-730
917,-730
916,-729
915,-729
914,-728
913,-728
912,-727
911,-726
910,-726
909,-726
908,-725
907,-725
906,-724
905,-724
904,-723
903,-723
902,-723
901,-722
900,-721
899,-721
898,-721
897,-720
896,-720
895,-719
894,-719
893,-719
892,-718
891,-718
890,-717
889,-717
888,-717
887,-716
886,-716
885,-715
884,-715
883,-715
882,-714
881,-714
880,-714
879,-713
878,-713
877,-712
876,-712
875,-711
874,-711
873,-711
872,-710
871,-710
870,-709
869,-709
868,-709
867,-708
866,-708
865,-708
864,-707
863,-707
862,-707
861,-706
860,-706
859,-706
858,-705
857,-705
856,-704
855,-704
854,-704
853,-704
852,-703
851,-703
850,-703
849,-702
848,-702
847,-702
846,-702
845,-701
844,-701
843,-701
842,-700
841,-700
840,-700
839,-699
838,-699
837,-699
836,-698
835,-698
834,-698
833,-697
832,-697
831,-697
830,-697
829,-696
828,-696
827,-696
826,-695
825,-695
824,-695
823,-695
822,-694
821,-694
820,-694
819,-693
818,-693
817,-693
816,-693
815,-693
814,-692
813,-692
812,-692
811,-692
810,-691
809,-691
808,-691
807,-691
806,-690
805,-690
804,-690
803,-689
802,-689
801,-689
800,-689
799,-689
798,-688
797,-688
796,-688
795,-688
794,-688
793,-687
792,-687
791,-687
790,-687
789,-687
788,-687
787,-686
786,-686
785,-686
784,-686
783,-686
782,-686
781,-685
780,-685
779,-685
778,-685
777,-685
776,-685
775,-685
774,-685
773,-685
772,-685
771,-684
770,-684
769,-684
768,-684
767,-684
766,-684
765,-683
764,-683
763,-683
762,-683
761,-683
760,-683
759,-683
758,-683
757,-683
756,-683
755,-683
754,-683
753,-683
752,-683
751,-683
750,-683
749,-683
748,-683
747,-683
746,-683
745,-683
744,-683
743,-683
742,-683
741,-683
740,-683
739,-683
738,-683
737,-683
736,-683
735,-683
734,-684
733,-684
732,-684
731,-684
730,-684
729,-684
728,-684
727,-684
726,-684
725,-684
724,-685
723,-685
722,-685
721,-685
720,-686
719,-686
718,-686
717,-687
716,-687
715,-687
714,-687
713,-687
712,-687
711,-687
710,-688
709,-688
708,-689
707,-689
706,-689
705,-690
704,-690
703,-690
702,-690
701,-691
700,-691
699,-691
698,-692
697,-692
696,-692
695,-692
694,-693
693,-693
692,-694
691,-694
690,-694
689,-695
688,-695
687,-696
686,-696
685,-696
684,-697
683,-697
682,-698
681,-698
680,-699
679,-699
678,-699
677,-700
676,-701
675,-701
674,-701
673,-702
672,-702
671,-703
670,-703
669,-703
668,-704
667,-704
666,-705
665,-705
664,-705
663,-706
662,-706
661,-706
660,-707
659,-707
658,-707
657,-708
656,-708
655,-708
654,-708
653,-708
652,-709
651,-709
650,-709
649,-709
648,-709
647,-709
646,-710
645,-710
644,-710
643,-710
642,-710
641,-710
640,-710
639,-710
638,-710
637,-710
636,-710
635,-710
634,-710
633,-710
632,-710
631,-710
630,-710
629,-710
628,-710
627,-710
626,-710
625,-710
624,-710
623,-710
622,-710
621,-710
620,-710
619,-710
618,-710
617,-710
616,-710
615,-710
614,-710
613,-710
612,-710
611,-710
610,-710
609,-709
608,-709
607,-709
606,-709
605,-709
604,-709
603,-709
602,-709
601,-709
600,-709
599,-709
598,-709
597,-708
596,-708
595,-708
594,-708
593,-708
592,-708
591,-708
590,-708
589,-708
588,-707
587,-707
586,-707
585,-707
584,-707
583,-707
582,-708
581,-708
581,-709
580,-710
579,-710
578,-710
577,-710
576,-710
575,-710
574,-710
573,-710
572,-709
571,-709
570,-708
569,-708
568,-708
567,-708
566,-708
565,-708
564,-708
563,-708
562,-708
561,-708
561,-709
561,-710
560,-711
559,-711
558,-711
557,-711
556,-711
555,-711
554,-711
553,-711
552,-712
552,-713
552,-714
552,-715
551,-716
550,-716
549,-716
548,-716
547,-717
547,-718
547,-719
546,-720
546,-721
545,-722
544,-723
544,-724
543,-725
543,-726
543,-727
542,-728
542,-729
542,-730
542,-731
541,-732
540,-732
540,-733
540,-734
540,-735
540,-736
539,-737
