495,-791
495,-792
495,-793
495,-794
495,-795
495,-796
495,-797
495,-798
496,-798
497,-799
498,-799
499,-799
500,-799
501,-799
502,-800
503,-801
504,-802
505,-802
506,-803
506,-804
507,-804
508,-805
509,-805
510,-805
511,-805
512,-805
513,-804
514,-804
515,-804
516,-804
517,-804
518,-803
519,-802
520,-802
521,-802
522,-802
523,-802
524,-802
525,-802
526,-802
527,-802
528,-802
529,-802
530,-802
531,-802
532,-802
533,-802
534,-802
535,-802
536,-802
536,-801
536,-800
537,-799
538,-799
539,-798
540,-798
541,-798
542,-798
543,-798
544,-798
545,-798
545,-797
546,-796
547,-796
548,-796
549,-796
550,-796
551,-796
552,-796
553,-796
554,-796
555,-796
556,-796
557,-796
558,-795
559,-794
560,-794
561,-794
562,-794
563,-793
564,-793
565,-793
566,-793
567,-793
568,-793
569,-793
570,-792
571,-792
572,-792
573,-792
574,-791
575,-791
576,-791
577,-790
578,-790
579,-790
580,-790
581,-790
582,-790
583,-790
584,-790
585,-789
586,-789
587,-788
588,-788
589,-788
590,-788
591,-788
592,-788
593,-788
594,-788
595,-788
596,-788
597,-787
598,-787
599,-787
600,-786
601,-786
602,-786
603,-786
604,-786
605,-786
606,-786
607,-786
608,-786
609,-785
610,-785
611,-785
612,-785
613,-785
614,-785
615,-785
616,-784
617,-784
618,-784
619,-784
620,-784
621,-784
622,-784
623,-784
624,-784
625,-784
626,-784
627,-784
628,-783
629,-783
630,-783
631,-783
632,-784
633,-784
634,-784
635,-784
636,-784
637,-784
638,-784
639,-785
640,-785
641,-785
642,-785
643,-785
644,-785
645,-785
646,-785
647,-785
648,-785
649,-785
650,-786
651,-786
652,-786
653,-786
654,-787
655,-787
656,-787
657,-788
658,-788
659,-788
660,-789
661,-789
662,-789
663,-789
664,-790
665,-790
666,-791
667,-791
668,-791
669,-792
670,-793
671,-794
672,-794
673,-795
674,-795
675,-796
676,-796
677,-797
678,-798
679,-799
680,-799
681,-799
682,-800
683,-800
684,-800
685,-801
686,-801
687,-801
688,-802
689,-802
690,-803
690,-804
691,-805
692,-806
692,-807
693,-807
694,-807
695,-808
696,-808
697,-808
698,-808
699,-809
700,-810
701,-811
702,-811
703,-811
704,-812
705,-812
706,-813
707,-813
708,-814
709,-814
710,-814
711,-815
712,-815
713,-815
714,-815
715,-815
716,-815
717,-816
718,-817
719,-817
720,-817
721,-817
722,-817
723,-817
724,-817
725,-817
726,-817
727,-817
728,-817
729,-818
729,-819
729,-820
730,-820
731,-820
732,-821
733,-821
734,-822
735,-822
736,-822
737,-822
738,-822
739,-823
740,-823
741,-823
742,-823
743,-823
744,-823
745,-823
746,-823
747,-823
748,-823
749,-823
750,-824
751,-824
752,-824
753,-824
754,-824
755,-825
756,-825
757,-825
758,-826
759,-826
760,-826
761,-827
762,-827
763,-827
764,-827
765,-828
766,-828
767,-829
768,-830
769,-830
770,-830
771,-831
772,-831
773,-831
774,-832
775,-832
776,-833
776,-834
777,-834
778,-834
779,-835
780,-836
780,-837
781,-837
782,-837
783,-837
784,-838
785,-838
786,-839
787,-839
788,-840
789,-840
790,-841
791,-841
792,-841
793,-841
794,-841
795,-842
796,-842
797,-842
798,-843
799,-843
800,-843
801,-843
802,-843
803,-843
804,-843
805,-843
806,-843
807,-843
808,-843
809,-843
810,-843
811,-843
812,-843
813,-843
814,-843
815,-842
816,-842
817,-842
818,-841
819,-841
820,-841
821,-841
822,-841
823,-841
824,-840
825,-840
826,-840
827,-840
828,-840
829,-840
830,-840
831,-840
831,-839
832,-838
833,-838
834,-838
835,-838
836,-838
837,-837
838,-837
839,-837
840,-837
841,-836
842,-835
843,-835
844,-834
845,-833
846,-833
846,-832
846,-831
847,-830
848,-830
849,-830
850,-829
851,-829
852,-828
853,-828
854,-828
855,-827
856,-827
857,-826
858,-825
859,-825
860,-824
861,-824
862,-824
863,-823
864,-823
865,-822
866,-822
867,-822
868,-821
869,-821
870,-821
871,-820
872,-820
873,-820
874,-820
875,-819
875,-818
875,-817
876,-816
877,-816
878,-816
879,-815
880,-815
881,-814
882,-814
883,-814
883,-813
884,-812
885,-812
886,-812
887,-812
888,-812
888,-811
889,-810
890,-810
891,-809
892,-808
893,-808
894,-808
895,-807
896,-807
897,-806
898,-806
899,-805
900,-805
901,-804
902,-804
903,-803
904,-803
905,-802
906,-802
907,-802
908,-801
908,-800
909,-799
910,-799
911,-798
912,-798
913,-798
914,-798
914,-797
915,-796
916,-796
917,-795
918,-795
919,-795
920,-794
921,-794
922,-793
923,-793
924,-792
925,-791
926,-790
927,-790
928,-790
929,-789
930,-788
931,-787
932,-787
933,-786
934,-785
935,-784
936,-784
937,-783
938,-783
939,-783
940,-782
941,-781
942,-780
943,-780
944,-779
944,-778
945,-777
946,-776
947,-775
948,-775
949,-775
950,-775
950,-774
951,-773
952,-773
953,-772
954,-771
955,-771
956,-770
957,-769
958,-768
959,-768
960,-768
961,-768
962,-768
963,-767
964,-766
965,-766
966,-766
967,-766
968,-766
969,-766
970,-766
971,-766
972,-765
973,-765
974,-765
975,-764
975,-763
976,-762
976,-761
977,-760
978,-760
978,-759
978,-758
979,-757
980,-757
981,-757
982,-757
983,-757
984,-757
985,-757
985,-756
986,-755
987,-754
988,-754
988,-753
989,-752
990,-752
991,-751
991,-750
991,-749
992,-748
993,-748
993,-747
994,-746
994,-745
994,-744
995,-743
996,-743
996,-742
997,-741
998,-741
999,-740
1000,-740
1001,-740
1002,-740
1003,-740
1004,-740
1005,-740
1005,-739
1005,-738
1005,-737
1005,-736
1006,-735
1007,-735
1007,-734
1007,-733
1007,-732
1007,-731
1007,-730
1007,-729
1007,-728
1006,-727
1005,-727
1004,-726
1003,-725
1003,-724
1003,-723
1003,-722
1004,-721
1004,-720
1004,-719
1004,-718
1004,-717
1004,-716
1003,-716
1002,-715
1001,-715
1000,-714
999,-713
998,-713
997,-713
996,-712
995,-712
994,-712
993,-712
992,-711
991,-711
990,-710
989,-710
988,-710
987,-709
986,-708
985,-708
984,-707
983,-707
982,-706
981,-706
980,-705
979,-705
978,-704
977,-704
976,-703
975,-703
974,-702
973,-702
972,-701
971,-701
970,-700
969,-700
968,-699
967,-699
966,-698
965,-698
964,-697
963,-697
962,-697
961,-696
960,-695
959,-695
958,-694
957,-694
956,-693
955,-693
954,-693
953,-692
952,-692
951,-691
950,-691
949,-690
948,-690
947,-690
946,-689
945,-689
944,-688
943,-688
942,-688
941,-688
940,-687
939,-686
938,-686
937,-686
936,-685
935,-685
934,-685
933,-684
932,-684
931,-684
930,-683
929,-683
928,-682
927,-682
926,-682
925,-681
924,-681
923,-681
922,-681
921,-680
920,-680
919,-679
918,-679
917,-679
916,-679
915,-679
914,-679
913,-679
912,-679
911,-678
911,-677
910,-676
909,-676
908,-675
907,-675
906,-675
905,-675
904,-675
903,-674
902,-673
901,-673
900,-673
899,-673
898,-673
897,-673
896,-672
895,-671
894,-670
893,-670
892,-670
891,-670
890,-670
889,-669
888,-669
887,-669
886,-668
885,-667
884,-667
883,-667
882,-667
881,-667
880,-666
879,-666
878,-666
877,-666
876,-666
875,-666
874,-666
873,-666
872,-665
871,-665
870,-665
869,-665
868,-664
867,-664
866,-663
865,-663
864,-663
863,-663
862,-663
861,-663
860,-663
859,-663
858,-663
857,-663
856,-662
855,-662
854,-662
853,-662
852,-662
851,-662
850,-661
849,-661
848,-661
847,-661
846,-661
845,-661
844,-661
843,-661
842,-660
841,-660
840,-660
839,-660
838,-660
837,-660
836,-660
835,-660
834,-659
833,-659
832,-659
831,-659
830,-659
829,-659
828,-659
827,-659
826,-659
825,-659
824,-659
823,-659
822,-659
821,-659
820,-659
819,-659
818,-659
817,-659
816,-659
815,-659
814,-659
813,-659
812,-659
811,-659
810,-659
809,-659
808,-659
807,-659
806,-659
805,-659
804,-660
803,-660
802,-660
801,-660
800,-660
799,-660
798,-660
797,-660
796,-660
795,-660
794,-660
793,-660
792,-660
791,-661
790,-661
789,-661
788,-661
787,-661
786,-661
785,-662
784,-662
783,-662
782,-662
781,-662
780,-662
779,-662
778,-662
777,-662
776,-663
775,-663
774,-663
773,-663
772,-663
771,-663
770,-663
769,-664
768,-664
767,-664
766,-664
765,-665
764,-665
763,-665
762,-665
761,-665
760,-666
759,-666
758,-666
757,-666
756,-666
755,-666
754,-667
753,-667
752,-667
751,-667
750,-668
749,-668
748,-668
747,-669
746,-669
745,-669
744,-669
743,-670
742,-670
741,-670
740,-670
739,-671
738,-671
737,-671
736,-671
735,-672
734,-672
733,-673
732,-673
731,-674
730,-674
729,-675
728,-675
727,-676
726,-676
725,-677
724,-678
723,-678
722,-679
721,-679
721,-680
720,-681
719,-681
719,-682
718,-683
717,-684
716,-685
715,-685
714,-686
713,-687
712,-688
711,-689
710,-690
709,-691
708,-692
707,-693
706,-694
705,-694
704,-695
703,-695
702,-695
701,-694
701,-693
701,-692
701,-691
701,-690
701,-689
700,-689
699,-689
698,-689
697,-689
696,-690
695,-691
694,-691
693,-692
692,-693
691,-694
690,-694
689,-695
688,-696
687,-697
686,-698
685,-698
684,-699
684,-700
683,-701
682,-701
681,-702
680,-703
679,-703
678,-703
677,-704
676,-705
675,-706
675,-707
674,-708
673,-708
673,-709
672,-710
671,-710
671,-711
670,-712
669,-713
668,-714
667,-714
667,-715
666,-716
665,-717
665,-718
664,-719
663,-720
662,-720
662,-721
661,-722
660,-723
659,-724
658,-725
657,-726
656,-726
655,-727
654,-728
653,-729
652,-729
651,-730
650,-731
649,-732
648,-733
647,-734
646,-735
645,-735
644,-736
643,-737
642,-738
641,-739
640,-740
639,-740
638,-741
637,-741
636,-742
635,-743
634,-743
633,-744
632,-744
631,-744
630,-745
629,-745
628,-746
627,-746
626,-747
625,-747
624,-747
623,-748
622,-748
621,-748
620,-749
619,-749
618,-749
617,-750
616,-750
615,-750
614,-750
613,-751
612,-751
611,-751
610,-751
609,-751
608,-752
607,-752
606,-752
605,-752
604,-752
603,-753
602,-753
601,-753
600,-753
599,-754
598,-754
597,-754
596,-754
595,-754
594,-755
593,-755
592,-755
591,-755
590,-756
589,-756
588,-756
587,-756
586,-757
585,-757
584,-757
583,-757
582,-758
581,-758
580,-758
579,-759
578,-759
577,-759
576,-759
575,-759
574,-759
573,-760
572,-761
571,-761
570,-761
569,-761
568,-762
567,-762
566,-762
565,-762
564,-763
563,-763
562,-763
561,-763
560,-764
559,-764
558,-764
557,-765
556,-765
555,-765
554,-766
553,-766
552,-766
551,-766
550,-767
549,-767
548,-767
547,-767
546,-768
545,-768
544,-769
543,-769
542,-769
541,-769
540,-770
539,-770
538,-770
537,-770
536,-771
535,-771
534,-772
533,-772
532,-772
531,-773
530,-773
529,-773
528,-773
527,-773
526,-774
525,-774
524,-775
523,-775
522,-776
521,-776
520,-776
519,-776
518,-776
517,-776
516,-776
515,-777
514,-778
513,-778
512,-778
511,-779
510,-780
509,-780
508,-780
507,-780
506,-780
505,-781
504,-781
503,-781
502,-782
501,-782
500,-782
499,-782
498,-783
498,-784
498,-785
498,-786
498,-787
498,-788
498,-789
498,-790
497,-791
496,-791
495,-791
