570,-519
570,-520
570,-521
570,-522
570,-523
570,-524
570,-525
570,-526
571,-527
572,-528
573,-529
573,-530
573,-531
574,-532
575,-533
575,-534
575,-535
575,-536
576,-537
576,-538
576,-539
576,-540
576,-541
577,-542
577,-543
578,-544
578,-545
579,-546
579,-547
579,-548
579,-549
579,-550
579,-551
579,-552
579,-553
579,-554
580,-554
581,-554
582,-554
583,-555
583,-556
583,-557
583,-558
584,-559
585,-559
586,-559
587,-560
588,-561
588,-562
588,-563
589,-563
590,-563
591,-563
592,-564
592,-565
592,-566
592,-567
592,-568
592,-569
593,-569
594,-570
594,-571
594,-572
593,-573
592,-573
591,-573
590,-573
590,-574
590,-575
590,-576
590,-577
591,-577
592,-577
593,-577
594,-577
595,-577
596,-577
597,-577
598,-576
599,-576
600,-576
601,-577
601,-578
601,-579
601,-580
601,-581
602,-581
603,-581
604,-581
605,-582
605,-583
605,-584
605,-585
605,-586
604,-587
603,-587
603,-588
603,-589
603,-590
603,-591
603,-592
603,-593
604,-594
605,-595
606,-595
607,-595
608,-595
609,-595
610,-595
611,-595
612,-595
613,-595
614,-595
615,-595
616,-595
617,-595
618,-596
619,-597
619,-598
619,-599
618,-600
617,-600
616,-600
615,-600
614,-600
614,-601
614,-602
614,-603
614,-604
614,-605
615,-606
615,-607
616,-608
616,-609
616,-610
617,-611
618,-611
619,-612
619,-613
619,-614
619,-615
620,-615
621,-615
622,-616
622,-617
622,-618
623,-618
624,-619
624,-620
624,-621
625,-621
626,-622
626,-623
627,-623
628,-624
628,-625
629,-625
630,-626
630,-627
630,-628
630,-629
631,-630
632,-630
633,-630
634,-631
634,-632
634,-633
635,-633
636,-634
636,-635
636,-636
636,-637
636,-638
637,-639
637,-640
638,-640
639,-640
640,-641
640,-642
640,-643
640,-644
640,-645
640,-646
640,-647
640,-648
640,-649
640,-650
641,-650
642,-651
643,-651
644,-652
644,-653
645,-654
646,-655
646,-656
647,-657
647,-658
647,-659
647,-660
648,-661
649,-662
649,-663
650,-664
650,-665
650,-666
651,-666
652,-667
653,-668
653,-669
654,-670
654,-671
654,-672
654,-673
654,-674
655,-674
656,-675
656,-676
657,-676
658,-676
659,-676
660,-676
660,-675
660,-674
660,-673
660,-672
661,-671
662,-671
663,-671
664,-672
665,-673
665,-674
665,-675
665,-676
665,-677
666,-678
666,-679
666,-680
666,-681
666,-682
666,-683
666,-684
666,-685
666,-686
666,-687
666,-688
666,-689
666,-690
666,-691
666,-692
666,-693
665,-694
665,-695
665,-696
665,-697
665,-698
665,-699
665,-700
665,-701
665,-702
665,-703
665,-704
665,-705
665,-706
665,-707
665,-708
665,-709
665,-710
666,-711
666,-712
666,-713
666,-714
666,-715
666,-716
666,-717
666,-718
667,-719
667,-720
667,-721
667,-722
667,-723
667,-724
667,-725
668,-726
668,-727
668,-728
668,-729
668,-730
668,-731
669,-732
669,-733
669,-734
669,-735
669,-736
669,-737
670,-738
670,-739
670,-740
670,-741
671,-742
671,-743
671,-744
671,-745
672,-746
672,-747
672,-748
672,-749
673,-750
673,-751
673,-752
673,-753
673,-754
674,-755
674,-756
674,-757
674,-758
675,-759
675,-760
675,-761
675,-762
676,-763
676,-764
676,-765
677,-766
677,-767
677,-768
678,-769
679,-770
679,-771
679,-772
679,-773
680,-774
680,-775
680,-776
681,-777
681,-778
681,-779
682,-780
682,-781
683,-782
683,-783
684,-784
684,-785
684,-786
684,-787
685,-788
685,-789
686,-790
686,-791
686,-792
687,-792
688,-793
688,-794
688,-795
688,-796
689,-796
690,-797
691,-798
691,-799
691,-800
692,-800
693,-801
693,-802
693,-803
693,-804
693,-805
693,-806
694,-807
694,-808
694,-809
695,-809
696,-810
696,-811
696,-812
696,-813
697,-814
697,-815
698,-816
698,-817
699,-818
700,-819
700,-820
701,-821
701,-822
702,-823
702,-824
703,-825
704,-826
704,-827
705,-828
705,-829
706,-829
707,-830
707,-831
708,-832
709,-833
710,-834
710,-835
710,-836
711,-837
712,-838
712,-839
712,-840
713,-840
714,-840
715,-841
715,-842
716,-843
716,-844
717,-845
718,-846
718,-847
718,-848
719,-848
720,-849
721,-850
722,-851
722,-852
722,-853
723,-854
724,-854
725,-855
726,-856
727,-857
727,-858
727,-859
727,-860
728,-861
728,-862
729,-863
730,-864
730,-865
731,-866
732,-867
733,-868
734,-869
735,-869
736,-869
737,-870
737,-871
738,-871
739,-871
740,-871
741,-871
742,-872
742,-873
742,-874
742,-875
742,-876
742,-877
743,-878
743,-879
743,-880
744,-880
745,-880
746,-881
747,-881
748,-881
749,-881
750,-881
751,-881
752,-882
753,-883
753,-884
753,-885
753,-886
753,-887
753,-888
754,-888
755,-889
755,-890
756,-890
757,-890
758,-891
759,-892
760,-893
761,-893
762,-893
763,-893
764,-893
765,-894
766,-895
766,-896
766,-897
766,-898
766,-899
767,-899
768,-900
768,-901
769,-902
770,-902
771,-902
772,-903
773,-903
774,-904
774,-905
775,-906
776,-906
777,-906
778,-907
778,-908
778,-909
779,-909
780,-909
781,-910
782,-911
783,-911
784,-912
785,-912
786,-913
786,-914
787,-915
788,-915
789,-916
790,-917
791,-917
792,-918
793,-919
794,-919
795,-920
796,-921
797,-922
798,-922
799,-923
800,-924
801,-924
802,-925
803,-926
804,-927
805,-928
806,-929
807,-929
808,-929
809,-930
810,-931
811,-931
812,-932
813,-932
814,-933
815,-933
816,-933
817,-934
818,-935
819,-935
820,-936
821,-937
821,-938
821,-939
822,-939
823,-939
824,-939
825,-939
826,-940
827,-941
827,-942
828,-942
829,-942
830,-942
831,-943
832,-943
833,-944
834,-945
835,-946
836,-946
837,-947
838,-947
839,-947
840,-948
840,-949
840,-950
840,-951
840,-952
840,-953
840,-954
840,-955
841,-955
842,-955
843,-955
844,-956
844,-957
844,-958
845,-958
846,-958
847,-959
848,-960
849,-961
850,-961
851,-961
852,-962
853,-963
853,-964
854,-964
855,-964
856,-964
857,-965
858,-966
859,-967
859,-968
860,-968
861,-969
862,-969
863,-969
864,-970
865,-970
866,-971
867,-971
868,-972
869,-973
870,-973
871,-973
872,-973
873,-973
874,-974
874,-975
875,-975
876,-975
877,-975
878,-976
879,-977
879,-978
879,-979
880,-980
880,-981
881,-981
882,-981
883,-981
884,-981
885,-981
886,-981
887,-982
888,-982
889,-983
890,-983
891,-983
892,-983
893,-984
894,-985
894,-986
895,-987
895,-988
896,-988
897,-988
898,-988
899,-988
900,-988
901,-988
902,-988
903,-988
904,-989
904,-990
905,-990
906,-990
907,-990
908,-991
908,-992
908,-993
909,-993
910,-993
911,-993
912,-993
913,-993
914,-993
915,-993
916,-993
917,-993
918,-993
919,-993
920,-994
920,-995
921,-995
922,-995
923,-995
924,-995
925,-994
926,-993
927,-993
928,-993
929,-993
930,-992
930,-991
931,-990
931,-989
931,-988
931,-987
931,-986
931,-985
931,-984
931,-983
930,-982
930,-981
930,-980
930,-979
930,-978
930,-977
929,-976
929,-975
929,-974
928,-973
928,-972
928,-971
927,-970
926,-969
926,-968
925,-967
925,-966
925,-965
925,-964
924,-963
924,-962
923,-961
923,-960
923,-959
923,-958
922,-957
922,-956
921,-955
921,-954
921,-953
920,-952
920,-951
920,-950
920,-949
920,-948
919,-947
919,-946
919,-945
919,-944
919,-943
918,-942
918,-941
918,-940
917,-939
917,-938
917,-937
916,-936
916,-935
916,-934
916,-933
915,-932
915,-931
915,-930
915,-929
915,-928
914,-927
914,-926
914,-925
914,-924
913,-923
913,-922
913,-921
913,-920
913,-919
912,-918
912,-917
912,-916
912,-915
912,-914
912,-913
912,-912
911,-911
911,-910
911,-909
911,-908
910,-907
910,-906
910,-905
910,-904
910,-903
910,-902
909,-901
909,-900
909,-899
909,-898
909,-897
908,-896
908,-895
908,-894
908,-893
908,-892
908,-891
908,-890
908,-889
907,-888
907,-887
907,-886
906,-885
906,-884
906,-883
906,-882
906,-881
905,-880
905,-879
905,-878
904,-877
904,-876
903,-875
903,-874
903,-873
903,-872
903,-871
903,-870
902,-869
902,-868
902,-867
902,-866
902,-865
902,-864
902,-863
901,-862
901,-861
901,-860
900,-859
900,-858
900,-857
899,-856
899,-855
899,-854
898,-853
898,-852
898,-851
898,-850
898,-849
898,-848
898,-847
898,-846
897,-845
897,-844
897,-843
896,-842
896,-841
896,-840
896,-839
896,-838
895,-837
895,-836
894,-835
894,-834
894,-833
894,-832
893,-831
893,-830
893,-829
892,-828
892,-827
891,-826
891,-825
891,-824
890,-823
890,-822
890,-821
890,-820
889,-819
889,-818
888,-817
888,-816
887,-815
887,-814
887,-813
886,-812
886,-811
885,-810
885,-809
885,-808
884,-807
884,-806
883,-805
883,-804
883,-803
882,-802
882,-801
882,-800
881,-799
881,-798
880,-797
880,-796
879,-795
879,-794
879,-793
878,-792
878,-791
878,-790
877,-789
876,-788
876,-787
875,-786
875,-785
874,-784
874,-783
873,-782
873,-781
872,-780
871,-779
871,-778
871,-777
870,-776
870,-775
869,-774
869,-773
868,-772
867,-771
867,-770
866,-769
866,-768
865,-767
864,-766
864,-765
863,-764
863,-763
862,-762
862,-761
861,-760
860,-759
860,-758
859,-757
859,-756
858,-755
857,-754
856,-753
856,-752
855,-751
854,-750
853,-749
853,-748
852,-747
851,-746
850,-745
850,-744
849,-743
848,-742
848,-741
847,-740
846,-739
845,-738
844,-737
843,-736
843,-735
842,-734
841,-733
840,-732
839,-731
839,-730
838,-730
837,-729
837,-728
836,-727
835,-726
834,-725
833,-725
832,-724
832,-723
831,-722
830,-721
829,-720
828,-719
827,-718
826,-717
825,-716
824,-715
823,-714
822,-714
821,-713
821,-712
820,-712
819,-711
819,-710
818,-709
817,-708
816,-708
815,-707
815,-706
814,-705
813,-704
812,-703
811,-702
810,-702
809,-701
808,-700
807,-699
806,-698
806,-697
805,-697
804,-696
803,-695
803,-694
802,-694
801,-693
800,-692
799,-691
798,-690
797,-689
796,-688
795,-687
794,-687
793,-686
792,-685
791,-684
790,-684
789,-683
788,-682
787,-681
786,-681
785,-680
785,-679
784,-679
783,-678
782,-677
781,-676
780,-676
779,-675
778,-674
777,-674
776,-673
775,-672
774,-672
773,-671
772,-671
771,-670
770,-669
769,-668
768,-668
767,-667
766,-667
765,-666
764,-665
763,-665
762,-664
761,-663
760,-663
759,-662
758,-662
757,-661
756,-660
755,-660
754,-659
753,-658
752,-658
751,-657
750,-657
749,-656
748,-655
747,-655
746,-654
745,-654
744,-653
743,-652
742,-652
741,-652
740,-651
739,-651
738,-650
737,-650
736,-649
735,-649
734,-648
733,-648
732,-647
731,-647
730,-647
729,-647
728,-646
727,-646
726,-645
725,-645
724,-644
723,-644
722,-643
721,-643
720,-643
719,-642
718,-641
717,-640
716,-640
715,-639
714,-638
713,-638
712,-638
711,-637
711,-636
710,-635
709,-634
708,-633
707,-633
706,-632
705,-631
704,-630
703,-629
702,-628
701,-627
700,-626
699,-625
698,-624
697,-623
696,-623
695,-622
695,-621
694,-620
693,-619
692,-618
691,-617
691,-616
690,-615
689,-614
688,-613
687,-612
687,-611
686,-610
685,-609
684,-608
683,-607
682,-606
681,-605
681,-604
680,-603
679,-602
679,-601
678,-600
677,-599
676,-598
676,-597
675,-596
674,-595
673,-594
673,-593
672,-592
671,-591
671,-590
670,-589
669,-588
668,-587
668,-586
667,-585
666,-584
665,-583
665,-582
664,-581
663,-580
662,-579
661,-578
661,-577
660,-576
659,-575
659,-574
658,-573
657,-572
656,-571
655,-570
654,-569
653,-568
653,-567
652,-566
651,-565
651,-564
650,-563
649,-562
648,-561
647,-560
647,-559
646,-558
645,-557
644,-556
643,-555
643,-554
642,-553
641,-552
641,-551
640,-551
639,-550
639,-549
638,-548
637,-547
637,-546
636,-545
635,-544
634,-543
633,-542
633,-541
632,-540
631,-539
630,-538
630,-537
629,-536
628,-535
627,-534
627,-533
626,-532
625,-531
624,-530
624,-529
623,-528
622,-527
621,-526
621,-525
620,-524
619,-523
619,-522
618,-521
617,-520
617,-519
616,-518
615,-517
614,-516
613,-515
613,-514
612,-514
611,-513
611,-512
610,-511
610,-510
609,-510
608,-509
607,-509
606,-509
605,-509
604,-509
603,-509
602,-509
602,-510
602,-511
601,-512
600,-513
599,-513
598,-513
597,-513
596,-512
595,-511
594,-511
593,-511
592,-511
591,-511
590,-511
589,-511
588,-510
587,-510
586,-510
585,-510
584,-510
583,-511
582,-511
581,-511
580,-511
579,-510
579,-509
579,-508
579,-507
578,-507
577,-507
576,-507
575,-507
574,-507
574,-508
574,-509
574,-510
574,-511
574,-512
574,-513
574,-514
574,-515
573,-516
572,-517
571,-518
570,-519
