507,-721
507,-722
507,-723
507,-724
507,-725
507,-726
507,-727
508,-728
508,-729
508,-730
509,-731
509,-732
510,-733
511,-734
512,-735
513,-736
513,-737
514,-738
515,-739
515,-740
516,-740
517,-741
518,-742
518,-743
519,-743
520,-744
521,-745
522,-745
523,-746
524,-746
525,-747
526,-747
527,-748
527,-749
527,-750
528,-750
529,-750
530,-751
531,-751
532,-752
532,-753
533,-753
534,-753
535,-754
535,-755
536,-756
537,-756
538,-757
539,-758
540,-758
541,-759
542,-760
543,-760
544,-761
545,-762
546,-763
547,-763
548,-764
549,-765
550,-766
551,-767
552,-768
553,-769
554,-770
555,-770
556,-771
557,-772
558,-772
559,-772
560,-773
560,-774
561,-774
562,-774
563,-774
564,-774
565,-775
565,-776
566,-776
567,-777
568,-777
569,-778
570,-778
571,-779
572,-780
573,-781
573,-782
574,-782
575,-782
576,-782
577,-783
577,-784
578,-784
579,-785
580,-785
581,-786
582,-786
583,-787
584,-787
585,-788
586,-789
587,-789
588,-789
589,-790
590,-790
591,-791
592,-791
593,-792
594,-793
595,-793
596,-794
597,-795
598,-795
599,-796
600,-796
601,-797
602,-798
603,-798
604,-798
605,-798
606,-799
607,-800
608,-800
609,-801
610,-801
611,-801
612,-802
613,-802
614,-803
615,-803
616,-803
617,-804
617,-805
618,-805
619,-805
620,-805
621,-805
622,-806
623,-806
624,-806
625,-807
626,-808
627,-808
628,-808
629,-809
630,-809
631,-810
632,-810
633,-810
634,-810
635,-810
636,-811
637,-811
638,-811
639,-812
640,-812
641,-813
642,-813
643,-813
644,-814
645,-814
646,-814
647,-814
648,-814
649,-814
650,-815
651,-815
652,-816
653,-817
654,-817
655,-817
656,-817
657,-817
658,-817
659,-818
660,-818
661,-818
662,-818
663,-818
664,-819
665,-820
666,-820
667,-820
668,-821
669,-821
670,-821
671,-822
672,-822
673,-822
674,-822
675,-822
676,-822
677,-822
678,-822
679,-823
680,-823
681,-823
682,-823
683,-823
684,-823
685,-824
686,-824
687,-825
688,-825
689,-825
690,-825
691,-825
692,-825
693,-825
694,-825
695,-826
696,-826
697,-826
698,-826
699,-826
700,-826
701,-826
702,-826
703,-826
704,-827
705,-827
706,-827
707,-827
708,-827
709,-827
710,-827
711,-827
712,-828
713,-828
714,-829
715,-829
716,-829
717,-830
718,-830
719,-830
720,-831
720,-832
720,-833
720,-834
720,-835
720,-836
720,-837
721,-837
722,-837
723,-837
724,-837
724,-836
724,-835
724,-834
725,-833
725,-832
726,-831
727,-831
728,-831
729,-830
730,-830
731,-830
732,-830
733,-830
734,-830
735,-830
736,-830
737,-830
738,-830
739,-830
740,-830
741,-830
742,-830
743,-830
744,-830
745,-830
746,-830
747,-830
748,-829
749,-829
749,-828
750,-827
751,-827
752,-827
753,-827
754,-827
755,-827
756,-827
757,-826
758,-826
759,-826
760,-826
761,-825
762,-825
763,-825
764,-825
765,-825
766,-825
767,-825
768,-825
769,-825
770,-825
771,-825
772,-825
773,-824
774,-823
775,-823
776,-823
777,-823
778,-822
779,-821
780,-821
781,-821
782,-821
783,-821
784,-821
785,-820
786,-820
787,-819
788,-819
789,-819
790,-819
791,-819
792,-819
793,-818
794,-818
795,-818
796,-817
797,-816
798,-816
799,-816
800,-816
801,-816
802,-816
802,-815
802,-814
803,-813
804,-813
805,-813
806,-813
807,-813
808,-813
809,-812
810,-812
811,-811
812,-810
813,-810
814,-810
815,-809
816,-809
817,-809
818,-809
818,-808
819,-807
820,-806
821,-805
822,-805
822,-804
823,-803
824,-803
825,-803
825,-802
826,-801
827,-801
828,-800
829,-800
830,-800
830,-799
830,-798
831,-797
832,-797
833,-797
833,-796
834,-795
835,-795
836,-794
837,-793
838,-793
839,-792
840,-792
841,-791
842,-790
843,-789
844,-789
844,-788
845,-787
846,-787
847,-787
848,-786
849,-786
850,-785
851,-784
852,-783
853,-783
854,-782
855,-782
855,-781
856,-780
857,-780
858,-780
859,-779
860,-779
861,-779
862,-778
863,-777
864,-777
865,-777
866,-777
867,-776
868,-776
869,-776
870,-775
871,-775
872,-775
873,-775
874,-775
875,-775
876,-775
877,-774
878,-774
879,-774
880,-774
881,-774
882,-773
883,-773
884,-773
885,-773
886,-773
887,-773
888,-773
889,-773
890,-773
891,-772
892,-772
893,-771
894,-771
895,-771
896,-771
897,-771
898,-771
899,-771
900,-771
901,-771
902,-771
903,-771
904,-771
905,-771
906,-771
907,-771
908,-771
909,-771
910,-771
911,-771
912,-771
913,-772
914,-772
915,-772
916,-772
917,-772
918,-772
919,-772
920,-772
921,-772
922,-772
923,-772
924,-772
925,-773
926,-773
927,-773
928,-773
929,-773
930,-773
931,-773
932,-773
933,-773
934,-773
935,-773
936,-773
937,-773
938,-773
939,-774
940,-774
941,-775
942,-775
943,-775
944,-775
945,-775
946,-775
947,-775
948,-775
949,-775
950,-775
951,-775
952,-775
953,-775
954,-775
955,-775
956,-775
957,-776
958,-776
959,-776
960,-776
961,-776
962,-776
963,-776
964,-777
965,-777
966,-777
967,-778
968,-778
969,-778
970,-778
971,-778
972,-779
973,-779
974,-779
975,-779
976,-779
977,-779
978,-779
979,-779
980,-779
981,-779
982,-779
983,-779
984,-779
985,-779
986,-779
987,-779
988,-779
989,-779
990,-779
990,-778
990,-777
991,-776
992,-776
993,-776
994,-776
994,-775
994,-774
994,-773
994,-772
994,-771
994,-770
994,-769
994,-768
994,-767
994,-766
993,-765
993,-764
993,-763
992,-762
992,-761
992,-760
991,-760
990,-759
990,-758
990,-757
990,-756
990,-755
990,-754
990,-753
990,-752
989,-751
989,-750
989,-749
989,-748
989,-747
989,-746
989,-745
989,-744
989,-743
989,-742
988,-742
987,-742
986,-742
985,-742
984,-742
983,-741
982,-740
981,-740
980,-740
979,-740
978,-740
977,-740
976,-740
975,-740
974,-740
973,-740
972,-740
971,-739
970,-739
969,-738
968,-738
967,-738
966,-738
965,-738
964,-738
963,-738
962,-738
961,-738
960,-737
959,-737
958,-737
957,-736
956,-736
955,-736
954,-736
953,-736
952,-735
951,-735
950,-735
949,-735
948,-735
947,-735
946,-735
945,-735
944,-735
943,-735
942,-735
941,-734
940,-734
939,-734
938,-734
937,-734
936,-734
935,-734
934,-734
933,-734
932,-734
931,-733
930,-733
929,-733
928,-733
927,-733
926,-733
925,-733
924,-733
923,-733
922,-733
921,-733
920,-733
919,-733
918,-732
917,-732
916,-732
915,-732
914,-732
913,-732
912,-731
911,-731
910,-731
909,-731
908,-731
907,-731
906,-731
905,-731
904,-731
903,-731
902,-730
901,-730
900,-730
899,-730
898,-730
897,-730
896,-730
895,-730
894,-730
893,-730
892,-729
891,-729
890,-729
889,-729
888,-729
887,-729
886,-729
885,-729
884,-728
883,-728
882,-728
881,-728
880,-727
879,-727
878,-727
877,-727
876,-726
875,-726
874,-726
873,-726
872,-726
871,-726
870,-725
869,-725
868,-725
867,-725
866,-725
865,-724
864,-723
863,-723
862,-723
861,-723
860,-722
859,-722
858,-721
857,-721
856,-720
855,-720
854,-719
853,-719
852,-718
851,-718
850,-717
849,-717
848,-717
847,-716
846,-715
845,-714
844,-714
843,-713
842,-712
841,-711
840,-710
839,-710
838,-709
837,-708
836,-707
836,-706
835,-706
834,-706
833,-705
832,-704
832,-703
831,-703
830,-702
829,-701
828,-701
827,-700
826,-699
825,-698
824,-697
823,-697
822,-696
821,-695
820,-694
819,-694
818,-693
817,-692
816,-692
815,-691
814,-690
813,-690
812,-689
811,-689
810,-688
809,-688
808,-687
807,-687
806,-686
805,-686
804,-686
803,-685
802,-685
801,-685
800,-684
799,-683
798,-682
797,-682
796,-682
795,-682
794,-682
793,-681
792,-680
791,-680
790,-679
789,-678
788,-678
787,-678
786,-678
785,-677
784,-677
783,-676
782,-676
781,-676
780,-675
779,-675
778,-675
777,-674
776,-674
775,-674
774,-673
774,-672
773,-672
772,-672
771,-671
770,-671
769,-671
768,-671
767,-671
766,-670
765,-670
764,-670
763,-670
762,-670
761,-670
760,-670
759,-670
758,-669
757,-669
756,-669
755,-668
754,-668
753,-668
752,-668
751,-668
750,-668
749,-667
748,-667
747,-667
746,-667
745,-667
744,-667
743,-667
742,-667
741,-666
740,-666
739,-666
738,-666
737,-666
736,-666
735,-666
734,-666
733,-666
732,-666
731,-666
730,-666
729,-666
728,-666
727,-666
726,-666
725,-666
724,-666
723,-666
722,-665
721,-665
720,-665
719,-665
718,-665
717,-665
716,-665
715,-665
714,-665
713,-665
712,-665
711,-665
710,-665
709,-665
708,-665
707,-665
706,-665
705,-665
704,-665
703,-665
702,-664
701,-664
700,-664
699,-664
698,-664
697,-664
696,-664
695,-664
694,-664
693,-664
692,-664
691,-664
690,-664
689,-664
688,-664
687,-664
686,-664
685,-664
684,-664
683,-664
682,-664
681,-664
680,-664
679,-664
678,-664
677,-664
676,-664
675,-664
674,-664
673,-664
672,-665
671,-665
670,-665
669,-665
668,-665
667,-665
666,-665
665,-665
664,-665
663,-665
662,-665
661,-665
660,-665
659,-665
658,-666
657,-666
656,-666
655,-666
654,-667
653,-667
652,-667
651,-667
650,-667
649,-667
648,-667
647,-667
646,-667
645,-668
644,-668
643,-668
642,-668
641,-669
640,-669
639,-669
638,-669
637,-669
636,-670
635,-670
634,-670
633,-670
632,-670
631,-670
630,-671
629,-671
628,-671
627,-671
626,-672
625,-672
624,-672
623,-672
622,-673
621,-673
620,-673
619,-673
618,-674
617,-674
616,-674
615,-674
614,-674
613,-675
612,-675
611,-675
610,-675
610,-676
609,-677
608,-677
607,-677
606,-677
605,-678
604,-678
603,-678
602,-679
601,-679
600,-679
599,-680
598,-680
597,-681
596,-681
595,-681
594,-682
593,-682
592,-682
591,-682
590,-683
589,-683
588,-684
587,-684
586,-685
585,-686
584,-686
583,-686
582,-687
581,-687
580,-687
579,-688
578,-688
577,-689
576,-689
575,-690
574,-690
573,-690
572,-691
571,-691
570,-692
569,-692
568,-693
567,-693
566,-693
565,-694
564,-694
563,-695
562,-695
561,-696
560,-696
559,-697
558,-698
557,-698
556,-698
555,-699
554,-699
553,-699
552,-700
551,-700
550,-700
549,-701
548,-701
547,-702
546,-702
545,-703
544,-703
543,-704
542,-704
541,-704
540,-705
539,-705
538,-705
537,-706
536,-707
535,-707
534,-707
533,-707
532,-708
531,-708
530,-709
529,-709
528,-709
527,-710
526,-710
525,-711
524,-711
523,-712
522,-712
521,-713
520,-713
519,-713
518,-714
517,-715
516,-715
515,-716
514,-716
513,-717
512,-718
511,-719
510,-719
509,-720
508,-721
507,-721
