608,-503
608,-504
608,-505
608,-506
608,-507
609,-508
609,-509
609,-510
609,-511
609,-512
609,-513
609,-514
609,-515
609,-516
609,-517
609,-518
610,-519
610,-520
610,-521
610,-522
610,-523
611,-524
612,-525
612,-526
612,-527
613,-528
614,-528
615,-528
616,-529
616,-530
616,-531
616,-532
616,-533
616,-534
616,-535
616,-536
616,-537
616,-538
617,-539
618,-540
618,-541
619,-542
619,-543
620,-544
621,-545
621,-546
621,-547
621,-548
622,-549
623,-550
623,-551
624,-552
624,-553
624,-554
625,-555
625,-556
626,-557
626,-558
627,-559
627,-560
627,-561
627,-562
628,-562
629,-563
629,-564
629,-565
630,-566
630,-567
630,-568
630,-569
631,-570
632,-571
633,-572
633,-573
633,-574
634,-575
634,-576
634,-577
635,-578
635,-579
636,-580
636,-581
637,-582
637,-583
638,-584
638,-585
639,-586
639,-587
639,-588
639,-589
640,-589
641,-590
641,-591
641,-592
641,-593
641,-594
642,-595
643,-596
643,-597
643,-598
643,-599
643,-600
644,-601
645,-602
645,-603
646,-604
647,-605
647,-606
647,-607
648,-608
648,-609
648,-610
649,-611
650,-612
650,-613
651,-614
651,-615
651,-616
652,-617
652,-618
653,-619
653,-620
654,-621
654,-622
654,-623
654,-624
654,-625
655,-626
656,-627
656,-628
657,-629
658,-630
658,-631
658,-632
658,-633
659,-634
659,-635
660,-636
660,-637
661,-638
661,-639
661,-640
661,-641
662,-642
662,-643
663,-644
663,-645
664,-646
664,-647
664,-648
664,-649
665,-650
665,-651
665,-652
666,-653
666,-654
666,-655
666,-656
666,-657
666,-658
666,-659
667,-660
667,-661
667,-662
667,-663
667,-664
667,-665
667,-666
668,-667
668,-668
668,-669
668,-670
667,-671
667,-672
667,-673
667,-674
667,-675
668,-676
668,-677
668,-678
668,-679
668,-680
668,-681
668,-682
668,-683
668,-684
668,-685
668,-686
668,-687
668,-688
668,-689
668,-690
668,-691
668,-692
668,-693
668,-694
668,-695
668,-696
668,-697
668,-698
669,-699
669,-700
669,-701
669,-702
669,-703
669,-704
669,-705
669,-706
669,-707
670,-708
670,-709
670,-710
670,-711
671,-712
671,-713
671,-714
671,-715
671,-716
672,-717
672,-718
673,-719
673,-720
673,-721
674,-722
674,-723
674,-724
675,-725
675,-726
675,-727
675,-728
676,-729
676,-730
676,-731
677,-732
677,-733
677,-734
678,-735
678,-736
678,-737
678,-738
679,-739
680,-740
680,-741
680,-742
680,-743
681,-744
681,-745
682,-746
682,-747
682,-748
682,-749
683,-750
683,-751
683,-752
684,-753
684,-754
684,-755
685,-756
685,-757
686,-758
686,-759
687,-760
687,-761
687,-762
688,-763
688,-764
688,-765
688,-766
689,-767
689,-768
689,-769
690,-770
690,-771
691,-772
691,-773
691,-774
691,-775
692,-776
692,-777
693,-778
693,-779
693,-780
694,-781
694,-782
694,-783
695,-784
695,-785
696,-786
696,-787
696,-788
697,-789
697,-790
697,-791
698,-792
698,-793
699,-794
700,-795
700,-796
701,-797
701,-798
702,-799
703,-800
703,-801
704,-802
704,-803
705,-804
706,-805
706,-806
706,-807
707,-807
708,-807
709,-808
709,-809
709,-810
709,-811
710,-812
710,-813
711,-814
712,-815
712,-816
713,-817
713,-818
714,-819
715,-820
715,-821
716,-822
716,-823
717,-824
717,-825
718,-826
718,-827
719,-828
720,-829
721,-830
721,-831
722,-832
722,-833
723,-834
724,-835
724,-836
724,-837
725,-838
725,-839
726,-839
727,-840
727,-841
728,-842
729,-843
730,-844
730,-845
731,-846
732,-847
733,-848
733,-849
734,-850
735,-851
736,-852
737,-853
737,-854
738,-855
739,-856
740,-857
741,-858
741,-859
742,-860
742,-861
743,-862
744,-863
745,-864
746,-865
746,-866
747,-867
748,-868
749,-869
749,-870
750,-871
751,-872
752,-873
753,-874
754,-875
755,-876
755,-877
755,-878
756,-878
757,-879
758,-880
759,-881
759,-882
760,-883
761,-884
762,-885
763,-886
764,-887
765,-888
766,-889
766,-890
767,-891
767,-892
768,-892
769,-893
770,-894
770,-895
770,-896
771,-896
772,-896
773,-897
774,-898
774,-899
775,-900
776,-901
777,-902
778,-903
778,-904
778,-905
779,-906
779,-907
780,-907
781,-908
782,-909
783,-909
784,-910
785,-911
785,-912
785,-913
786,-913
787,-913
788,-913
789,-914
790,-915
790,-916
790,-917
791,-917
792,-918
793,-919
793,-920
794,-921
795,-922
796,-923
797,-923
798,-924
799,-925
800,-926
801,-927
802,-928
803,-929
804,-930
805,-930
806,-931
807,-932
808,-933
809,-934
810,-935
811,-936
811,-937
812,-937
813,-937
814,-938
814,-939
815,-939
816,-940
816,-941
817,-941
818,-942
819,-943
820,-944
821,-945
821,-946
822,-947
823,-948
824,-948
825,-949
825,-950
826,-951
827,-951
828,-952
829,-953
830,-954
830,-955
830,-956
831,-956
832,-957
833,-957
834,-958
835,-958
836,-959
836,-960
836,-961
836,-962
837,-962
838,-962
839,-963
839,-964
839,-965
840,-965
841,-965
842,-966
842,-967
843,-967
844,-968
844,-969
845,-970
845,-971
846,-972
847,-973
847,-974
847,-975
848,-975
849,-976
849,-977
849,-978
850,-978
851,-979
851,-980
852,-980
853,-980
854,-981
854,-982
854,-983
854,-984
854,-985
854,-986
855,-986
856,-987
856,-988
857,-988
858,-989
858,-990
858,-991
858,-992
858,-993
859,-993
860,-994
860,-995
861,-996
861,-997
862,-997
863,-997
864,-997
865,-997
866,-997
867,-997
868,-998
868,-999
868,-1000
868,-1001
868,-1002
868,-1003
868,-1004
869,-1005
869,-1006
869,-1007
870,-1007
871,-1007
872,-1007
873,-1007
874,-1007
875,-1008
876,-1009
876,-1010
877,-1011
877,-1012
878,-1012
879,-1012
880,-1012
881,-1012
881,-1011
882,-1010
883,-1010
884,-1010
885,-1010
886,-1010
887,-1010
888,-1010
889,-1010
889,-1009
889,-1008
889,-1007
889,-1006
889,-1005
890,-1004
890,-1003
891,-1002
892,-1002
892,-1001
892,-1000
893,-999
893,-998
893,-997
893,-996
893,-995
893,-994
893,-993
893,-992
893,-991
893,-990
893,-989
893,-988
893,-987
893,-986
893,-985
893,-984
893,-983
893,-982
893,-981
893,-980
893,-979
893,-978
892,-977
892,-976
892,-975
892,-974
892,-973
892,-972
892,-971
892,-970
892,-969
892,-968
892,-967
892,-966
892,-965
892,-964
893,-963
893,-962
893,-961
893,-960
893,-959
893,-958
893,-957
893,-956
893,-955
893,-954
893,-953
893,-952
893,-951
893,-950
893,-949
893,-948
893,-947
893,-946
893,-945
892,-944
892,-943
892,-942
892,-941
892,-940
892,-939
892,-938
892,-937
892,-936
892,-935
892,-934
892,-933
892,-932
892,-931
892,-930
892,-929
892,-928
892,-927
891,-926
891,-925
891,-924
891,-923
891,-922
891,-921
891,-920
891,-919
891,-918
891,-917
891,-916
890,-915
890,-914
890,-913
890,-912
890,-911
890,-910
889,-909
889,-908
889,-907
889,-906
889,-905
889,-904
889,-903
888,-902
888,-901
888,-900
888,-899
888,-898
888,-897
888,-896
888,-895
888,-894
888,-893
888,-892
887,-891
887,-890
887,-889
887,-888
887,-887
887,-886
886,-885
886,-884
886,-883
886,-882
886,-881
886,-880
886,-879
885,-878
885,-877
885,-876
885,-875
885,-874
885,-873
885,-872
884,-871
884,-870
884,-869
884,-868
884,-867
884,-866
883,-865
883,-864
883,-863
883,-862
882,-861
882,-860
882,-859
882,-858
882,-857
881,-856
881,-855
881,-854
881,-853
881,-852
881,-851
881,-850
880,-849
880,-848
880,-847
880,-846
880,-845
879,-844
879,-843
878,-842
878,-841
878,-840
877,-839
877,-838
876,-837
876,-836
876,-835
876,-834
876,-833
876,-832
876,-831
876,-830
875,-829
875,-828
874,-827
874,-826
874,-825
873,-824
873,-823
873,-822
873,-821
873,-820
872,-819
872,-818
872,-817
871,-816
871,-815
870,-814
870,-813
870,-812
869,-811
869,-810
869,-809
868,-808
868,-807
868,-806
868,-805
867,-804
867,-803
866,-802
866,-801
865,-800
865,-799
864,-798
864,-797
864,-796
864,-795
864,-794
863,-793
862,-792
862,-791
861,-790
861,-789
861,-788
861,-787
860,-786
860,-785
859,-784
858,-783
858,-782
858,-781
857,-780
857,-779
856,-778
856,-777
856,-776
855,-775
855,-774
854,-773
854,-772
853,-771
853,-770
853,-769
852,-768
852,-767
851,-766
850,-765
850,-764
849,-763
849,-762
849,-761
848,-760
847,-759
847,-758
847,-757
846,-756
846,-755
845,-754
844,-753
844,-752
844,-751
843,-750
843,-749
842,-748
842,-747
841,-746
840,-745
840,-744
840,-743
839,-742
838,-741
837,-740
837,-739
836,-738
836,-737
835,-736
834,-735
834,-734
833,-733
833,-732
832,-731
832,-730
831,-729
830,-728
829,-727
829,-726
828,-725
828,-724
827,-723
826,-722
825,-721
825,-720
824,-720
823,-719
823,-718
823,-717
822,-716
821,-715
821,-714
820,-713
819,-712
818,-711
818,-710
817,-709
817,-708
816,-708
815,-707
815,-706
814,-706
813,-705
813,-704
812,-703
811,-702
811,-701
810,-700
809,-699
808,-698
807,-697
807,-696
806,-696
805,-695
805,-694
804,-693
803,-693
802,-692
802,-691
801,-690
800,-689
799,-688
798,-687
797,-686
796,-685
796,-684
795,-684
794,-683
794,-682
793,-682
792,-681
791,-680
790,-679
789,-678
789,-677
788,-677
787,-676
786,-675
785,-674
785,-673
784,-672
783,-672
782,-671
781,-670
781,-669
780,-669
779,-668
778,-667
777,-667
776,-666
775,-665
774,-664
773,-663
772,-662
771,-661
770,-661
769,-660
769,-659
768,-659
767,-658
766,-658
765,-657
764,-657
763,-656
763,-655
762,-655
761,-655
760,-654
759,-653
758,-652
757,-652
756,-652
755,-651
755,-650
754,-650
753,-649
752,-649
751,-648
750,-647
749,-647
748,-646
748,-645
747,-645
746,-645
745,-644
744,-644
743,-643
742,-643
741,-642
740,-641
739,-641
738,-640
737,-640
736,-639
735,-639
734,-639
733,-638
732,-637
731,-637
730,-636
729,-636
728,-635
727,-635
726,-634
725,-634
724,-633
723,-632
722,-632
721,-631
720,-630
719,-630
718,-629
717,-628
716,-627
715,-626
714,-626
713,-625
713,-624
712,-624
711,-623
711,-622
710,-621
709,-621
708,-620
707,-619
706,-618
706,-617
705,-616
705,-615
704,-615
703,-614
703,-613
702,-612
701,-611
700,-610
699,-609
699,-608
698,-607
697,-606
697,-605
696,-604
696,-603
696,-602
695,-601
694,-600
693,-599
692,-598
692,-597
691,-596
691,-595
690,-594
690,-593
689,-592
689,-591
688,-590
687,-589
687,-588
687,-587
686,-586
685,-585
684,-584
684,-583
683,-582
683,-581
682,-580
682,-579
681,-578
680,-577
680,-576
680,-575
680,-574
679,-573
678,-572
678,-571
677,-570
677,-569
676,-568
675,-567
675,-566
675,-565
674,-564
673,-563
673,-562
673,-561
672,-560
671,-559
671,-558
671,-557
670,-556
669,-555
669,-554
668,-553
668,-552
667,-551
667,-550
666,-549
666,-548
665,-547
665,-546
665,-545
665,-544
664,-543
663,-542
663,-541
662,-540
662,-539
661,-538
661,-537
661,-536
660,-535
659,-534
659,-533
658,-532
657,-531
657,-530
657,-529
656,-528
656,-527
655,-526
655,-525
654,-524
653,-524
652,-523
652,-522
652,-521
652,-520
651,-519
650,-518
650,-517
649,-516
648,-516
647,-515
647,-514
647,-513
647,-512
646,-512
645,-512
644,-511
643,-511
642,-511
641,-511
640,-511
639,-511
638,-511
637,-511
636,-512
635,-512
634,-513
633,-513
632,-513
631,-512
631,-511
631,-510
631,-509
630,-508
630,-507
629,-506
629,-505
629,-504
629,-503
630,-502
630,-501
630,-500
630,-499
630,-498
629,-497
628,-496
627,-495
627,-494
626,-494
625,-493
624,-492
623,-492
622,-492
621,-492
620,-492
619,-492
618,-492
617,-492
616,-491
616,-490
615,-490
614,-490
613,-490
612,-490
612,-491
612,-492
612,-493
612,-494
612,-495
612,-496
612,-497
612,-498
612,-499
611,-500
610,-501
610,-502
609,-503
608,-503
