603,-583
603,-584
603,-585
603,-586
603,-587
604,-588
604,-589
605,-590
606,-591
606,-592
607,-593
607,-594
608,-595
609,-596
610,-597
610,-598
611,-599
611,-600
611,-601
612,-601
613,-602
613,-603
613,-604
614,-605
615,-606
615,-607
616,-608
616,-609
617,-610
618,-611
618,-612
618,-613
619,-614
620,-615
620,-616
620,-617
621,-618
621,-619
621,-620
622,-621
623,-622
624,-623
625,-624
625,-625
625,-626
626,-626
627,-627
627,-628
628,-629
628,-630
629,-631
630,-632
630,-633
630,-634
631,-635
632,-636
632,-637
633,-638
634,-639
634,-640
635,-641
635,-642
636,-643
636,-644
637,-645
637,-646
638,-646
639,-647
639,-648
639,-649
640,-649
641,-650
641,-651
641,-652
642,-653
642,-654
643,-655
644,-656
644,-657
645,-658
645,-659
645,-660
646,-661
647,-662
647,-663
648,-664
648,-665
649,-666
650,-667
650,-668
651,-669
651,-670
652,-671
653,-672
653,-673
653,-674
654,-675
655,-676
655,-677
655,-678
656,-679
657,-680
657,-681
657,-682
658,-683
658,-684
658,-685
659,-686
659,-687
659,-688
660,-689
660,-690
660,-691
660,-692
661,-693
661,-694
662,-695
662,-696
662,-697
662,-698
662,-699
663,-700
663,-701
663,-702
663,-703
663,-704
663,-705
664,-706
664,-707
664,-708
664,-709
664,-710
664,-711
665,-712
665,-713
666,-714
666,-715
666,-716
666,-717
666,-718
667,-719
667,-720
668,-721
668,-722
668,-723
668,-724
668,-725
669,-726
669,-727
669,-728
670,-728
671,-729
671,-730
672,-731
672,-732
672,-733
672,-734
673,-735
673,-736
674,-737
674,-738
675,-739
675,-740
675,-741
676,-742
676,-743
677,-744
677,-745
677,-746
678,-747
679,-748
679,-749
680,-750
680,-751
681,-752
681,-753
682,-754
682,-755
682,-756
683,-757
684,-758
684,-759
684,-760
685,-761
686,-762
686,-763
687,-764
688,-765
688,-766
689,-767
689,-768
690,-768
691,-769
692,-770
692,-771
692,-772
693,-773
694,-774
694,-775
695,-776
695,-777
696,-778
697,-779
698,-780
699,-781
699,-782
700,-783
701,-784
701,-785
702,-786
703,-787
703,-788
704,-789
705,-790
705,-791
706,-792
707,-793
707,-794
708,-795
709,-796
710,-797
710,-798
711,-799
711,-800
712,-801
713,-802
714,-803
714,-804
715,-805
716,-806
717,-807
718,-807
719,-808
719,-809
720,-810
721,-810
722,-811
722,-812
722,-813
723,-813
724,-814
724,-815
725,-816
725,-817
726,-818
727,-819
728,-820
729,-820
730,-821
730,-822
731,-823
732,-823
733,-823
734,-824
734,-825
735,-826
736,-826
737,-827
737,-828
738,-829
739,-830
740,-831
740,-832
741,-832
742,-832
743,-833
744,-834
745,-835
746,-836
746,-837
747,-837
748,-838
749,-839
750,-840
751,-841
752,-842
753,-842
754,-843
754,-844
755,-845
756,-845
757,-846
758,-847
759,-848
760,-848
761,-849
762,-850
763,-851
764,-852
765,-853
766,-853
767,-854
767,-855
768,-855
769,-856
770,-857
771,-858
772,-859
773,-860
774,-860
775,-861
776,-862
777,-863
778,-863
779,-864
780,-865
780,-866
781,-867
782,-867
783,-867
784,-868
785,-868
786,-869
786,-870
787,-870
788,-870
789,-871
790,-871
791,-872
792,-873
793,-874
793,-875
793,-876
793,-877
794,-878
794,-879
795,-879
796,-880
797,-881
798,-881
799,-882
800,-882
801,-882
802,-883
802,-884
803,-885
803,-886
803,-887
803,-888
804,-889
805,-889
806,-890
807,-890
808,-891
809,-891
810,-892
811,-893
812,-894
813,-894
814,-894
815,-894
816,-895
817,-896
817,-897
818,-897
819,-898
820,-898
821,-899
822,-899
823,-899
824,-900
824,-901
825,-902
826,-902
827,-903
828,-903
829,-903
830,-903
831,-904
831,-905
832,-906
833,-907
834,-907
835,-907
836,-907
837,-908
838,-909
838,-910
839,-910
840,-910
841,-911
842,-912
843,-913
843,-914
843,-915
844,-915
845,-915
846,-915
847,-915
848,-916
848,-917
848,-918
849,-918
850,-918
851,-918
852,-919
853,-920
854,-920
855,-920
856,-921
857,-921
858,-922
858,-923
859,-923
860,-923
861,-924
861,-925
861,-926
862,-926
863,-926
864,-927
864,-928
865,-929
866,-929
867,-929
868,-930
868,-931
869,-932
870,-932
871,-932
872,-933
873,-934
873,-935
874,-935
875,-935
876,-935
877,-936
877,-937
877,-938
878,-938
879,-938
880,-938
881,-938
882,-938
883,-938
884,-938
885,-938
886,-938
887,-938
888,-938
889,-938
890,-938
891,-938
892,-937
893,-937
894,-937
895,-936
896,-936
897,-936
898,-936
898,-935
898,-934
898,-933
898,-932
897,-931
897,-930
897,-929
897,-928
897,-927
897,-926
897,-925
897,-924
897,-923
897,-922
896,-921
896,-920
896,-919
896,-918
896,-917
895,-916
895,-915
895,-914
894,-913
894,-912
894,-911
893,-910
893,-909
892,-908
892,-907
891,-906
891,-905
891,-904
890,-903
890,-902
890,-901
889,-900
889,-899
889,-898
888,-897
888,-896
888,-895
888,-894
887,-893
887,-892
886,-891
886,-890
886,-889
885,-888
885,-887
885,-886
885,-885
884,-884
884,-883
884,-882
883,-881
883,-880
883,-879
882,-878
882,-877
882,-876
881,-875
881,-874
880,-873
880,-872
880,-871
879,-870
879,-869
879,-868
879,-867
878,-866
877,-865
877,-864
877,-863
877,-862
876,-861
876,-860
876,-859
876,-858
875,-857
875,-856
875,-855
875,-854
874,-853
874,-852
874,-851
874,-850
874,-849
873,-848
873,-847
872,-846
872,-845
872,-844
872,-843
871,-842
871,-841
871,-840
871,-839
870,-838
870,-837
870,-836
870,-835
870,-834
869,-833
869,-832
869,-831
868,-830
868,-829
868,-828
868,-827
867,-826
867,-825
867,-824
867,-823
866,-822
866,-821
866,-820
866,-819
866,-818
865,-817
865,-816
865,-815
864,-814
864,-813
864,-812
864,-811
864,-810
863,-809
863,-808
863,-807
862,-806
862,-805
862,-804
862,-803
862,-802
861,-801
861,-800
861,-799
861,-798
860,-797
860,-796
860,-795
860,-794
860,-793
859,-792
859,-791
858,-790
858,-789
858,-788
857,-787
857,-786
857,-785
856,-784
856,-783
856,-782
856,-781
855,-780
855,-779
855,-778
854,-777
854,-776
854,-775
853,-774
853,-773
852,-772
852,-771
852,-770
851,-769
851,-768
850,-767
850,-766
849,-765
849,-764
849,-763
848,-762
848,-761
847,-760
847,-759
846,-758
845,-757
845,-756
844,-755
844,-754
843,-753
843,-752
842,-751
841,-750
841,-749
840,-748
840,-747
839,-746
838,-745
837,-744
837,-743
836,-742
836,-741
835,-740
834,-739
833,-738
833,-737
832,-736
832,-735
831,-734
830,-734
829,-733
829,-732
828,-731
828,-730
827,-729
826,-728
825,-727
825,-726
824,-726
823,-725
823,-724
822,-723
821,-722
820,-721
819,-720
818,-719
817,-718
816,-717
816,-716
815,-716
814,-715
813,-714
813,-713
812,-712
811,-712
810,-711
810,-710
809,-709
808,-708
807,-707
806,-707
805,-706
805,-705
804,-704
803,-704
802,-703
801,-702
801,-701
800,-701
799,-700
798,-700
797,-699
797,-698
796,-697
795,-696
794,-696
793,-695
793,-694
792,-693
791,-692
790,-692
789,-691
788,-691
787,-690
786,-689
785,-688
784,-687
783,-687
782,-686
781,-685
780,-685
779,-684
778,-683
777,-682
777,-681
776,-681
775,-680
774,-679
773,-679
772,-679
771,-679
770,-679
769,-678
769,-677
769,-676
768,-676
767,-675
766,-674
765,-673
764,-673
763,-672
762,-672
761,-671
760,-671
759,-671
758,-670
757,-669
756,-668
755,-668
754,-667
753,-667
752,-667
751,-666
750,-666
749,-665
748,-665
747,-664
746,-664
745,-663
744,-663
743,-662
742,-662
741,-662
740,-661
739,-661
738,-661
737,-661
736,-660
735,-660
734,-659
733,-659
732,-659
731,-658
730,-658
729,-658
728,-657
727,-657
726,-656
725,-656
724,-656
723,-656
722,-656
721,-655
720,-655
719,-654
718,-654
717,-654
716,-654
715,-653
714,-653
713,-653
712,-652
711,-652
710,-652
709,-651
708,-651
707,-651
706,-650
705,-649
704,-649
703,-648
702,-648
701,-648
700,-647
699,-647
698,-646
697,-646
696,-645
695,-644
694,-644
693,-643
692,-642
691,-641
690,-640
689,-639
688,-638
687,-638
686,-637
685,-636
684,-635
683,-634
682,-633
681,-632
681,-631
680,-631
679,-630
679,-629
678,-628
677,-627
676,-626
675,-625
674,-624
673,-623
673,-622
672,-621
671,-620
670,-619
669,-618
669,-617
669,-616
668,-615
667,-614
667,-613
666,-612
665,-611
665,-610
664,-610
663,-609
663,-608
662,-607
661,-606
661,-605
660,-604
659,-603
659,-602
659,-601
658,-601
657,-600
657,-599
657,-598
656,-597
656,-596
655,-595
654,-594
654,-593
653,-592
652,-591
652,-590
651,-589
650,-588
649,-587
649,-586
649,-585
648,-584
648,-583
647,-582
646,-581
646,-580
645,-579
645,-578
644,-577
643,-576
643,-575
642,-574
641,-573
641,-572
640,-571
639,-570
639,-569
639,-568
638,-568
637,-567
637,-566
636,-565
636,-564
635,-563
634,-563
633,-563
632,-563
631,-563
630,-563
629,-563
629,-564
629,-565
629,-566
629,-567
630,-568
631,-569
631,-570
631,-571
631,-572
631,-573
631,-574
631,-575
631,-576
630,-577
629,-578
628,-579
627,-579
626,-579
625,-579
624,-579
623,-578
623,-577
623,-576
622,-575
621,-575
620,-574
620,-573
619,-573
618,-573
617,-573
616,-573
615,-573
614,-574
613,-574
613,-575
612,-576
611,-576
610,-577
609,-578
609,-579
608,-580
607,-580
606,-581
605,-582
604,-583
603,-583
