466,-757
466,-758
466,-759
466,-760
466,-761
466,-762
466,-763
467,-764
467,-765
467,-766
466,-767
466,-768
466,-769
466,-770
466,-771
466,-772
466,-773
467,-773
468,-773
469,-774
469,-775
470,-775
471,-776
472,-776
473,-776
474,-776
475,-777
476,-777
477,-777
478,-777
479,-778
480,-778
481,-778
482,-778
483,-778
484,-778
485,-779
486,-779
487,-780
488,-780
489,-780
490,-780
491,-780
492,-780
493,-780
494,-781
495,-781
496,-781
497,-782
498,-782
499,-782
500,-782
501,-782
502,-783
503,-783
504,-783
505,-784
506,-784
507,-784
508,-785
509,-785
510,-786
511,-786
512,-787
513,-787
514,-787
515,-788
516,-789
517,-789
518,-789
519,-790
520,-790
521,-790
522,-791
523,-792
524,-792
525,-792
526,-793
527,-793
528,-793
529,-793
530,-793
531,-794
532,-794
533,-795
534,-796
535,-796
536,-796
537,-796
538,-796
539,-796
540,-796
541,-797
541,-798
541,-799
542,-800
543,-800
544,-800
545,-800
546,-801
547,-802
548,-802
549,-802
550,-803
551,-803
552,-803
553,-803
554,-803
555,-803
556,-803
557,-803
558,-803
559,-803
560,-804
560,-805
560,-806
560,-807
561,-808
562,-808
563,-808
564,-808
565,-808
566,-808
567,-809
567,-810
567,-811
568,-811
569,-811
570,-811
571,-812
572,-812
573,-813
573,-814
573,-815
574,-815
575,-815
576,-815
577,-815
578,-815
579,-816
580,-816
581,-817
581,-818
581,-819
582,-819
583,-819
584,-819
585,-820
586,-820
587,-820
588,-821
588,-822
589,-823
589,-824
590,-824
591,-824
592,-824
593,-824
594,-824
595,-824
596,-824
597,-825
598,-826
599,-827
600,-827
601,-827
602,-828
603,-828
604,-829
605,-829
606,-830
607,-830
608,-830
609,-830
610,-830
611,-831
612,-831
613,-832
614,-832
615,-832
616,-832
617,-832
618,-832
619,-832
620,-833
621,-833
622,-833
623,-834
624,-835
625,-835
626,-835
627,-835
628,-836
629,-836
630,-836
631,-837
632,-837
633,-838
633,-839
634,-839
635,-839
636,-840
637,-840
638,-840
639,-840
640,-840
641,-840
642,-840
643,-840
644,-840
645,-840
646,-841
647,-842
648,-842
649,-842
650,-842
651,-842
652,-842
653,-842
654,-842
655,-842
656,-842
657,-842
658,-842
659,-842
660,-842
661,-842
662,-842
663,-842
664,-842
665,-842
666,-842
667,-841
668,-841
669,-841
670,-842
671,-842
672,-842
673,-842
674,-842
675,-841
676,-841
677,-841
678,-841
679,-841
680,-841
681,-841
682,-841
683,-841
684,-841
685,-841
686,-841
687,-841
688,-841
689,-841
690,-841
691,-841
692,-841
693,-840
694,-840
695,-840
696,-840
697,-840
698,-840
699,-840
700,-840
701,-840
702,-840
703,-839
704,-839
705,-839
706,-839
707,-839
708,-839
709,-839
710,-838
711,-838
712,-838
713,-838
714,-838
715,-838
716,-838
717,-837
718,-837
719,-837
720,-837
721,-837
722,-837
723,-837
724,-837
725,-837
726,-837
727,-837
728,-837
729,-836
730,-836
731,-836
732,-836
733,-836
734,-836
735,-835
736,-835
737,-835
738,-835
739,-835
740,-835
741,-834
742,-834
743,-834
744,-834
745,-834
746,-833
747,-833
748,-833
749,-833
750,-832
751,-832
752,-832
753,-832
754,-832
755,-832
756,-832
757,-832
758,-832
759,-831
760,-831
761,-831
762,-831
763,-831
764,-831
765,-830
766,-830
767,-830
768,-830
769,-830
770,-829
771,-829
772,-829
773,-829
774,-828
775,-827
776,-827
777,-827
778,-827
779,-827
780,-827
781,-826
782,-826
783,-826
784,-826
785,-826
786,-825
787,-825
788,-824
789,-824
790,-824
791,-824
792,-824
792,-823
793,-822
794,-822
795,-822
796,-822
797,-822
798,-822
799,-821
800,-821
801,-820
802,-820
803,-820
804,-820
805,-819
806,-819
807,-819
808,-819
809,-819
810,-819
811,-818
812,-817
813,-817
814,-816
815,-816
816,-816
817,-816
818,-816
819,-815
820,-815
821,-815
821,-814
821,-813
821,-812
822,-811
823,-811
824,-811
825,-811
826,-811
827,-811
828,-810
829,-810
830,-810
830,-809
830,-808
831,-807
832,-807
833,-807
834,-807
834,-806
834,-805
835,-804
836,-804
837,-803
838,-803
839,-803
840,-803
840,-802
840,-801
841,-800
842,-800
843,-799
844,-799
845,-798
846,-798
847,-798
848,-798
849,-798
849,-797
850,-796
850,-795
850,-794
851,-793
852,-792
853,-792
854,-792
855,-792
855,-791
856,-790
857,-790
858,-790
859,-790
860,-790
861,-789
862,-788
863,-788
864,-788
865,-788
865,-787
866,-786
867,-786
868,-786
869,-786
870,-786
871,-786
872,-786
873,-786
874,-786
875,-786
876,-786
877,-786
878,-786
879,-786
880,-786
881,-786
882,-786
883,-786
884,-786
885,-786
886,-786
887,-786
888,-787
889,-787
890,-787
891,-787
892,-787
893,-787
894,-788
895,-788
896,-788
897,-789
897,-790
898,-790
899,-790
900,-790
901,-790
902,-790
903,-791
904,-791
905,-791
906,-791
907,-792
907,-793
908,-793
909,-793
910,-793
911,-793
912,-793
913,-793
914,-794
915,-794
916,-794
917,-795
918,-795
919,-795
920,-795
921,-795
922,-795
923,-795
924,-795
925,-796
926,-797
927,-797
928,-797
929,-797
930,-797
931,-797
932,-797
933,-797
934,-797
935,-797
936,-797
937,-798
938,-798
939,-798
940,-798
941,-798
942,-798
943,-799
944,-799
945,-799
946,-799
947,-800
948,-800
949,-800
950,-800
951,-800
952,-801
953,-801
954,-801
955,-801
956,-801
957,-801
958,-801
959,-802
960,-802
961,-802
962,-802
963,-802
964,-802
965,-802
966,-802
967,-802
968,-802
969,-802
970,-802
971,-803
972,-803
973,-804
974,-804
975,-804
976,-804
977,-804
978,-804
979,-804
980,-804
981,-804
982,-804
983,-804
984,-804
985,-804
986,-804
987,-804
988,-803
989,-803
990,-803
991,-802
992,-802
993,-802
994,-803
995,-803
996,-804
997,-804
998,-804
999,-804
1000,-804
1001,-803
1002,-803
1003,-803
1004,-803
1005,-803
1006,-803
1007,-803
1008,-802
1009,-802
1010,-802
1011,-802
1012,-802
1013,-802
1014,-802
1015,-802
1016,-802
1017,-802
1018,-802
1019,-802
1020,-801
1021,-801
1022,-801
1023,-800
1024,-800
1025,-800
1026,-800
1027,-800
1028,-800
1029,-800
1030,-800
1031,-800
1032,-800
1032,-799
1033,-798
1034,-798
1034,-797
1034,-796
1035,-795
1036,-795
1036,-794
1036,-793
1036,-792
1036,-791
1036,-790
1036,-789
1036,-788
1036,-787
1036,-786
1036,-785
1036,-784
1036,-783
1036,-782
1036,-781
1036,-780
1035,-779
1034,-778
1034,-777
1034,-776
1034,-775
1034,-774
1033,-774
1032,-773
1032,-772
1032,-771
1032,-770
1032,-769
1032,-768
1032,-767
1032,-766
1032,-765
1033,-764
1033,-763
1033,-762
1033,-761
1033,-760
1033,-759
1033,-758
1033,-757
1032,-756
1032,-755
1032,-754
1032,-753
1032,-752
1032,-751
1032,-750
1031,-749
1031,-748
1031,-747
1030,-746
1029,-746
1028,-746
1027,-746
1026,-746
1025,-746
1024,-746
1023,-745
1022,-745
1021,-744
1020,-744
1019,-744
1018,-744
1017,-744
1016,-744
1015,-744
1014,-744
1013,-744
1012,-744
1011,-744
1010,-744
1009,-744
1008,-744
1007,-744
1006,-744
1005,-744
1004,-744
1003,-744
1002,-744
1001,-744
1000,-744
999,-743
998,-743
997,-742
997,-741
997,-740
997,-739
996,-739
995,-738
994,-738
993,-738
992,-738
991,-738
990,-738
989,-738
988,-738
987,-738
986,-738
985,-738
984,-738
983,-738
982,-738
981,-738
980,-738
979,-738
978,-738
977,-738
976,-738
975,-738
974,-738
973,-738
972,-738
971,-738
970,-738
969,-738
968,-737
967,-737
966,-737
965,-737
964,-737
963,-737
962,-737
961,-737
960,-737
959,-737
958,-736
957,-736
956,-736
955,-736
954,-736
953,-736
952,-736
951,-736
950,-736
949,-736
948,-736
947,-735
946,-735
945,-735
944,-735
943,-735
942,-735
941,-735
940,-734
939,-734
938,-734
937,-734
936,-734
935,-734
934,-733
933,-733
932,-733
931,-733
930,-733
929,-733
928,-733
927,-732
926,-732
925,-732
924,-732
923,-732
922,-732
921,-732
920,-732
919,-731
918,-731
917,-731
916,-731
915,-731
914,-731
913,-731
912,-730
911,-730
910,-730
909,-730
908,-730
907,-730
906,-729
905,-729
904,-728
903,-728
902,-728
901,-728
900,-728
899,-727
898,-727
897,-727
896,-726
895,-726
894,-725
893,-725
892,-725
891,-724
890,-724
889,-723
888,-723
887,-722
886,-722
885,-721
884,-721
883,-720
882,-719
881,-719
880,-718
879,-717
878,-717
877,-716
876,-715
875,-714
874,-714
873,-713
872,-712
871,-711
870,-711
869,-710
869,-709
868,-709
867,-708
866,-707
865,-707
864,-706
863,-705
862,-704
861,-704
860,-703
859,-702
858,-701
857,-701
856,-700
855,-699
854,-698
853,-697
852,-696
851,-696
850,-695
849,-695
848,-694
847,-693
846,-692
845,-692
844,-691
843,-691
842,-690
841,-690
840,-689
839,-688
838,-688
837,-687
836,-687
835,-686
834,-686
833,-685
832,-685
831,-684
830,-684
829,-684
828,-683
827,-682
826,-682
825,-682
824,-681
823,-681
822,-680
821,-680
820,-679
819,-679
818,-679
817,-678
816,-678
815,-677
814,-677
813,-677
812,-676
811,-676
810,-675
809,-675
808,-674
807,-674
806,-674
805,-673
804,-673
803,-673
802,-673
801,-672
800,-672
799,-672
798,-671
797,-671
796,-671
795,-671
794,-671
793,-671
792,-670
791,-670
790,-670
789,-669
788,-669
787,-669
786,-668
785,-668
784,-668
783,-668
782,-668
781,-667
780,-667
779,-667
778,-667
777,-667
776,-666
775,-666
774,-666
773,-666
772,-666
771,-666
770,-665
769,-665
768,-665
767,-665
766,-665
765,-665
764,-664
763,-664
762,-664
761,-664
760,-664
759,-664
758,-664
757,-664
756,-663
755,-663
754,-663
753,-663
752,-663
751,-663
750,-663
749,-663
748,-663
747,-663
746,-663
745,-663
744,-662
743,-662
742,-662
741,-662
740,-662
739,-662
738,-661
737,-661
736,-661
735,-661
734,-661
733,-661
732,-661
731,-661
730,-661
729,-661
728,-660
727,-660
726,-660
725,-660
724,-660
723,-660
722,-660
721,-660
720,-660
719,-660
718,-660
717,-660
716,-660
715,-660
714,-660
713,-660
712,-660
711,-660
710,-659
709,-659
708,-659
707,-659
706,-659
705,-659
704,-659
703,-659
702,-660
701,-660
700,-660
699,-660
698,-660
697,-660
696,-660
695,-660
694,-660
693,-660
692,-660
691,-660
690,-660
689,-660
688,-660
687,-660
686,-660
685,-660
684,-660
683,-660
682,-660
681,-660
680,-661
679,-661
678,-661
677,-661
676,-661
675,-661
674,-661
673,-661
672,-661
671,-661
670,-661
669,-661
668,-661
667,-661
666,-661
665,-661
664,-661
663,-661
662,-662
661,-662
660,-662
659,-662
658,-662
657,-663
656,-663
655,-663
654,-663
653,-663
652,-663
651,-663
650,-663
649,-663
648,-663
647,-663
646,-663
645,-664
644,-664
643,-664
642,-664
641,-664
640,-664
639,-664
638,-665
637,-665
636,-665
635,-665
634,-665
633,-665
632,-665
631,-665
630,-666
629,-666
628,-667
627,-667
626,-667
625,-667
624,-667
623,-667
622,-668
621,-668
620,-669
619,-669
618,-669
617,-669
616,-669
615,-670
614,-670
613,-671
612,-671
611,-671
610,-671
609,-672
608,-672
607,-672
606,-672
605,-673
604,-673
603,-674
602,-674
601,-675
600,-675
599,-675
598,-676
597,-676
596,-676
595,-676
594,-677
593,-678
592,-678
591,-679
590,-679
589,-679
588,-680
587,-680
586,-680
585,-680
584,-681
583,-682
582,-682
581,-683
580,-683
579,-684
578,-684
577,-685
576,-685
575,-686
574,-686
573,-687
572,-687
571,-688
570,-688
569,-689
568,-690
567,-690
566,-691
565,-691
564,-692
563,-692
562,-693
561,-693
560,-694
559,-695
558,-695
557,-696
556,-696
555,-696
554,-697
553,-698
552,-698
551,-699
550,-700
549,-700
548,-700
547,-701
546,-702
545,-703
544,-703
543,-703
542,-704
541,-704
540,-705
539,-706
538,-706
537,-706
536,-707
535,-708
534,-708
533,-709
532,-709
531,-710
530,-711
529,-711
528,-712
527,-712
526,-713
525,-714
524,-714
523,-715
522,-715
521,-716
520,-716
519,-717
518,-717
517,-718
516,-719
515,-719
514,-720
513,-720
512,-721
511,-722
510,-722
509,-723
508,-724
507,-724
506,-725
505,-725
504,-726
503,-727
502,-728
501,-728
500,-729
499,-730
498,-730
497,-731
496,-732
495,-732
495,-733
494,-734
493,-734
492,-735
491,-736
490,-737
489,-737
488,-738
487,-739
486,-739
485,-740
484,-741
483,-741
482,-742
481,-743
480,-744
479,-745
478,-745
477,-746
476,-747
475,-748
474,-748
473,-749
472,-750
471,-751
470,-752
469,-753
468,-754
468,-755
467,-756
466,-757
