570,-615
570,-616
570,-617
570,-618
570,-619
571,-619
572,-619
573,-619
574,-620
574,-621
574,-622
574,-623
575,-624
575,-625
575,-626
576,-626
577,-626
578,-626
579,-626
580,-626
581,-626
582,-627
583,-627
584,-628
584,-629
585,-630
585,-631
585,-632
585,-633
585,-634
586,-634
587,-634
588,-634
589,-634
590,-634
591,-634
592,-635
592,-636
592,-637
593,-638
593,-639
594,-639
595,-639
596,-639
597,-640
598,-641
598,-642
598,-643
599,-643
600,-644
601,-644
602,-645
603,-645
604,-645
605,-645
606,-646
607,-647
607,-648
608,-648
609,-648
610,-648
611,-649
612,-649
613,-650
613,-651
614,-651
615,-651
616,-651
617,-652
618,-653
619,-653
620,-654
620,-655
620,-656
621,-656
622,-656
623,-657
624,-658
625,-658
626,-658
627,-659
628,-660
629,-661
630,-662
631,-662
632,-663
633,-663
634,-663
635,-664
635,-665
636,-666
636,-667
636,-668
637,-668
638,-668
639,-669
640,-669
641,-669
642,-670
642,-671
643,-671
644,-672
645,-672
646,-673
647,-674
647,-675
648,-675
649,-676
649,-677
649,-678
650,-678
651,-678
652,-678
653,-678
654,-679
654,-680
654,-681
654,-682
655,-682
656,-682
657,-683
658,-684
658,-685
658,-686
659,-687
660,-688
661,-689
662,-690
662,-691
662,-692
663,-693
664,-694
665,-695
665,-696
666,-697
667,-698
667,-699
667,-700
667,-701
668,-702
668,-703
669,-704
669,-705
669,-706
670,-707
671,-708
671,-709
671,-710
671,-711
672,-712
672,-713
672,-714
673,-715
673,-716
673,-717
674,-717
675,-718
675,-719
675,-720
675,-721
675,-722
676,-723
677,-723
678,-724
678,-725
678,-726
678,-727
679,-728
680,-729
680,-730
680,-731
680,-732
681,-733
682,-733
683,-733
684,-734
684,-735
684,-736
684,-737
684,-738
684,-739
684,-740
684,-741
684,-742
685,-742
686,-743
686,-744
686,-745
687,-746
687,-747
687,-748
687,-749
688,-750
689,-750
690,-750
691,-750
692,-750
693,-750
694,-750
695,-751
695,-752
695,-753
694,-754
693,-754
693,-755
693,-756
693,-757
693,-758
693,-759
694,-760
695,-760
696,-760
697,-760
698,-760
699,-760
700,-761
700,-762
700,-763
700,-764
700,-765
700,-766
700,-767
700,-768
701,-769
702,-770
702,-771
703,-771
704,-772
704,-773
704,-774
704,-775
705,-776
706,-777
707,-777
708,-777
709,-778
709,-779
709,-780
709,-781
710,-781
711,-782
712,-783
712,-784
713,-784
714,-785
714,-786
715,-786
716,-787
716,-788
717,-789
718,-790
719,-790
720,-791
720,-792
720,-793
721,-793
722,-794
723,-794
724,-794
725,-795
726,-796
726,-797
727,-798
728,-799
728,-800
729,-800
730,-800
731,-801
732,-802
733,-803
734,-804
735,-805
735,-806
736,-806
737,-806
738,-806
739,-807
739,-808
739,-809
740,-810
741,-810
742,-810
743,-810
744,-811
744,-812
745,-813
745,-814
746,-814
747,-814
748,-815
748,-816
749,-816
750,-817
751,-817
752,-818
753,-819
753,-820
753,-821
754,-821
755,-821
756,-821
757,-822
758,-823
758,-824
759,-824
760,-825
761,-826
761,-827
762,-827
763,-828
764,-829
765,-829
766,-830
767,-831
767,-832
768,-832
769,-833
770,-834
771,-835
772,-836
773,-837
773,-838
773,-839
774,-839
775,-839
776,-839
777,-840
777,-841
777,-842
778,-843
779,-844
780,-844
781,-844
782,-845
782,-846
783,-846
784,-846
785,-847
786,-848
787,-849
787,-850
787,-851
788,-851
789,-851
790,-851
791,-852
791,-853
792,-853
793,-853
794,-854
794,-855
794,-856
794,-857
795,-857
796,-857
797,-857
798,-857
799,-858
799,-859
799,-860
799,-861
800,-861
801,-861
802,-861
803,-861
804,-861
805,-861
806,-862
806,-863
806,-864
806,-865
806,-866
807,-866
808,-866
809,-867
810,-867
811,-867
812,-868
812,-869
813,-869
814,-869
815,-869
816,-869
817,-869
818,-870
818,-871
819,-871
820,-872
821,-872
822,-873
823,-873
824,-874
824,-875
824,-876
824,-877
824,-878
825,-878
826,-879
827,-879
828,-879
829,-880
830,-880
831,-880
832,-881
833,-881
834,-881
835,-881
836,-881
837,-881
838,-881
839,-881
840,-881
841,-881
842,-881
843,-882
844,-882
845,-882
846,-882
847,-883
848,-883
849,-883
850,-883
851,-883
852,-883
853,-883
854,-883
855,-883
856,-883
857,-884
858,-884
859,-884
860,-884
861,-885
862,-885
863,-886
864,-886
865,-886
866,-887
867,-887
868,-888
869,-888
870,-889
871,-889
872,-890
873,-890
874,-890
875,-890
876,-891
877,-891
878,-891
879,-892
880,-893
881,-893
882,-893
883,-894
884,-894
885,-894
886,-895
887,-895
888,-895
889,-896
890,-896
891,-896
892,-897
893,-897
894,-898
895,-899
896,-899
897,-899
898,-900
899,-900
900,-900
901,-900
902,-900
903,-900
904,-901
905,-901
906,-901
907,-902
908,-903
909,-903
910,-903
911,-903
912,-904
913,-904
914,-905
915,-905
916,-905
917,-905
918,-905
919,-906
920,-906
921,-906
922,-906
923,-906
924,-906
925,-906
926,-906
927,-906
928,-906
929,-906
930,-906
931,-906
932,-905
932,-904
932,-903
932,-902
932,-901
932,-900
932,-899
932,-898
932,-897
932,-896
932,-895
932,-894
932,-893
932,-892
932,-891
932,-890
931,-889
931,-888
931,-887
930,-886
930,-885
929,-884
929,-883
928,-882
928,-881
927,-880
927,-879
926,-878
926,-877
926,-876
925,-875
924,-874
924,-873
923,-872
923,-871
923,-870
922,-869
921,-868
921,-867
920,-866
920,-865
919,-864
919,-863
918,-862
917,-861
917,-860
917,-859
916,-858
916,-857
915,-856
914,-855
914,-854
913,-853
913,-852
913,-851
912,-850
912,-849
911,-848
911,-847
910,-846
910,-845
910,-844
909,-843
909,-842
908,-841
908,-840
907,-839
907,-838
906,-837
906,-836
906,-835
905,-834
905,-833
904,-832
904,-831
903,-830
903,-829
902,-828
902,-827
902,-826
901,-825
901,-824
900,-824
899,-823
899,-822
899,-821
898,-820
897,-819
897,-818
896,-817
896,-816
895,-815
895,-814
894,-813
893,-812
893,-811
892,-810
892,-809
891,-808
891,-807
890,-806
890,-805
890,-804
889,-803
888,-802
888,-801
887,-800
887,-799
887,-798
886,-797
886,-796
885,-795
884,-794
884,-793
883,-792
883,-791
883,-790
882,-789
882,-788
882,-787
881,-786
881,-785
880,-784
880,-783
880,-782
879,-781
879,-780
878,-779
878,-778
877,-777
877,-776
876,-775
876,-774
875,-773
875,-772
874,-771
874,-770
874,-769
873,-768
873,-767
873,-766
872,-765
872,-764
871,-763
870,-762
870,-761
870,-760
869,-759
868,-758
867,-757
867,-756
866,-755
866,-754
866,-753
865,-752
864,-751
864,-750
863,-750
862,-749
862,-748
862,-747
861,-746
860,-745
859,-744
859,-743
858,-742
857,-741
856,-740
856,-739
855,-738
854,-737
853,-736
852,-736
851,-735
851,-734
850,-733
849,-732
848,-731
848,-730
847,-729
846,-728
845,-727
844,-726
843,-725
842,-724
841,-723
840,-722
840,-721
839,-720
838,-719
837,-719
836,-718
836,-717
835,-716
834,-715
833,-714
832,-714
831,-713
831,-712
830,-712
829,-711
828,-710
827,-709
826,-708
825,-707
824,-706
823,-705
822,-704
821,-703
820,-703
819,-702
819,-701
818,-701
817,-700
816,-699
815,-699
814,-698
814,-697
813,-696
812,-695
811,-695
810,-694
810,-693
809,-693
808,-692
807,-691
806,-691
805,-690
804,-689
804,-688
803,-687
802,-687
801,-686
800,-686
799,-685
798,-684
797,-683
796,-683
795,-682
794,-681
793,-681
792,-680
791,-679
790,-679
789,-678
789,-677
788,-677
787,-676
786,-676
785,-675
784,-675
783,-674
782,-673
781,-672
780,-672
779,-671
778,-671
777,-670
776,-669
775,-669
774,-668
773,-668
772,-668
771,-667
770,-667
769,-666
768,-666
767,-665
766,-664
765,-664
764,-663
763,-663
762,-663
761,-662
760,-662
759,-661
758,-660
757,-660
756,-660
755,-659
754,-659
753,-658
752,-658
751,-657
750,-657
749,-657
748,-656
747,-656
746,-656
745,-655
744,-655
743,-655
742,-655
741,-654
740,-654
739,-653
738,-653
737,-653
736,-653
735,-653
734,-652
733,-652
732,-652
731,-652
730,-652
729,-651
729,-650
728,-650
727,-650
726,-650
725,-649
724,-649
723,-649
722,-649
721,-648
720,-648
719,-648
718,-647
717,-647
716,-647
715,-646
714,-646
713,-646
712,-645
711,-645
710,-645
709,-645
708,-644
707,-644
706,-643
705,-643
704,-643
703,-642
702,-642
701,-641
700,-641
699,-640
698,-640
697,-639
696,-638
695,-638
694,-637
693,-637
692,-636
691,-636
690,-635
689,-635
688,-634
687,-633
686,-633
685,-632
684,-631
683,-630
682,-630
681,-629
680,-628
679,-627
678,-627
677,-626
676,-625
675,-624
674,-624
673,-623
672,-623
671,-622
671,-621
670,-621
669,-621
668,-620
668,-619
667,-619
666,-619
665,-618
664,-617
663,-616
662,-615
661,-615
660,-615
659,-614
659,-613
658,-612
657,-611
656,-611
655,-610
654,-610
653,-609
652,-608
651,-607
650,-606
649,-605
648,-604
647,-604
646,-603
645,-603
644,-603
643,-602
643,-601
642,-600
641,-599
640,-598
639,-598
638,-597
637,-597
636,-597
635,-596
634,-596
633,-596
632,-596
631,-596
630,-596
629,-596
628,-596
627,-596
626,-596
625,-596
625,-597
625,-598
624,-599
623,-599
622,-599
621,-599
620,-598
619,-597
618,-597
617,-596
616,-596
615,-596
614,-596
613,-596
612,-597
611,-598
610,-598
609,-598
608,-597
607,-597
606,-597
605,-597
604,-597
603,-597
602,-597
601,-597
600,-597
599,-597
598,-596
597,-596
596,-596
595,-596
594,-596
594,-597
594,-598
594,-599
594,-600
595,-601
596,-602
596,-603
597,-603
598,-604
598,-605
598,-606
597,-607
597,-608
596,-609
595,-609
594,-609
593,-609
592,-608
591,-608
590,-608
589,-608
588,-608
587,-608
586,-608
585,-608
585,-609
585,-610
585,-611
585,-612
585,-613
585,-614
584,-615
583,-615
582,-615
581,-615
580,-615
579,-615
578,-615
577,-615
576,-614
575,-614
574,-614
573,-614
572,-614
571,-614
570,-615
