575,-745
575,-746
575,-747
575,-748
575,-749
575,-750
576,-751
577,-752
577,-753
578,-753
579,-753
580,-753
581,-753
582,-753
583,-753
584,-753
585,-753
586,-753
587,-753
588,-753
589,-753
590,-753
591,-752
592,-752
593,-752
594,-752
595,-752
596,-752
597,-752
598,-752
599,-752
600,-751
601,-751
602,-751
603,-751
604,-751
605,-751
606,-751
607,-751
608,-751
609,-751
610,-751
611,-751
612,-750
613,-750
614,-750
615,-750
616,-750
617,-750
618,-750
619,-750
620,-750
621,-750
622,-750
623,-750
624,-750
625,-750
626,-750
627,-750
628,-750
629,-750
630,-750
631,-750
632,-750
633,-750
634,-750
635,-750
636,-750
637,-751
638,-751
639,-751
640,-751
641,-751
642,-752
643,-752
644,-752
645,-752
646,-753
647,-753
648,-754
649,-754
650,-755
651,-755
652,-756
653,-756
654,-756
655,-757
656,-757
657,-758
658,-758
659,-759
660,-760
661,-761
662,-761
663,-762
664,-763
665,-763
666,-764
667,-765
667,-766
668,-766
669,-766
670,-767
670,-768
671,-768
672,-769
673,-770
674,-771
675,-772
676,-773
677,-774
678,-775
678,-776
679,-776
680,-777
681,-778
681,-779
682,-779
683,-780
684,-780
685,-781
685,-782
686,-783
687,-784
688,-784
689,-785
690,-785
691,-786
692,-787
693,-787
694,-788
695,-789
696,-789
697,-790
697,-791
698,-791
699,-792
700,-792
701,-793
702,-793
703,-793
704,-794
705,-794
706,-794
707,-795
707,-796
708,-796
709,-796
710,-796
711,-797
712,-797
713,-798
714,-798
715,-798
716,-799
717,-799
718,-799
719,-800
720,-800
721,-800
722,-801
723,-801
724,-801
725,-801
726,-801
727,-802
728,-802
729,-803
730,-803
731,-804
732,-804
733,-804
734,-804
735,-805
736,-805
737,-805
738,-805
739,-805
740,-806
741,-806
742,-806
743,-807
744,-807
745,-807
746,-807
747,-807
748,-808
749,-808
750,-808
751,-808
752,-808
753,-808
754,-808
755,-808
756,-809
757,-809
758,-809
759,-809
760,-809
761,-809
762,-809
763,-809
764,-809
765,-809
766,-809
767,-809
768,-810
769,-810
770,-810
771,-810
772,-810
773,-810
774,-811
775,-811
776,-811
777,-811
778,-811
779,-811
780,-811
781,-811
782,-811
783,-811
784,-811
785,-811
786,-811
787,-811
788,-811
789,-811
790,-811
791,-811
792,-811
793,-811
794,-811
795,-811
796,-811
797,-811
798,-811
799,-811
800,-811
801,-811
802,-811
803,-811
804,-811
805,-810
806,-810
807,-810
808,-810
809,-810
810,-810
811,-810
812,-810
813,-810
814,-810
815,-809
816,-809
817,-809
818,-809
819,-809
820,-809
821,-809
822,-809
823,-808
824,-808
825,-807
826,-807
827,-807
828,-807
829,-807
830,-807
831,-807
832,-807
833,-806
834,-806
835,-806
836,-806
837,-806
838,-806
839,-806
840,-805
841,-805
842,-805
843,-805
844,-804
845,-804
846,-803
847,-803
848,-802
849,-802
850,-802
851,-802
852,-802
853,-802
854,-802
855,-801
856,-801
857,-801
858,-801
859,-800
860,-800
861,-800
862,-799
863,-799
864,-799
865,-798
866,-798
867,-798
868,-798
869,-797
870,-797
871,-797
872,-797
873,-796
874,-796
875,-796
876,-795
877,-795
878,-795
879,-795
880,-795
881,-794
882,-794
883,-793
884,-793
885,-793
886,-793
887,-792
888,-792
889,-792
890,-791
891,-791
892,-791
893,-790
894,-790
895,-789
896,-789
897,-789
898,-789
899,-789
900,-789
901,-788
902,-788
903,-788
904,-787
905,-787
906,-787
907,-787
908,-786
909,-786
910,-785
911,-785
912,-785
913,-784
914,-784
915,-784
916,-784
917,-784
918,-783
919,-783
920,-782
921,-782
922,-781
923,-781
924,-781
925,-780
926,-779
927,-778
927,-777
927,-776
927,-775
927,-774
927,-773
926,-772
926,-771
925,-770
924,-769
923,-768
923,-767
922,-766
921,-765
920,-764
919,-763
919,-762
918,-761
917,-760
916,-759
915,-759
914,-758
914,-757
913,-757
912,-756
911,-755
910,-754
910,-753
909,-752
908,-751
907,-751
906,-750
905,-749
904,-748
903,-748
902,-747
901,-746
900,-745
899,-745
898,-744
897,-743
896,-743
895,-742
895,-741
894,-741
893,-740
892,-739
891,-738
890,-738
889,-737
888,-736
887,-735
886,-734
885,-733
884,-733
883,-732
882,-731
881,-730
880,-730
879,-729
878,-728
877,-728
876,-727
875,-726
874,-726
873,-725
872,-724
871,-724
870,-724
869,-724
868,-723
867,-722
866,-721
865,-721
864,-720
863,-720
862,-720
861,-719
860,-718
859,-718
858,-717
857,-717
856,-716
855,-715
854,-714
853,-714
852,-714
851,-713
850,-713
849,-712
848,-712
847,-711
846,-710
845,-710
844,-709
843,-709
842,-708
841,-708
840,-708
839,-707
838,-706
837,-706
836,-706
835,-705
834,-705
833,-704
832,-704
831,-703
830,-702
829,-702
828,-702
827,-701
826,-701
825,-701
824,-700
823,-700
822,-700
821,-699
820,-699
819,-699
818,-698
817,-697
816,-697
815,-697
814,-697
813,-697
812,-697
811,-696
810,-696
809,-696
808,-695
807,-695
806,-695
805,-695
804,-695
803,-695
802,-694
801,-694
800,-694
799,-693
798,-693
797,-693
796,-693
795,-693
794,-692
793,-692
792,-692
791,-692
790,-692
789,-692
788,-692
787,-692
786,-691
785,-691
784,-691
783,-691
782,-691
781,-691
780,-691
779,-691
778,-691
777,-691
776,-691
775,-691
774,-691
773,-691
772,-691
771,-691
770,-691
769,-691
768,-691
767,-691
766,-691
765,-692
764,-692
763,-692
762,-692
761,-692
760,-692
759,-692
758,-692
757,-692
756,-692
755,-692
754,-692
753,-692
752,-693
751,-693
750,-693
749,-693
748,-693
747,-693
746,-693
745,-693
744,-693
743,-693
742,-694
741,-694
740,-694
739,-694
738,-694
737,-695
736,-695
735,-695
734,-695
733,-696
732,-696
731,-696
730,-696
729,-697
728,-697
727,-697
726,-698
725,-698
724,-698
723,-698
722,-699
721,-699
720,-699
719,-700
718,-700
717,-700
716,-700
715,-700
714,-700
713,-701
712,-701
711,-701
710,-702
709,-702
708,-702
707,-702
706,-702
705,-703
704,-703
703,-704
702,-705
701,-705
700,-705
699,-705
698,-706
697,-706
696,-706
695,-707
694,-707
694,-708
693,-709
692,-709
691,-709
690,-709
689,-710
688,-710
687,-711
686,-712
685,-712
684,-713
683,-714
682,-714
681,-715
680,-716
679,-716
678,-717
677,-717
676,-718
675,-718
674,-719
673,-719
672,-720
671,-720
670,-720
669,-721
668,-721
667,-721
666,-721
665,-722
664,-722
663,-722
662,-722
661,-723
660,-723
659,-723
658,-723
657,-723
656,-723
655,-723
654,-723
653,-723
652,-723
651,-723
650,-723
649,-723
648,-723
647,-723
646,-723
645,-723
644,-723
643,-723
642,-723
641,-723
640,-723
639,-723
638,-724
637,-724
636,-724
635,-724
634,-724
633,-724
632,-724
631,-724
630,-724
629,-724
628,-724
627,-724
627,-725
627,-726
627,-727
627,-728
627,-729
626,-730
625,-731
624,-732
623,-733
622,-733
621,-733
620,-733
619,-732
618,-732
617,-731
616,-731
615,-731
614,-731
613,-731
612,-731
611,-731
610,-731
609,-731
608,-732
607,-732
607,-733
606,-734
605,-734
604,-734
603,-734
602,-734
601,-734
600,-734
599,-734
598,-734
597,-734
596,-734
595,-734
594,-734
593,-734
592,-734
591,-734
590,-735
589,-735
588,-735
587,-735
586,-735
585,-735
584,-735
583,-735
582,-735
581,-735
580,-735
580,-736
580,-737
579,-738
578,-739
577,-740
577,-741
577,-742
576,-743
576,-744
575,-745
