579,-633
579,-634
579,-635
579,-636
579,-637
579,-638
580,-638
581,-639
582,-639
583,-640
583,-641
583,-642
583,-643
584,-643
585,-643
586,-643
587,-643
588,-644
589,-645
589,-646
589,-647
590,-648
591,-648
592,-648
593,-649
594,-649
595,-650
595,-651
596,-652
596,-653
597,-653
598,-653
599,-654
600,-655
601,-656
602,-657
603,-657
604,-658
605,-659
606,-659
607,-660
607,-661
608,-661
609,-662
609,-663
610,-663
611,-663
612,-664
613,-664
614,-665
615,-666
616,-667
617,-667
618,-668
618,-669
619,-669
620,-670
621,-671
622,-672
623,-673
623,-674
623,-675
624,-675
625,-675
626,-676
627,-676
628,-677
628,-678
628,-679
629,-680
630,-680
631,-681
632,-682
633,-683
633,-684
633,-685
634,-685
635,-685
636,-686
637,-687
638,-687
639,-688
639,-689
640,-690
641,-690
642,-691
642,-692
642,-693
643,-693
644,-693
645,-694
646,-695
646,-696
647,-696
648,-697
649,-698
650,-699
650,-700
651,-701
652,-702
653,-703
654,-704
655,-705
656,-706
656,-707
657,-707
658,-708
658,-709
659,-710
660,-711
660,-712
661,-712
662,-712
663,-713
663,-714
663,-715
664,-715
665,-716
665,-717
665,-718
666,-719
667,-719
668,-720
669,-721
669,-722
670,-723
671,-724
671,-725
671,-726
671,-727
671,-728
672,-728
673,-729
674,-730
674,-731
674,-732
674,-733
674,-734
675,-735
676,-736
676,-737
676,-738
676,-739
677,-740
678,-741
678,-742
678,-743
678,-744
678,-745
679,-746
680,-747
680,-748
681,-749
681,-750
682,-751
682,-752
683,-753
683,-754
684,-755
685,-756
685,-757
685,-758
686,-758
687,-759
688,-760
688,-761
689,-762
690,-763
690,-764
691,-765
692,-766
692,-767
693,-768
693,-769
694,-770
695,-771
696,-772
697,-773
698,-774
698,-775
699,-776
700,-777
701,-778
702,-779
703,-780
703,-781
704,-782
705,-783
706,-784
707,-785
708,-786
709,-787
709,-788
710,-788
711,-789
712,-790
713,-791
713,-792
714,-792
715,-793
716,-794
717,-794
718,-795
719,-796
720,-797
721,-798
722,-799
723,-800
724,-801
725,-802
726,-802
727,-803
728,-804
729,-805
730,-806
731,-807
731,-808
732,-808
733,-809
734,-810
735,-810
736,-810
737,-811
737,-812
738,-813
739,-813
740,-813
741,-814
741,-815
742,-816
743,-816
744,-817
745,-817
746,-818
747,-818
748,-819
749,-820
749,-821
750,-821
751,-821
752,-821
753,-822
754,-823
755,-823
756,-823
757,-824
757,-825
758,-825
759,-825
760,-826
761,-826
762,-827
762,-828
763,-828
764,-828
765,-828
766,-828
767,-829
768,-830
769,-830
770,-831
771,-831
772,-831
773,-832
774,-833
775,-833
776,-833
777,-834
778,-835
779,-835
780,-836
781,-836
782,-836
783,-837
784,-837
785,-837
786,-838
787,-838
788,-839
789,-839
790,-840
791,-840
792,-840
793,-841
794,-841
795,-841
796,-841
797,-841
798,-842
799,-843
800,-843
801,-843
802,-844
803,-844
804,-844
805,-844
806,-844
807,-845
808,-845
809,-846
810,-846
811,-846
812,-846
813,-847
814,-847
815,-847
816,-848
817,-848
818,-848
819,-849
820,-849
821,-849
822,-849
823,-850
824,-850
825,-850
826,-850
827,-851
828,-851
829,-851
830,-852
831,-852
832,-852
833,-853
834,-853
835,-853
836,-853
837,-854
838,-854
839,-854
840,-854
841,-854
842,-855
843,-855
844,-855
845,-855
846,-855
847,-855
848,-856
849,-856
850,-857
851,-857
852,-857
853,-857
854,-857
855,-857
856,-857
857,-858
858,-858
859,-859
860,-859
861,-859
862,-859
863,-860
864,-860
865,-860
866,-860
867,-861
868,-861
869,-861
870,-861
871,-861
872,-861
873,-861
874,-862
875,-862
876,-862
877,-862
878,-863
879,-863
880,-863
881,-863
882,-863
883,-864
884,-865
885,-865
886,-865
887,-865
888,-865
889,-865
890,-865
891,-865
892,-866
893,-866
894,-867
895,-867
896,-867
897,-868
898,-868
899,-868
900,-868
901,-869
902,-870
903,-871
904,-871
905,-871
906,-871
907,-871
908,-871
909,-871
910,-871
911,-871
912,-871
913,-871
914,-871
915,-871
916,-871
917,-871
918,-871
919,-870
920,-870
920,-869
921,-868
921,-867
921,-866
921,-865
922,-864
922,-863
922,-862
922,-861
922,-860
922,-859
922,-858
922,-857
921,-856
921,-855
921,-854
921,-853
921,-852
921,-851
921,-850
921,-849
920,-848
920,-847
920,-846
919,-845
919,-844
919,-843
918,-842
918,-841
917,-840
917,-839
917,-838
916,-837
916,-836
915,-835
915,-834
915,-833
914,-832
914,-831
913,-830
913,-829
912,-828
912,-827
912,-826
911,-825
910,-824
910,-823
910,-822
909,-821
908,-820
908,-819
907,-818
907,-817
906,-816
906,-815
905,-814
905,-813
904,-812
904,-811
903,-810
902,-809
902,-808
901,-807
900,-806
900,-805
899,-804
899,-803
898,-802
897,-801
897,-800
896,-799
895,-798
894,-797
894,-796
894,-795
893,-794
892,-793
891,-792
891,-791
890,-790
889,-789
888,-788
888,-787
887,-786
886,-785
886,-784
885,-783
884,-782
884,-781
883,-780
882,-779
881,-778
881,-777
880,-776
879,-775
878,-774
878,-773
877,-772
876,-771
875,-770
874,-769
873,-768
873,-767
872,-766
871,-765
870,-764
869,-763
868,-762
867,-761
866,-760
865,-759
864,-758
863,-757
862,-756
861,-755
861,-754
860,-754
859,-753
858,-752
857,-751
856,-751
855,-750
855,-749
854,-748
853,-747
852,-747
851,-746
850,-745
849,-744
848,-743
847,-742
846,-741
845,-740
844,-739
843,-738
842,-738
841,-737
840,-736
839,-735
838,-734
837,-733
836,-733
835,-732
834,-732
833,-732
832,-731
832,-730
831,-729
830,-729
829,-728
828,-728
827,-727
827,-726
827,-725
826,-724
825,-724
824,-723
823,-723
822,-722
821,-721
821,-720
820,-720
819,-720
818,-719
818,-718
817,-718
816,-718
815,-718
814,-717
814,-716
813,-715
812,-714
811,-713
810,-713
809,-712
808,-711
807,-711
806,-711
805,-710
804,-709
803,-708
802,-708
801,-708
800,-707
799,-707
798,-706
798,-705
797,-705
796,-704
795,-704
794,-704
793,-703
793,-702
792,-701
791,-701
790,-700
789,-700
788,-699
787,-699
786,-698
785,-698
784,-697
783,-697
782,-696
781,-696
780,-696
779,-695
778,-695
777,-694
776,-693
775,-692
774,-692
773,-692
772,-691
771,-691
770,-691
769,-690
768,-689
767,-689
766,-688
765,-688
764,-688
763,-687
762,-687
761,-687
760,-687
759,-687
758,-687
757,-686
756,-685
755,-684
754,-684
753,-684
752,-684
751,-683
750,-683
749,-683
748,-682
747,-682
746,-682
745,-682
744,-682
743,-682
742,-681
741,-681
740,-681
739,-681
738,-681
737,-681
736,-681
735,-681
734,-680
733,-680
732,-680
731,-680
730,-679
729,-679
728,-679
727,-679
726,-679
725,-679
724,-679
723,-679
722,-679
721,-679
720,-679
719,-679
718,-679
717,-679
716,-679
715,-679
714,-679
713,-679
712,-679
711,-679
710,-679
709,-679
708,-679
707,-679
706,-679
705,-679
704,-679
703,-679
702,-679
701,-679
700,-679
699,-679
698,-679
697,-679
696,-679
695,-679
694,-679
693,-679
692,-679
691,-679
690,-679
689,-679
688,-679
687,-678
686,-678
685,-678
684,-678
683,-677
682,-677
681,-676
680,-676
679,-675
678,-674
677,-674
676,-673
675,-672
674,-672
673,-671
672,-671
671,-671
670,-670
669,-669
668,-668
667,-668
666,-667
665,-666
664,-665
663,-665
662,-664
661,-663
660,-663
659,-662
658,-661
658,-660
657,-660
656,-659
655,-659
654,-658
653,-657
652,-657
651,-656
650,-655
649,-654
648,-653
647,-652
646,-651
645,-651
644,-650
643,-650
642,-649
641,-648
640,-647
639,-646
638,-645
637,-645
636,-644
636,-643
635,-643
634,-642
633,-642
632,-641
631,-640
630,-640
629,-640
628,-640
627,-639
627,-638
626,-638
625,-638
624,-638
623,-638
622,-638
621,-638
620,-638
619,-638
618,-638
617,-638
616,-637
615,-637
614,-637
613,-637
612,-637
611,-636
610,-636
609,-635
609,-634
608,-634
607,-634
606,-634
605,-634
604,-633
604,-632
603,-632
602,-631
601,-631
600,-631
599,-631
598,-631
597,-631
596,-631
595,-631
594,-631
593,-631
592,-631
591,-632
590,-632
589,-632
588,-632
587,-632
586,-632
585,-632
584,-632
583,-633
582,-633
581,-633
580,-633
579,-633
