660,-675
660,-676
660,-677
660,-678
660,-679
660,-680
660,-681
660,-682
660,-683
660,-684
660,-685
661,-686
661,-687
661,-688
661,-689
662,-690
662,-691
662,-692
662,-693
663,-694
663,-695
663,-696
664,-697
664,-698
664,-699
665,-700
665,-701
665,-702
665,-703
666,-704
666,-705
666,-706
666,-707
666,-708
667,-709
668,-710
669,-711
669,-712
670,-713
670,-714
671,-715
671,-716
672,-717
672,-718
672,-719
673,-720
673,-721
674,-722
675,-722
676,-722
677,-723
677,-724
677,-725
678,-725
679,-725
680,-726
680,-727
680,-728
680,-729
681,-730
682,-730
683,-731
683,-732
683,-733
683,-734
683,-735
683,-736
683,-737
684,-737
685,-737
686,-738
687,-739
688,-740
689,-741
689,-742
689,-743
690,-744
691,-745
691,-746
692,-747
692,-748
693,-749
694,-750
694,-751
694,-752
695,-752
696,-753
697,-754
697,-755
697,-756
698,-756
699,-757
699,-758
699,-759
700,-760
701,-760
702,-761
702,-762
703,-762
704,-763
705,-764
705,-765
706,-766
707,-767
707,-768
708,-769
708,-770
708,-771
709,-772
710,-772
711,-773
711,-774
712,-775
712,-776
712,-777
712,-778
713,-778
714,-778
715,-778
716,-779
716,-780
717,-781
717,-782
717,-783
718,-784
719,-785
719,-786
720,-786
721,-787
721,-788
722,-788
723,-789
724,-790
724,-791
725,-792
726,-793
726,-794
727,-795
727,-796
728,-797
729,-798
730,-799
730,-800
731,-801
732,-801
733,-802
734,-803
734,-804
735,-805
735,-806
735,-807
735,-808
735,-809
735,-810
736,-811
736,-812
736,-813
737,-813
738,-814
739,-815
740,-816
740,-817
740,-818
741,-818
742,-819
742,-820
742,-821
743,-822
744,-822
745,-822
746,-823
747,-824
747,-825
747,-826
748,-826
749,-827
750,-828
751,-829
752,-830
753,-831
754,-832
755,-832
756,-833
757,-834
758,-835
759,-836
760,-837
761,-837
762,-838
763,-839
763,-840
764,-840
765,-841
766,-842
767,-842
768,-843
769,-844
769,-845
770,-845
771,-845
772,-845
773,-845
774,-845
775,-845
776,-845
777,-846
777,-847
777,-848
777,-849
777,-850
777,-851
778,-851
779,-852
780,-853
780,-854
781,-855
782,-855
783,-856
783,-857
783,-858
784,-858
785,-858
786,-858
787,-859
788,-860
788,-861
789,-861
790,-862
791,-863
792,-864
792,-865
793,-865
794,-865
795,-866
796,-866
797,-866
798,-867
798,-868
798,-869
799,-869
800,-870
801,-870
802,-871
802,-872
803,-872
804,-872
805,-873
806,-873
807,-873
808,-874
808,-875
808,-876
809,-876
810,-876
811,-877
811,-878
811,-879
812,-879
813,-880
814,-881
815,-882
816,-882
817,-882
818,-883
818,-884
819,-885
820,-885
821,-886
822,-886
823,-887
824,-888
825,-888
826,-889
826,-890
827,-890
828,-890
829,-891
830,-891
831,-891
832,-891
833,-891
834,-890
835,-890
836,-890
837,-890
838,-890
839,-890
840,-889
840,-888
840,-887
840,-886
840,-885
841,-884
841,-883
841,-882
841,-881
841,-880
841,-879
842,-878
842,-877
842,-876
842,-875
842,-874
842,-873
842,-872
842,-871
842,-870
842,-869
842,-868
841,-867
841,-866
841,-865
841,-864
841,-863
840,-862
840,-861
840,-860
840,-859
839,-858
839,-857
839,-856
839,-855
839,-854
838,-853
838,-852
838,-851
838,-850
838,-849
837,-848
837,-847
837,-846
837,-845
836,-844
836,-843
835,-842
835,-841
835,-840
835,-839
835,-838
835,-837
834,-836
834,-835
834,-834
834,-833
833,-832
833,-831
833,-830
832,-829
832,-828
831,-827
831,-826
831,-825
830,-824
830,-823
830,-822
830,-821
829,-820
829,-819
829,-818
828,-817
828,-816
828,-815
828,-814
828,-813
827,-812
827,-811
827,-810
827,-809
827,-808
827,-807
826,-806
826,-805
826,-804
826,-803
826,-802
826,-801
826,-800
826,-799
826,-798
826,-797
826,-796
825,-795
825,-794
825,-793
824,-792
824,-791
824,-790
824,-789
823,-788
823,-787
823,-786
823,-785
823,-784
823,-783
822,-782
822,-781
822,-780
822,-779
821,-778
821,-777
821,-776
820,-775
820,-774
820,-773
820,-772
819,-771
819,-770
819,-769
818,-768
818,-767
818,-766
818,-765
817,-764
817,-763
816,-762
816,-761
816,-760
816,-759
815,-758
815,-757
815,-756
815,-755
814,-754
814,-753
814,-752
813,-751
813,-750
813,-749
812,-748
812,-747
812,-746
811,-745
811,-744
811,-743
810,-742
810,-741
810,-740
810,-739
809,-738
809,-737
809,-736
809,-735
809,-734
808,-733
808,-732
808,-731
807,-730
807,-729
807,-728
806,-727
806,-726
806,-725
805,-724
805,-723
805,-722
805,-721
804,-720
804,-719
804,-718
804,-717
803,-716
803,-715
802,-714
802,-713
801,-712
801,-711
800,-710
800,-709
800,-708
799,-707
799,-706
798,-705
798,-704
797,-703
797,-702
796,-701
796,-700
796,-699
795,-698
794,-697
794,-696
793,-695
793,-694
792,-693
792,-692
791,-691
791,-690
790,-689
789,-688
789,-687
789,-686
788,-685
788,-684
787,-683
786,-682
786,-681
785,-680
785,-679
784,-678
784,-677
783,-676
783,-675
782,-674
781,-673
781,-672
780,-671
779,-670
779,-669
779,-668
778,-667
777,-666
777,-665
776,-664
776,-663
775,-662
774,-661
773,-660
772,-659
772,-658
771,-657
771,-656
770,-655
769,-654
769,-653
768,-652
767,-651
766,-650
765,-649
765,-648
764,-647
763,-646
762,-645
762,-644
761,-643
760,-642
759,-641
758,-640
757,-639
756,-638
755,-637
754,-636
753,-635
752,-634
752,-633
751,-632
750,-631
749,-630
748,-629
747,-629
746,-628
746,-627
745,-626
744,-625
743,-624
742,-624
741,-623
741,-622
740,-621
739,-621
738,-620
737,-620
736,-619
736,-618
735,-617
734,-617
733,-617
732,-616
731,-616
730,-615
729,-615
728,-615
727,-615
726,-615
725,-615
724,-615
723,-615
722,-615
721,-615
720,-615
719,-615
718,-614
717,-614
716,-614
715,-613
714,-612
714,-611
714,-610
713,-610
712,-610
711,-610
710,-610
710,-611
710,-612
710,-613
710,-614
710,-615
709,-616
708,-616
707,-616
706,-616
705,-616
704,-615
703,-615
702,-615
701,-615
700,-614
699,-614
698,-613
698,-612
697,-612
696,-612
695,-611
694,-611
693,-611
692,-611
691,-611
690,-611
689,-611
688,-612
687,-613
686,-614
685,-615
684,-616
684,-617
683,-618
683,-619
682,-620
682,-621
682,-622
681,-623
681,-624
681,-625
680,-626
680,-627
680,-628
679,-629
679,-630
679,-631
679,-632
679,-633
679,-634
680,-635
680,-636
680,-637
680,-638
680,-639
680,-640
680,-641
679,-642
679,-643
678,-644
678,-645
677,-646
677,-647
676,-648
675,-649
675,-650
674,-651
673,-652
672,-653
671,-654
670,-655
669,-656
669,-657
669,-658
669,-659
668,-660
667,-661
666,-662
665,-663
665,-664
665,-665
664,-666
663,-667
663,-668
663,-669
663,-670
662,-671
662,-672
661,-673
661,-674
660,-675
