620,-639
620,-640
620,-641
620,-642
620,-643
620,-644
620,-645
620,-646
620,-647
621,-647
622,-647
623,-647
624,-648
624,-649
625,-650
625,-651
626,-651
627,-651
628,-652
629,-652
630,-653
631,-653
632,-654
633,-655
634,-655
635,-655
636,-655
637,-656
637,-657
637,-658
637,-659
637,-660
637,-661
637,-662
637,-663
637,-664
637,-665
638,-666
639,-666
640,-666
641,-667
641,-668
642,-669
643,-669
644,-669
645,-669
646,-670
646,-671
646,-672
647,-673
648,-673
649,-673
650,-674
650,-675
651,-675
652,-676
652,-677
653,-677
654,-678
655,-679
656,-680
657,-680
658,-680
659,-680
660,-681
661,-681
662,-682
663,-683
663,-684
664,-685
664,-686
664,-687
665,-687
666,-687
667,-688
667,-689
667,-690
668,-690
669,-691
669,-692
669,-693
669,-694
670,-695
670,-696
670,-697
671,-697
672,-698
672,-699
673,-700
673,-701
674,-702
675,-703
675,-704
675,-705
675,-706
676,-706
677,-706
678,-706
679,-706
680,-706
681,-706
682,-706
683,-706
684,-706
685,-707
685,-708
686,-709
686,-710
686,-711
686,-712
686,-713
686,-714
686,-715
686,-716
686,-717
687,-718
687,-719
687,-720
687,-721
688,-722
688,-723
688,-724
688,-725
689,-726
689,-727
689,-728
689,-729
689,-730
690,-731
690,-732
691,-733
691,-734
691,-735
692,-736
692,-737
692,-738
693,-739
693,-740
694,-741
694,-742
694,-743
694,-744
694,-745
695,-746
695,-747
696,-748
696,-749
696,-750
697,-751
698,-752
698,-753
699,-754
699,-755
699,-756
700,-757
700,-758
701,-759
701,-760
702,-761
702,-762
703,-763
703,-764
703,-765
704,-766
704,-767
705,-768
705,-769
705,-770
706,-771
707,-772
708,-773
708,-774
708,-775
708,-776
708,-777
708,-778
709,-778
710,-779
711,-780
712,-781
712,-782
713,-783
714,-784
714,-785
715,-786
716,-787
717,-788
717,-789
718,-790
719,-791
720,-792
720,-793
721,-794
722,-795
723,-796
723,-797
724,-798
725,-799
726,-800
727,-801
728,-802
729,-803
729,-804
730,-805
730,-806
731,-807
732,-808
733,-809
734,-810
735,-811
736,-812
737,-813
738,-814
739,-815
740,-816
741,-817
741,-818
742,-818
743,-819
744,-820
745,-821
746,-822
747,-822
748,-823
749,-824
750,-825
751,-826
752,-826
753,-827
754,-828
755,-829
756,-829
757,-829
758,-829
759,-829
760,-830
760,-831
761,-832
762,-833
763,-833
764,-834
765,-834
766,-834
767,-835
768,-836
768,-837
768,-838
769,-838
770,-839
771,-839
772,-840
773,-840
774,-840
775,-841
775,-842
775,-843
775,-844
775,-845
776,-845
777,-845
778,-845
779,-846
779,-847
780,-848
781,-848
782,-848
783,-848
784,-849
785,-849
786,-850
787,-850
788,-851
788,-852
789,-852
790,-852
791,-852
792,-853
792,-854
792,-855
793,-855
794,-855
795,-856
796,-856
797,-857
798,-857
799,-858
800,-858
801,-858
802,-859
803,-860
804,-860
805,-860
806,-861
807,-861
808,-862
808,-863
808,-864
809,-864
810,-864
811,-864
812,-865
813,-865
814,-866
815,-867
816,-867
817,-867
818,-868
819,-868
820,-868
821,-868
822,-869
823,-869
824,-869
825,-869
826,-870
827,-871
827,-872
828,-872
829,-872
830,-872
831,-873
832,-873
833,-873
834,-873
835,-873
836,-873
837,-873
838,-874
838,-875
838,-876
839,-876
840,-876
841,-876
842,-876
843,-877
844,-877
845,-878
845,-879
846,-879
847,-879
848,-880
849,-881
850,-881
851,-881
852,-882
852,-883
853,-883
854,-883
855,-884
856,-884
857,-884
858,-884
859,-884
860,-885
861,-885
862,-885
863,-885
864,-885
865,-885
866,-885
867,-884
868,-884
869,-884
870,-884
871,-884
872,-884
873,-884
874,-884
875,-884
876,-884
877,-884
878,-883
879,-882
880,-882
880,-881
881,-880
881,-879
881,-878
881,-877
881,-876
882,-875
882,-874
882,-873
882,-872
882,-871
882,-870
882,-869
882,-868
882,-867
882,-866
881,-865
881,-864
881,-863
881,-862
880,-861
880,-860
880,-859
880,-858
879,-857
879,-856
878,-855
878,-854
878,-853
878,-852
877,-851
877,-850
877,-849
877,-848
876,-847
876,-846
876,-845
876,-844
876,-843
875,-842
875,-841
875,-840
874,-839
874,-838
874,-837
873,-836
873,-835
873,-834
872,-833
872,-832
872,-831
872,-830
871,-829
871,-828
871,-827
870,-826
870,-825
870,-824
869,-823
869,-822
869,-821
869,-820
868,-819
867,-818
867,-817
867,-816
866,-815
866,-814
866,-813
865,-812
865,-811
865,-810
865,-809
864,-808
864,-807
863,-806
863,-805
863,-804
862,-803
862,-802
861,-801
861,-800
861,-799
860,-798
860,-797
859,-796
859,-795
859,-794
858,-793
858,-792
857,-791
857,-790
856,-789
856,-788
856,-787
855,-786
854,-785
854,-784
853,-783
853,-782
853,-781
852,-780
852,-779
851,-778
850,-777
850,-776
850,-775
849,-774
849,-773
848,-772
848,-771
847,-770
847,-769
846,-768
845,-767
845,-766
844,-765
844,-764
843,-763
843,-762
842,-761
842,-760
841,-759
841,-758
840,-757
839,-756
838,-755
838,-754
837,-753
837,-752
836,-751
835,-750
835,-749
834,-748
833,-747
833,-746
832,-745
832,-744
831,-743
830,-742
829,-741
828,-740
828,-739
827,-738
826,-738
825,-737
825,-736
824,-735
823,-734
822,-733
821,-732
820,-731
819,-730
818,-729
817,-728
816,-727
816,-726
815,-726
814,-725
813,-724
812,-723
811,-722
810,-721
809,-720
808,-719
807,-718
806,-718
805,-717
804,-716
803,-715
802,-714
801,-714
800,-713
799,-712
798,-711
797,-711
796,-710
795,-709
794,-708
793,-707
792,-707
791,-706
790,-706
789,-705
788,-704
787,-703
786,-703
785,-702
784,-702
783,-701
783,-700
782,-700
781,-699
780,-699
779,-698
778,-697
777,-696
776,-696
775,-695
774,-695
773,-694
772,-693
771,-693
770,-692
769,-692
768,-691
767,-690
766,-690
765,-690
764,-689
763,-689
762,-688
761,-687
760,-687
759,-687
758,-686
757,-685
756,-685
755,-684
754,-684
753,-683
752,-683
751,-682
750,-682
749,-681
748,-681
747,-680
746,-680
745,-680
744,-679
743,-679
742,-679
741,-678
740,-678
739,-678
738,-678
737,-677
736,-677
735,-677
734,-677
733,-677
732,-676
731,-676
730,-676
729,-676
728,-676
727,-676
726,-676
725,-676
724,-676
723,-676
722,-676
721,-676
720,-676
719,-675
718,-675
717,-675
716,-675
715,-675
714,-675
713,-675
712,-674
711,-674
710,-674
709,-674
708,-673
708,-672
707,-672
706,-672
705,-672
704,-672
703,-671
702,-671
701,-670
700,-669
699,-669
698,-668
697,-667
696,-666
695,-665
694,-665
693,-664
692,-663
691,-662
690,-661
689,-660
688,-659
687,-658
687,-657
686,-657
685,-656
685,-655
684,-654
683,-653
682,-652
681,-651
681,-650
680,-650
679,-649
678,-648
677,-647
677,-646
676,-645
675,-644
674,-643
673,-642
673,-641
672,-640
671,-639
670,-638
669,-637
668,-636
668,-635
667,-634
666,-633
665,-632
665,-631
664,-630
663,-629
662,-628
661,-627
661,-626
660,-625
659,-624
658,-623
657,-622
656,-621
655,-620
654,-619
654,-618
653,-617
652,-617
651,-617
650,-617
649,-617
648,-617
648,-618
648,-619
648,-620
648,-621
648,-622
647,-623
646,-623
645,-623
644,-623
643,-623
642,-622
641,-622
640,-621
640,-620
639,-619
639,-618
638,-618
637,-618
636,-618
635,-618
634,-618
634,-619
634,-620
634,-621
634,-622
634,-623
634,-624
634,-625
634,-626
634,-627
634,-628
633,-629
632,-629
631,-629
630,-629
629,-629
628,-629
627,-630
626,-630
626,-631
626,-632
626,-633
626,-634
627,-634
628,-634
629,-635
629,-636
629,-637
628,-638
627,-639
626,-639
625,-639
624,-639
623,-639
622,-639
621,-639
620,-639
