629,-715
629,-716
629,-717
629,-718
629,-719
629,-720
630,-721
630,-722
630,-723
630,-724
631,-724
632,-725
632,-726
632,-727
633,-727
634,-728
635,-728
636,-729
636,-730
637,-730
638,-730
639,-731
639,-732
640,-732
641,-732
642,-732
643,-733
644,-734
644,-735
644,-736
645,-737
645,-738
646,-738
647,-739
647,-740
647,-741
648,-741
649,-741
650,-741
651,-742
651,-743
652,-743
653,-743
654,-744
654,-745
655,-745
656,-746
656,-747
657,-748
658,-749
659,-749
660,-750
661,-751
661,-752
662,-752
663,-753
663,-754
664,-755
665,-755
666,-756
667,-757
667,-758
668,-758
669,-759
670,-760
671,-761
672,-761
673,-762
673,-763
674,-764
675,-764
676,-765
677,-765
678,-765
679,-765
680,-766
681,-766
682,-767
683,-767
684,-768
685,-769
686,-769
687,-770
688,-771
688,-772
689,-773
690,-773
691,-773
692,-774
693,-775
694,-775
695,-776
695,-777
696,-777
697,-778
698,-778
699,-779
700,-779
701,-780
702,-781
703,-782
704,-782
705,-782
706,-782
707,-783
707,-784
707,-785
707,-786
708,-786
709,-786
710,-786
711,-786
712,-787
712,-788
712,-789
713,-789
714,-789
715,-789
716,-789
717,-790
718,-790
719,-790
720,-791
720,-792
720,-793
720,-794
721,-794
722,-794
723,-794
724,-794
725,-794
726,-795
727,-795
728,-796
728,-797
728,-798
729,-799
730,-799
731,-799
732,-800
733,-800
734,-800
735,-801
736,-801
737,-802
738,-803
739,-803
740,-803
741,-804
741,-805
742,-805
743,-805
744,-806
745,-806
746,-807
747,-808
748,-808
749,-808
750,-809
751,-809
752,-809
753,-810
754,-810
755,-810
756,-810
757,-810
758,-811
759,-811
760,-811
761,-811
762,-811
763,-811
764,-811
765,-811
766,-811
767,-811
768,-811
769,-811
770,-811
771,-811
772,-811
773,-811
774,-811
775,-811
776,-811
777,-811
778,-811
779,-811
780,-811
781,-811
782,-810
783,-810
784,-810
785,-810
786,-810
787,-809
788,-809
789,-809
790,-808
791,-808
792,-808
793,-808
794,-807
795,-807
796,-807
797,-807
798,-807
799,-807
800,-806
801,-806
802,-806
803,-806
804,-805
805,-805
806,-805
807,-805
808,-804
809,-804
810,-804
811,-803
812,-803
813,-802
814,-801
815,-801
816,-801
817,-801
818,-801
819,-801
820,-801
821,-801
822,-801
823,-802
824,-802
825,-802
826,-803
826,-804
827,-804
828,-804
829,-805
830,-805
831,-806
832,-807
832,-808
833,-808
834,-808
835,-809
835,-810
835,-811
835,-812
835,-813
836,-813
837,-813
838,-813
839,-813
840,-813
841,-813
842,-813
843,-813
844,-814
845,-815
846,-815
847,-816
848,-816
849,-816
850,-816
851,-816
852,-816
853,-816
854,-816
855,-816
856,-816
857,-817
858,-817
859,-817
860,-817
861,-817
862,-817
863,-817
864,-817
865,-817
866,-816
867,-816
868,-816
868,-815
868,-814
868,-813
869,-812
869,-811
869,-810
869,-809
869,-808
869,-807
870,-806
871,-805
872,-805
872,-804
872,-803
872,-802
873,-801
873,-800
873,-799
873,-798
873,-797
873,-796
873,-795
873,-794
873,-793
873,-792
872,-791
871,-790
871,-789
870,-788
869,-788
868,-787
867,-786
866,-785
865,-784
864,-783
863,-782
862,-781
861,-781
860,-780
859,-779
858,-778
857,-778
856,-777
855,-776
855,-775
854,-774
853,-773
852,-773
851,-772
850,-771
849,-770
848,-769
847,-768
846,-767
846,-766
845,-765
844,-764
844,-763
843,-762
842,-761
841,-760
841,-759
840,-758
839,-757
839,-756
838,-755
837,-754
837,-753
837,-752
837,-751
836,-750
836,-749
835,-748
835,-747
834,-746
834,-745
834,-744
833,-743
833,-742
832,-741
831,-740
831,-739
830,-738
829,-737
829,-736
828,-735
828,-734
827,-733
826,-732
825,-731
824,-730
824,-729
823,-729
822,-728
822,-727
821,-726
820,-725
819,-724
818,-724
817,-723
816,-722
815,-721
814,-720
813,-720
812,-719
811,-718
810,-717
809,-717
808,-716
807,-715
806,-714
805,-714
804,-713
803,-712
802,-712
801,-711
800,-710
799,-710
798,-709
797,-709
796,-708
795,-708
794,-707
793,-706
792,-706
791,-705
790,-705
789,-704
788,-703
787,-703
786,-702
785,-702
784,-701
783,-701
782,-701
781,-701
780,-701
779,-700
779,-699
778,-699
777,-698
776,-698
775,-698
774,-697
773,-697
772,-696
771,-696
770,-695
769,-695
768,-694
767,-694
766,-694
765,-694
764,-693
763,-693
762,-693
761,-692
760,-692
759,-692
758,-691
757,-690
756,-690
755,-690
754,-690
753,-689
752,-689
751,-689
750,-689
749,-689
748,-688
747,-688
746,-688
745,-688
744,-688
743,-688
742,-687
741,-687
740,-687
739,-686
738,-686
737,-686
736,-686
735,-686
734,-686
733,-686
732,-686
731,-686
730,-686
729,-686
728,-686
727,-685
726,-685
725,-685
724,-685
723,-685
722,-685
721,-685
720,-685
719,-685
718,-685
717,-685
716,-685
715,-685
714,-685
713,-685
712,-685
711,-686
710,-686
709,-686
708,-686
707,-686
706,-686
705,-686
704,-686
703,-686
702,-686
701,-686
700,-686
699,-686
698,-686
697,-686
696,-686
695,-686
694,-687
693,-687
692,-687
691,-687
690,-687
689,-687
688,-687
687,-688
686,-688
685,-688
684,-689
683,-689
682,-689
681,-689
680,-690
679,-690
678,-690
677,-690
676,-691
675,-691
674,-691
673,-692
672,-692
671,-693
670,-693
669,-693
668,-693
667,-694
666,-694
665,-694
664,-695
663,-695
662,-695
661,-695
660,-696
659,-696
658,-696
657,-697
656,-697
655,-697
654,-698
653,-698
652,-699
651,-699
650,-699
649,-700
648,-700
647,-700
646,-701
645,-701
644,-702
643,-702
642,-703
641,-703
640,-704
639,-704
638,-705
637,-706
636,-707
635,-707
634,-708
633,-708
632,-709
632,-710
632,-711
632,-712
631,-713
630,-714
629,-715
