378,-776
378,-777
378,-778
378,-779
378,-780
378,-781
378,-782
379,-783
379,-784
379,-785
380,-786
380,-787
380,-788
381,-789
382,-789
383,-790
384,-791
385,-792
385,-793
386,-794
387,-795
388,-795
389,-795
390,-796
390,-797
391,-797
392,-797
393,-797
394,-797
395,-798
396,-799
397,-799
398,-799
399,-799
400,-800
401,-800
402,-801
403,-801
404,-801
405,-801
406,-802
407,-802
408,-802
409,-802
410,-803
411,-803
412,-803
413,-804
414,-804
415,-804
416,-805
417,-805
418,-805
419,-806
420,-806
421,-807
422,-807
423,-807
424,-807
425,-807
426,-808
426,-809
427,-809
428,-809
429,-809
430,-809
431,-809
432,-809
433,-809
434,-810
435,-810
436,-810
437,-811
438,-811
439,-811
440,-811
441,-812
442,-812
443,-812
444,-813
445,-813
446,-813
447,-814
448,-814
449,-814
450,-814
451,-814
452,-815
453,-815
454,-816
455,-816
456,-816
457,-817
458,-817
459,-818
460,-818
461,-818
462,-818
463,-818
464,-818
465,-819
466,-819
467,-820
468,-820
469,-820
470,-821
471,-821
472,-821
473,-821
474,-821
475,-822
476,-822
477,-822
478,-822
479,-823
480,-823
481,-824
482,-824
483,-824
484,-824
485,-824
486,-824
487,-824
488,-824
489,-824
490,-825
491,-826
492,-826
493,-827
494,-828
495,-828
496,-828
497,-829
498,-829
499,-829
500,-829
501,-829
502,-830
503,-830
504,-831
505,-831
506,-831
507,-831
508,-832
509,-832
510,-832
511,-833
512,-833
513,-833
514,-833
515,-833
516,-834
517,-834
518,-834
519,-835
520,-835
521,-835
522,-836
523,-836
524,-836
525,-836
526,-837
527,-837
528,-837
529,-838
530,-838
531,-838
532,-839
533,-840
534,-840
535,-840
536,-840
537,-841
538,-841
539,-841
540,-841
541,-842
542,-842
543,-842
544,-843
545,-844
546,-844
547,-844
548,-844
549,-844
550,-845
551,-845
552,-846
553,-846
554,-846
555,-846
556,-846
557,-847
558,-847
559,-848
560,-848
561,-848
562,-848
563,-848
564,-849
565,-849
566,-849
567,-849
568,-849
569,-850
570,-850
571,-850
572,-850
573,-850
574,-850
575,-851
576,-851
577,-852
578,-852
579,-852
580,-853
581,-853
582,-853
583,-853
584,-854
585,-854
586,-854
587,-855
588,-855
589,-856
590,-856
591,-856
592,-856
593,-856
594,-857
595,-857
596,-857
597,-857
598,-857
599,-857
600,-857
601,-857
602,-858
603,-858
604,-858
605,-858
606,-858
607,-858
608,-859
609,-859
610,-860
611,-860
612,-860
613,-860
614,-860
615,-860
616,-860
617,-861
618,-861
619,-861
620,-861
621,-861
622,-861
623,-861
624,-861
625,-861
626,-861
627,-861
628,-862
629,-862
630,-862
631,-862
632,-862
633,-863
634,-863
635,-863
636,-863
637,-864
638,-864
639,-864
640,-864
641,-864
642,-864
643,-864
644,-864
645,-864
646,-864
647,-865
648,-865
649,-865
650,-865
651,-865
652,-865
653,-865
654,-865
655,-865
656,-865
657,-865
658,-865
659,-865
660,-865
661,-865
662,-865
663,-865
664,-866
665,-866
666,-866
667,-866
668,-866
669,-866
670,-867
671,-867
672,-867
673,-867
674,-867
675,-867
676,-867
677,-867
678,-867
679,-867
680,-867
681,-867
682,-867
683,-867
684,-868
685,-868
686,-868
687,-868
688,-868
689,-868
690,-868
691,-868
692,-868
693,-868
694,-868
695,-868
696,-868
697,-868
698,-868
699,-868
700,-868
701,-868
702,-868
703,-868
704,-868
705,-867
706,-867
707,-867
708,-867
709,-867
710,-867
711,-866
712,-866
713,-866
714,-866
715,-866
716,-866
717,-866
718,-866
719,-866
720,-866
721,-866
722,-866
723,-866
724,-866
725,-866
726,-866
727,-866
728,-866
729,-866
730,-866
731,-866
732,-866
733,-866
734,-866
735,-866
736,-866
737,-866
738,-865
739,-865
740,-865
741,-865
742,-865
743,-865
744,-865
745,-865
746,-865
747,-865
748,-865
749,-865
750,-865
751,-865
752,-865
753,-865
754,-865
755,-865
756,-865
757,-864
758,-864
759,-864
760,-864
761,-864
762,-864
763,-864
764,-864
765,-864
766,-864
767,-863
768,-863
769,-863
770,-863
771,-863
772,-863
773,-862
774,-862
775,-862
776,-862
777,-861
778,-861
779,-861
780,-861
781,-861
782,-861
782,-860
783,-859
784,-859
785,-859
786,-859
787,-858
788,-858
789,-858
790,-858
791,-858
792,-858
793,-858
794,-858
795,-857
796,-857
797,-857
798,-857
799,-856
800,-856
801,-856
802,-856
803,-856
804,-856
805,-856
806,-855
807,-855
808,-854
809,-854
810,-854
811,-853
812,-853
813,-853
814,-853
815,-853
816,-853
817,-852
818,-852
819,-852
819,-851
820,-850
821,-850
822,-850
823,-850
824,-850
825,-850
826,-849
827,-848
828,-848
829,-848
830,-848
831,-847
832,-846
833,-846
834,-845
835,-845
836,-845
837,-845
838,-845
839,-844
840,-844
841,-843
842,-843
843,-842
844,-841
845,-841
846,-841
847,-840
848,-840
849,-840
850,-839
851,-838
852,-838
853,-838
854,-837
855,-837
856,-837
857,-836
858,-836
859,-835
860,-834
861,-834
862,-834
863,-833
864,-832
865,-832
866,-832
866,-831
867,-830
868,-830
869,-829
870,-829
871,-828
872,-828
873,-827
874,-827
874,-826
875,-825
876,-825
877,-825
878,-825
879,-824
880,-824
880,-823
881,-822
882,-822
883,-821
884,-820
885,-820
886,-820
887,-819
888,-819
889,-818
890,-817
891,-817
892,-816
893,-815
894,-814
895,-813
896,-813
897,-812
898,-812
899,-811
900,-810
901,-810
901,-809
902,-808
903,-808
904,-807
905,-807
905,-806
906,-805
907,-804
908,-804
908,-803
909,-802
910,-801
911,-800
912,-800
913,-799
914,-798
914,-797
915,-796
916,-796
917,-795
918,-794
919,-793
920,-792
921,-791
922,-790
923,-789
924,-788
925,-787
926,-786
927,-785
928,-784
928,-783
929,-782
930,-781
931,-781
932,-780
933,-779
933,-778
934,-777
935,-776
936,-776
937,-775
938,-774
939,-773
940,-772
941,-772
942,-771
943,-770
944,-769
945,-769
946,-768
947,-768
948,-768
949,-768
950,-768
951,-768
952,-767
953,-767
954,-767
955,-767
956,-767
957,-767
958,-767
959,-767
960,-767
961,-766
962,-766
963,-766
964,-766
965,-766
966,-766
967,-765
968,-765
969,-765
970,-765
971,-765
972,-765
973,-765
974,-765
975,-765
976,-765
977,-765
978,-765
979,-765
980,-764
981,-764
982,-764
983,-764
984,-764
985,-764
986,-764
987,-764
988,-764
989,-763
990,-763
991,-763
992,-763
993,-763
994,-763
995,-763
996,-763
997,-763
998,-763
999,-763
1000,-763
1001,-763
1002,-763
1003,-762
1004,-762
1005,-762
1006,-762
1007,-762
1008,-762
1009,-762
1010,-762
1011,-762
1012,-762
1013,-762
1014,-762
1015,-761
1016,-761
1017,-761
1018,-761
1019,-761
1020,-761
1021,-761
1022,-761
1023,-761
1024,-761
1025,-761
1026,-760
1027,-760
1028,-760
1029,-761
1030,-761
1031,-761
1032,-761
1033,-761
1034,-761
1035,-761
1036,-761
1037,-761
1038,-761
1039,-761
1040,-761
1041,-760
1042,-759
1043,-759
1044,-759
1045,-759
1046,-759
1047,-759
1048,-759
1049,-759
1050,-759
1051,-759
1052,-759
1053,-759
1054,-759
1055,-758
1056,-758
1057,-757
1058,-757
1059,-756
1060,-756
1061,-756
1062,-756
1063,-755
1064,-755
1065,-755
1066,-754
1067,-754
1068,-754
1069,-754
1070,-753
1071,-753
1072,-753
1073,-753
1074,-752
1075,-752
1076,-752
1077,-752
1078,-752
1079,-752
1080,-752
1081,-751
1082,-751
1082,-750
1082,-749
1083,-748
1084,-748
1085,-748
1086,-747
1087,-747
1088,-746
1089,-746
1090,-745
1091,-745
1092,-745
1093,-745
1094,-745
1095,-745
1096,-745
1097,-744
1098,-744
1099,-744
1100,-744
1101,-744
1102,-743
1103,-743
1104,-742
1105,-741
1106,-741
1107,-741
1108,-740
1108,-739
1108,-738
1108,-737
1108,-736
1108,-735
1108,-734
1108,-733
1108,-732
1108,-731
1109,-730
1109,-729
1109,-728
1109,-727
1109,-726
1109,-725
1109,-724
1109,-723
1109,-722
1109,-721
1109,-720
1109,-719
1109,-718
1109,-717
1109,-716
1109,-715
1109,-714
1109,-713
1109,-712
1110,-711
1110,-710
1110,-709
1111,-708
1112,-708
1113,-708
1114,-707
1115,-707
1116,-707
1117,-707
1118,-707
1119,-706
1120,-706
1121,-706
1122,-706
1123,-705
1124,-705
1124,-704
1124,-703
1124,-702
1124,-701
1124,-700
1124,-699
1124,-698
1124,-697
1124,-696
1124,-695
1124,-694
1124,-693
1124,-692
1124,-691
1124,-690
1124,-689
1124,-688
1124,-687
1123,-686
1123,-685
1123,-684
1122,-683
1122,-682
1121,-681
1121,-680
1121,-679
1120,-678
1120,-677
1119,-676
1118,-675
1118,-674
1118,-673
1118,-672
1118,-671
1118,-670
1117,-669
1117,-668
1116,-667
1115,-666
1114,-666
1113,-666
1112,-666
1111,-666
1110,-666
1109,-666
1108,-666
1107,-667
1106,-667
1105,-667
1104,-667
1103,-667
1102,-668
1101,-668
1100,-669
1099,-669
1098,-669
1097,-669
1096,-669
1095,-669
1094,-669
1093,-669
1092,-670
1091,-670
1090,-670
1089,-670
1088,-670
1087,-670
1086,-671
1085,-671
1084,-671
1083,-671
1082,-671
1081,-671
1080,-672
1079,-672
1078,-672
1077,-672
1076,-672
1075,-672
1074,-672
1073,-672
1072,-672
1071,-673
1070,-673
1069,-673
1068,-673
1067,-673
1066,-673
1065,-673
1064,-673
1063,-673
1062,-674
1061,-674
1060,-674
1059,-674
1058,-674
1057,-674
1056,-674
1055,-674
1054,-675
1053,-675
1052,-675
1051,-675
1050,-675
1049,-675
1048,-675
1047,-676
1046,-676
1045,-676
1044,-676
1043,-676
1042,-676
1041,-676
1040,-677
1039,-677
1038,-677
1037,-677
1036,-677
1035,-677
1034,-677
1033,-677
1032,-678
1031,-678
1030,-678
1029,-678
1028,-679
1027,-679
1026,-679
1025,-679
1024,-679
1023,-679
1022,-679
1021,-679
1020,-679
1019,-679
1018,-680
1017,-680
1016,-680
1015,-680
1014,-681
1013,-681
1012,-681
1011,-681
1010,-682
1009,-682
1008,-682
1007,-682
1006,-682
1005,-682
1004,-682
1003,-683
1002,-683
1001,-683
1000,-684
999,-684
998,-684
997,-684
996,-684
995,-684
994,-684
993,-685
992,-685
991,-685
990,-685
989,-685
988,-685
987,-685
986,-686
985,-686
984,-687
983,-687
982,-687
981,-687
980,-687
979,-687
978,-687
977,-687
976,-687
975,-687
974,-687
973,-687
972,-688
971,-688
970,-688
969,-688
968,-688
967,-688
966,-688
965,-688
964,-688
963,-688
962,-688
961,-688
960,-688
959,-688
958,-688
957,-688
956,-688
955,-688
954,-688
953,-688
952,-688
951,-688
950,-688
949,-688
948,-688
947,-688
946,-688
945,-688
944,-688
943,-688
942,-688
941,-688
940,-688
939,-688
938,-688
937,-688
936,-688
935,-687
934,-687
933,-687
932,-687
931,-687
930,-686
929,-686
928,-685
927,-685
926,-685
925,-684
924,-684
923,-684
922,-683
921,-683
920,-682
919,-682
918,-681
917,-681
916,-681
915,-680
914,-679
913,-679
912,-678
911,-678
910,-677
909,-677
908,-676
907,-675
906,-675
905,-674
904,-673
903,-673
902,-672
901,-672
900,-672
899,-671
898,-670
897,-670
896,-670
895,-669
894,-669
893,-668
892,-668
891,-667
890,-666
889,-666
888,-666
887,-665
886,-664
885,-664
884,-664
883,-663
882,-663
881,-663
880,-662
879,-662
878,-661
877,-661
876,-661
875,-660
874,-660
873,-660
872,-659
871,-659
870,-659
869,-659
868,-659
867,-658
866,-657
865,-657
864,-656
863,-656
862,-656
861,-655
860,-655
859,-655
858,-655
857,-654
856,-654
855,-654
854,-653
853,-653
852,-653
851,-652
850,-652
849,-652
848,-651
847,-651
846,-651
845,-651
844,-651
843,-650
842,-650
841,-650
840,-649
839,-649
838,-649
837,-649
836,-648
835,-648
834,-648
833,-648
832,-648
831,-648
830,-647
829,-647
828,-647
827,-646
826,-646
825,-645
824,-645
823,-645
822,-645
821,-644
820,-644
819,-644
818,-644
817,-644
816,-644
815,-644
814,-644
813,-643
812,-643
811,-643
810,-643
809,-643
808,-642
807,-642
806,-641
805,-641
804,-641
803,-641
802,-641
801,-641
800,-641
799,-641
798,-640
797,-640
796,-640
795,-640
794,-640
793,-639
792,-639
791,-639
790,-639
789,-639
788,-639
787,-638
786,-638
785,-638
784,-638
783,-638
782,-637
781,-637
780,-637
779,-637
778,-637
777,-637
776,-636
775,-636
774,-636
773,-636
772,-636
771,-636
770,-636
769,-636
768,-636
767,-635
766,-635
765,-635
764,-635
763,-635
762,-635
761,-635
760,-635
759,-635
758,-635
757,-635
756,-635
755,-635
754,-635
753,-635
752,-635
751,-635
750,-635
749,-635
748,-634
747,-634
746,-634
745,-634
744,-634
743,-634
742,-634
741,-634
740,-634
739,-635
738,-635
737,-635
736,-635
735,-635
734,-635
733,-635
732,-636
731,-636
730,-636
729,-636
728,-636
727,-636
726,-636
725,-636
724,-636
723,-636
722,-636
721,-635
720,-635
719,-635
718,-635
717,-635
716,-636
715,-636
714,-636
713,-636
712,-636
711,-636
710,-636
709,-636
708,-636
707,-636
706,-636
705,-636
704,-636
703,-636
702,-636
701,-637
700,-637
699,-637
698,-637
697,-637
696,-637
695,-637
694,-637
693,-637
692,-638
691,-638
690,-638
689,-638
688,-638
687,-638
686,-638
685,-638
684,-638
683,-639
682,-639
681,-639
680,-639
679,-639
678,-639
677,-639
676,-639
675,-639
674,-639
673,-639
672,-640
671,-640
670,-640
669,-640
668,-640
667,-640
666,-640
665,-641
664,-641
663,-641
662,-641
661,-642
660,-642
659,-642
658,-642
657,-643
656,-643
655,-643
654,-644
653,-644
652,-644
651,-644
650,-644
649,-644
648,-644
647,-644
646,-644
645,-645
644,-645
643,-645
642,-645
641,-646
640,-646
639,-646
638,-647
637,-647
636,-647
635,-647
634,-648
633,-648
632,-648
631,-648
630,-648
629,-648
628,-649
627,-649
626,-649
626,-650
625,-651
624,-651
623,-651
622,-651
621,-651
620,-651
619,-651
618,-652
617,-652
616,-652
615,-653
614,-653
613,-653
612,-654
611,-654
610,-655
609,-655
609,-656
608,-657
607,-657
606,-657
605,-657
604,-657
603,-657
602,-657
601,-657
600,-657
599,-658
598,-658
597,-658
596,-658
595,-659
594,-659
593,-659
592,-660
591,-660
590,-660
589,-661
588,-662
587,-662
586,-662
585,-663
584,-664
583,-664
582,-664
581,-665
580,-665
579,-665
578,-666
577,-667
576,-667
575,-668
574,-668
573,-668
572,-669
571,-669
570,-670
569,-670
568,-671
567,-671
566,-672
565,-672
564,-673
563,-673
562,-674
561,-674
560,-675
559,-675
558,-676
557,-676
556,-677
555,-677
554,-678
553,-678
552,-679
551,-679
550,-680
549,-680
548,-680
547,-681
546,-681
545,-682
544,-682
543,-683
542,-683
541,-684
540,-684
539,-684
538,-685
537,-685
536,-686
535,-686
534,-687
533,-688
532,-688
531,-688
530,-689
529,-690
528,-691
527,-691
526,-692
525,-692
524,-692
523,-693
522,-693
521,-694
520,-695
519,-695
518,-696
517,-696
516,-697
515,-697
514,-698
513,-698
512,-699
511,-699
510,-700
509,-700
508,-700
507,-701
506,-702
505,-702
504,-703
503,-703
502,-704
501,-704
500,-705
499,-705
498,-706
497,-707
496,-707
495,-707
494,-708
493,-709
492,-709
491,-709
490,-710
489,-710
488,-711
487,-712
486,-712
485,-712
484,-713
483,-713
482,-714
481,-715
480,-716
479,-716
478,-717
477,-717
476,-718
475,-719
474,-719
473,-719
472,-720
471,-720
470,-721
469,-721
468,-722
467,-722
466,-723
465,-724
464,-724
463,-725
462,-725
461,-726
460,-726
459,-727
458,-728
457,-728
456,-729
455,-729
454,-730
453,-730
452,-731
451,-731
450,-732
449,-733
448,-734
447,-734
446,-735
445,-736
444,-736
443,-737
442,-738
441,-738
440,-738
439,-739
438,-739
437,-740
436,-740
435,-741
434,-742
433,-742
432,-743
431,-743
430,-744
429,-744
428,-745
427,-746
426,-746
425,-746
424,-747
423,-748
422,-749
421,-750
420,-750
419,-750
419,-751
418,-752
417,-752
416,-753
415,-753
415,-754
414,-755
413,-755
412,-756
411,-757
410,-758
409,-759
408,-759
407,-760
406,-761
405,-761
404,-762
403,-763
402,-764
401,-764
400,-765
399,-765
398,-765
397,-766
396,-766
395,-766
394,-766
393,-767
392,-767
391,-768
390,-768
389,-769
388,-769
387,-770
386,-771
385,-771
384,-772
383,-773
382,-773
381,-774
380,-774
380,-775
379,-776
378,-776
