487,-761
487,-762
487,-763
487,-764
487,-765
488,-766
489,-767
490,-768
491,-769
492,-769
493,-769
494,-769
495,-769
496,-769
497,-769
498,-770
498,-771
499,-771
500,-771
501,-771
502,-771
503,-771
504,-772
505,-773
506,-773
507,-773
508,-773
509,-774
510,-774
511,-774
512,-774
513,-774
514,-774
515,-775
516,-775
517,-775
518,-775
519,-775
520,-775
521,-775
522,-775
523,-775
524,-775
525,-776
526,-776
527,-776
528,-777
529,-777
530,-778
531,-778
532,-778
533,-778
534,-778
535,-779
535,-780
536,-780
537,-780
538,-780
539,-780
540,-781
540,-782
541,-782
542,-782
543,-782
544,-782
545,-782
546,-783
547,-783
548,-784
548,-785
549,-785
550,-785
551,-785
552,-786
553,-787
554,-787
555,-787
556,-788
557,-789
558,-789
559,-790
560,-790
561,-790
562,-791
563,-791
564,-791
565,-792
565,-793
566,-793
567,-794
568,-794
569,-794
570,-795
571,-795
572,-796
573,-797
574,-797
575,-798
576,-798
577,-799
578,-799
579,-800
580,-800
581,-801
582,-801
583,-802
584,-802
585,-803
586,-803
587,-803
588,-804
589,-804
590,-805
591,-805
592,-805
593,-805
594,-806
595,-807
596,-807
597,-808
598,-808
599,-808
600,-809
601,-809
602,-809
603,-810
604,-810
605,-810
606,-811
607,-812
608,-812
609,-813
610,-813
611,-813
612,-813
613,-814
614,-814
615,-815
616,-815
617,-815
618,-816
619,-816
620,-817
621,-817
622,-818
623,-818
624,-818
625,-819
626,-819
627,-819
628,-819
629,-819
629,-818
629,-817
629,-816
629,-815
630,-814
631,-814
632,-814
633,-815
634,-816
635,-816
636,-817
637,-818
638,-818
639,-819
640,-820
641,-820
642,-821
643,-822
644,-822
645,-823
646,-823
647,-824
648,-824
649,-824
650,-824
651,-824
652,-824
653,-824
654,-825
655,-825
656,-825
657,-825
658,-826
659,-826
660,-826
661,-826
662,-826
663,-826
664,-826
665,-826
666,-827
667,-827
668,-827
669,-827
670,-827
671,-827
672,-827
673,-827
674,-828
675,-828
676,-828
677,-828
678,-828
679,-828
680,-828
681,-828
682,-828
683,-828
684,-828
685,-828
686,-828
687,-828
688,-828
689,-828
690,-828
691,-828
692,-828
693,-828
694,-828
695,-828
696,-828
697,-828
698,-829
699,-829
700,-829
701,-829
702,-829
703,-829
704,-829
705,-829
706,-829
707,-829
708,-829
709,-829
710,-828
711,-828
712,-828
713,-828
714,-828
715,-828
716,-828
717,-828
718,-828
719,-828
720,-828
721,-828
722,-828
723,-828
724,-828
725,-828
726,-828
726,-827
727,-826
728,-826
729,-826
730,-826
731,-826
732,-826
733,-826
734,-825
735,-825
736,-825
737,-825
738,-825
739,-825
740,-824
741,-824
742,-824
743,-824
744,-824
745,-824
746,-823
747,-823
748,-822
749,-822
750,-822
751,-822
752,-822
753,-822
754,-822
755,-822
756,-821
757,-821
758,-821
759,-821
760,-821
761,-821
762,-821
763,-821
764,-821
765,-821
766,-821
767,-821
768,-820
769,-820
770,-819
771,-819
772,-819
773,-819
774,-819
775,-819
776,-819
777,-819
778,-818
779,-818
780,-818
781,-818
782,-818
783,-818
784,-818
785,-817
786,-817
787,-816
788,-816
789,-816
790,-816
791,-815
792,-815
793,-815
794,-815
795,-815
796,-815
797,-814
798,-814
799,-814
800,-813
801,-812
802,-812
803,-812
804,-812
805,-811
806,-810
807,-810
808,-810
809,-809
810,-808
811,-808
812,-808
813,-808
814,-808
815,-807
816,-807
817,-807
817,-806
817,-805
817,-804
817,-803
817,-802
818,-801
819,-801
820,-801
821,-801
822,-801
823,-801
824,-800
825,-799
826,-799
826,-798
827,-797
827,-796
827,-795
828,-794
829,-794
830,-793
831,-792
832,-791
833,-791
834,-791
835,-791
836,-791
837,-790
838,-790
839,-789
840,-788
841,-787
842,-787
843,-787
844,-786
845,-785
846,-785
847,-784
848,-784
848,-783
849,-782
850,-782
851,-782
852,-782
853,-781
854,-781
855,-781
856,-781
857,-781
858,-781
859,-780
860,-780
861,-780
862,-780
863,-780
864,-780
865,-780
866,-780
867,-780
868,-780
869,-780
870,-780
871,-780
872,-780
873,-780
874,-780
875,-780
876,-780
877,-780
878,-780
879,-780
880,-780
881,-780
882,-780
883,-780
884,-780
885,-779
886,-779
887,-779
888,-779
889,-778
890,-778
891,-778
892,-778
893,-778
894,-778
895,-778
896,-778
897,-779
898,-779
899,-779
900,-779
901,-779
902,-779
903,-779
904,-779
905,-779
906,-779
907,-778
908,-778
909,-778
910,-778
911,-778
912,-778
913,-778
914,-778
915,-778
916,-778
917,-778
918,-778
919,-778
920,-778
921,-778
922,-778
923,-778
924,-778
925,-778
926,-778
927,-778
928,-778
929,-779
930,-779
931,-779
932,-779
933,-779
934,-779
935,-779
936,-779
937,-779
938,-779
939,-779
940,-779
941,-779
942,-779
943,-779
944,-779
945,-779
946,-779
947,-779
948,-779
949,-779
950,-779
951,-779
952,-779
953,-779
954,-779
955,-779
956,-779
957,-779
958,-779
959,-779
960,-780
961,-780
962,-780
963,-780
964,-780
965,-780
966,-780
967,-780
968,-780
969,-780
970,-779
971,-779
972,-779
973,-779
974,-779
975,-779
976,-779
977,-779
978,-779
979,-779
980,-779
981,-779
982,-779
983,-779
984,-779
985,-779
986,-779
987,-779
988,-779
989,-779
990,-779
991,-779
992,-779
993,-779
994,-778
995,-778
996,-778
997,-778
998,-778
999,-778
1000,-778
1001,-778
1002,-778
1003,-778
1004,-778
1005,-778
1006,-778
1007,-778
1008,-778
1009,-778
1010,-777
1010,-776
1010,-775
1011,-774
1012,-774
1013,-773
1013,-772
1014,-771
1014,-770
1014,-769
1014,-768
1014,-767
1014,-766
1014,-765
1013,-764
1013,-763
1013,-762
1012,-762
1011,-762
1010,-762
1009,-761
1008,-761
1007,-761
1006,-761
1005,-761
1004,-760
1003,-760
1002,-760
1001,-760
1000,-760
999,-759
998,-759
997,-759
996,-759
995,-759
994,-758
993,-758
992,-758
991,-758
990,-758
990,-759
989,-760
988,-760
987,-760
986,-760
985,-760
984,-761
983,-761
982,-761
981,-761
980,-761
979,-761
978,-761
977,-761
976,-760
976,-759
976,-758
975,-758
974,-758
973,-758
972,-758
971,-758
970,-758
969,-758
968,-758
967,-758
966,-759
965,-759
964,-759
963,-759
962,-759
961,-759
960,-759
959,-759
958,-759
957,-759
956,-759
955,-759
954,-759
953,-759
952,-759
951,-759
950,-759
949,-759
948,-759
947,-759
946,-759
945,-759
944,-759
943,-759
942,-759
941,-759
940,-759
939,-758
938,-758
937,-757
936,-757
935,-756
935,-755
935,-754
935,-753
936,-752
937,-752
938,-752
938,-751
938,-750
938,-749
938,-748
938,-747
938,-746
938,-745
937,-745
936,-745
935,-745
934,-745
933,-745
932,-745
931,-745
930,-745
929,-744
928,-744
927,-744
926,-744
925,-743
924,-743
923,-743
922,-743
921,-743
920,-743
919,-742
918,-742
917,-742
916,-742
915,-742
914,-742
913,-742
912,-742
911,-742
910,-742
909,-742
908,-742
907,-742
906,-741
905,-741
904,-741
903,-741
902,-741
901,-741
900,-741
899,-741
898,-741
897,-740
896,-740
895,-740
894,-739
893,-739
892,-739
891,-739
890,-738
889,-738
888,-738
887,-738
886,-738
885,-738
884,-738
883,-738
882,-737
881,-737
880,-737
879,-736
878,-736
877,-736
876,-736
875,-736
874,-736
873,-736
872,-736
871,-736
870,-736
869,-735
869,-734
868,-734
867,-734
866,-734
865,-733
864,-733
863,-732
862,-732
861,-732
860,-732
859,-731
858,-730
857,-730
856,-729
855,-728
854,-728
853,-728
852,-727
851,-727
850,-726
849,-725
848,-724
847,-723
846,-723
845,-722
844,-721
843,-720
842,-720
841,-719
840,-718
839,-718
838,-717
837,-716
836,-716
835,-715
834,-714
833,-713
832,-713
831,-712
830,-712
829,-711
828,-710
827,-709
826,-709
825,-708
824,-708
823,-707
822,-706
821,-705
820,-705
819,-704
818,-704
817,-703
817,-702
816,-702
815,-701
814,-701
813,-700
812,-700
811,-700
810,-700
809,-700
808,-699
807,-698
807,-697
806,-697
805,-697
804,-696
803,-695
802,-694
801,-694
800,-693
799,-692
798,-692
797,-692
796,-691
795,-691
794,-691
793,-690
792,-690
791,-690
790,-689
789,-688
788,-688
787,-688
786,-687
785,-687
784,-686
784,-685
783,-685
782,-685
781,-685
780,-685
779,-685
778,-685
777,-685
776,-684
775,-684
774,-684
773,-684
772,-683
772,-682
771,-681
770,-681
769,-681
768,-681
767,-681
766,-681
765,-681
764,-681
763,-681
762,-681
761,-680
761,-679
760,-679
759,-679
758,-679
757,-679
756,-678
755,-678
754,-678
753,-678
752,-678
751,-677
750,-677
749,-677
748,-677
747,-677
746,-677
745,-677
744,-677
743,-677
742,-676
741,-676
740,-676
739,-676
738,-676
737,-676
736,-676
735,-676
734,-675
733,-675
732,-675
731,-675
730,-675
729,-675
728,-675
727,-675
726,-675
725,-675
724,-675
723,-675
722,-675
721,-674
720,-674
719,-674
718,-674
717,-674
716,-674
715,-674
714,-674
713,-674
712,-674
711,-674
710,-674
709,-674
708,-674
707,-674
706,-674
705,-674
704,-674
703,-674
702,-674
701,-674
700,-674
699,-674
698,-674
697,-673
696,-673
695,-673
694,-673
693,-673
692,-673
691,-673
690,-673
689,-673
688,-673
687,-673
686,-673
685,-673
684,-673
683,-673
682,-673
681,-673
680,-673
679,-673
678,-673
677,-673
676,-673
675,-673
674,-673
673,-673
672,-673
671,-673
670,-673
669,-673
668,-673
667,-673
666,-673
665,-673
664,-673
663,-673
662,-674
661,-674
660,-674
659,-675
658,-675
657,-675
656,-676
655,-676
654,-676
653,-676
652,-676
651,-676
650,-677
649,-677
648,-677
647,-677
646,-677
645,-677
644,-678
643,-678
642,-678
641,-678
640,-678
639,-679
638,-679
637,-679
636,-679
635,-679
634,-679
633,-679
632,-680
631,-680
630,-680
629,-680
628,-681
627,-681
626,-681
625,-681
624,-681
623,-681
622,-682
621,-682
620,-682
619,-682
618,-682
617,-683
616,-683
615,-684
614,-684
613,-685
612,-685
611,-685
610,-686
609,-686
608,-687
607,-687
606,-687
605,-688
604,-688
603,-688
602,-689
601,-689
600,-689
599,-689
598,-689
597,-690
596,-690
595,-690
594,-691
593,-691
592,-692
591,-692
590,-692
589,-692
588,-693
587,-693
586,-694
585,-694
584,-694
583,-695
582,-695
581,-696
580,-696
579,-697
578,-697
577,-697
576,-697
575,-697
574,-698
573,-698
572,-698
571,-699
570,-699
569,-699
568,-700
567,-700
566,-701
565,-701
564,-701
563,-702
562,-702
561,-703
560,-703
559,-704
558,-704
557,-704
556,-705
555,-705
554,-706
553,-706
552,-707
551,-707
550,-708
549,-708
548,-709
547,-709
546,-710
545,-711
544,-712
543,-713
542,-713
541,-713
540,-714
539,-714
538,-714
537,-715
536,-716
535,-716
534,-717
533,-717
532,-718
531,-719
530,-719
529,-720
528,-720
527,-721
526,-721
526,-722
526,-723
526,-724
526,-725
525,-726
524,-726
523,-726
522,-726
521,-726
520,-726
519,-726
518,-726
517,-727
516,-728
515,-728
514,-728
513,-729
512,-730
511,-730
510,-730
509,-731
508,-732
507,-732
506,-733
505,-734
504,-734
503,-735
502,-735
501,-736
500,-736
499,-736
498,-737
497,-738
496,-739
495,-740
494,-741
494,-742
494,-743
494,-744
494,-745
495,-746
496,-747
496,-748
496,-749
496,-750
495,-751
494,-752
494,-753
494,-754
493,-755
492,-755
491,-756
490,-756
490,-757
489,-758
488,-758
488,-759
488,-760
487,-761
