509,-1019
509,-1020
509,-1021
509,-1022
509,-1023
509,-1024
509,-1025
509,-1026
509,-1027
509,-1028
509,-1029
509,-1030
509,-1031
509,-1032
509,-1033
509,-1034
510,-1035
510,-1036
510,-1037
510,-1038
510,-1039
510,-1040
511,-1041
511,-1042
511,-1043
511,-1044
511,-1045
511,-1046
512,-1047
512,-1048
512,-1049
513,-1050
513,-1051
513,-1052
514,-1053
515,-1054
516,-1054
517,-1054
518,-1054
519,-1054
520,-1053
521,-1053
522,-1053
523,-1052
524,-1052
524,-1051
525,-1050
526,-1049
527,-1049
528,-1048
529,-1047
529,-1046
530,-1045
531,-1044
532,-1043
533,-1042
534,-1041
535,-1040
535,-1039
536,-1038
537,-1038
537,-1037
538,-1036
539,-1035
540,-1035
541,-1034
542,-1033
543,-1033
544,-1032
545,-1031
546,-1031
547,-1030
548,-1030
549,-1030
550,-1029
551,-1029
552,-1029
553,-1029
554,-1029
555,-1029
556,-1029
557,-1029
558,-1028
559,-1028
560,-1027
561,-1027
562,-1026
563,-1026
564,-1025
565,-1025
566,-1024
567,-1024
568,-1024
569,-1023
570,-1023
571,-1022
572,-1021
573,-1021
574,-1020
575,-1019
576,-1019
577,-1019
578,-1018
579,-1018
580,-1017
581,-1016
582,-1016
583,-1015
584,-1015
585,-1014
586,-1013
587,-1013
588,-1012
589,-1011
590,-1011
591,-1011
592,-1010
593,-1010
594,-1009
595,-1009
595,-1008
596,-1007
597,-1007
598,-1006
599,-1006
600,-1005
601,-1005
602,-1004
603,-1004
604,-1003
605,-1003
605,-1002
606,-1001
606,-1000
607,-999
608,-999
609,-999
610,-998
611,-997
612,-996
613,-996
614,-996
615,-995
616,-994
617,-993
618,-993
619,-992
620,-992
621,-991
622,-991
623,-990
624,-990
625,-990
626,-989
627,-988
628,-988
629,-987
630,-986
631,-986
631,-985
632,-984
633,-984
634,-984
634,-983
635,-982
636,-981
637,-981
638,-980
639,-979
640,-978
641,-978
642,-977
643,-976
644,-976
645,-976
646,-976
647,-976
647,-975
647,-974
648,-973
649,-973
650,-972
651,-972
652,-971
653,-970
654,-969
655,-968
656,-968
657,-967
658,-967
659,-966
660,-965
661,-965
662,-965
663,-965
664,-965
665,-965
665,-964
665,-963
666,-962
667,-962
667,-961
667,-960
668,-959
669,-959
670,-959
671,-958
671,-957
672,-956
673,-956
674,-955
675,-955
676,-954
677,-954
678,-953
679,-952
680,-951
681,-951
682,-950
682,-949
682,-948
682,-947
682,-946
682,-945
683,-944
683,-943
683,-942
684,-941
685,-941
686,-940
687,-940
688,-940
689,-941
689,-942
690,-942
691,-942
692,-942
693,-942
694,-941
695,-941
695,-940
696,-939
697,-939
698,-939
699,-938
699,-937
699,-936
700,-935
701,-934
702,-934
703,-934
704,-934
705,-933
706,-932
707,-932
708,-931
709,-930
709,-929
709,-928
710,-927
711,-927
712,-927
713,-927
714,-926
715,-926
715,-925
716,-924
717,-924
717,-923
718,-922
719,-921
720,-921
721,-921
722,-920
723,-919
724,-918
725,-918
725,-917
726,-916
727,-916
727,-915
728,-914
729,-913
729,-912
729,-911
729,-910
729,-909
729,-908
729,-907
730,-906
731,-905
732,-904
733,-904
734,-904
735,-905
736,-905
737,-905
738,-905
739,-905
739,-904
739,-903
740,-902
741,-902
742,-902
743,-901
744,-900
744,-899
744,-898
745,-897
746,-897
747,-897
747,-896
748,-895
749,-894
750,-893
751,-892
752,-891
753,-890
754,-889
755,-888
756,-887
757,-886
758,-885
759,-884
759,-883
760,-882
761,-881
762,-880
763,-879
764,-878
764,-877
765,-876
765,-875
766,-874
767,-873
768,-873
768,-872
768,-871
769,-870
770,-870
771,-870
771,-869
771,-868
771,-867
772,-866
773,-866
774,-865
774,-864
775,-863
776,-863
777,-863
778,-862
778,-861
779,-860
780,-860
780,-859
780,-858
781,-857
782,-857
782,-856
783,-855
784,-854
785,-854
785,-853
785,-852
785,-851
786,-850
787,-849
788,-848
788,-847
788,-846
789,-845
790,-845
791,-845
791,-844
792,-843
792,-842
793,-841
794,-840
794,-839
795,-838
795,-837
796,-836
797,-835
798,-834
798,-833
799,-832
800,-831
800,-830
801,-829
801,-828
801,-827
802,-826
802,-825
803,-824
804,-823
805,-822
806,-821
806,-820
806,-819
806,-818
807,-817
808,-816
808,-815
809,-814
810,-813
811,-812
812,-812
812,-811
812,-810
812,-809
812,-808
813,-807
814,-807
815,-807
816,-807
817,-806
817,-805
818,-804
818,-803
818,-802
818,-801
818,-800
819,-799
819,-798
819,-797
820,-796
821,-796
822,-795
822,-794
822,-793
823,-792
823,-791
824,-790
825,-790
825,-789
825,-788
825,-787
825,-786
825,-785
826,-784
827,-783
828,-782
829,-782
829,-781
829,-780
829,-779
829,-778
830,-777
830,-776
830,-775
831,-774
832,-773
833,-772
833,-771
833,-770
834,-769
835,-768
835,-767
835,-766
835,-765
836,-764
837,-764
837,-763
837,-762
837,-761
838,-760
838,-759
839,-758
839,-757
839,-756
839,-755
840,-754
841,-753
841,-752
841,-751
841,-750
842,-749
843,-748
843,-747
843,-746
844,-745
844,-744
845,-743
845,-742
846,-741
846,-740
846,-739
846,-738
847,-737
847,-736
847,-735
848,-734
848,-733
848,-732
849,-731
849,-730
849,-729
849,-728
850,-727
850,-726
850,-725
851,-724
851,-723
851,-722
851,-721
851,-720
851,-719
851,-718
852,-717
853,-717
853,-716
853,-715
854,-714
854,-713
854,-712
854,-711
854,-710
855,-709
855,-708
856,-707
856,-706
857,-705
857,-704
857,-703
857,-702
858,-701
858,-700
858,-699
858,-698
859,-697
859,-696
859,-695
860,-694
860,-693
860,-692
860,-691
860,-690
861,-689
861,-688
861,-687
861,-686
861,-685
861,-684
861,-683
861,-682
861,-681
861,-680
862,-679
862,-678
862,-677
863,-676
863,-675
863,-674
863,-673
863,-672
864,-671
864,-670
864,-669
864,-668
864,-667
865,-666
865,-665
865,-664
865,-663
865,-662
866,-661
866,-660
866,-659
866,-658
866,-657
866,-656
866,-655
866,-654
866,-653
866,-652
866,-651
866,-650
866,-649
866,-648
867,-647
867,-646
867,-645
867,-644
867,-643
867,-642
867,-641
867,-640
867,-639
867,-638
867,-637
867,-636
867,-635
867,-634
867,-633
867,-632
867,-631
867,-630
867,-629
867,-628
868,-627
868,-626
868,-625
868,-624
869,-623
869,-622
869,-621
870,-620
870,-619
870,-618
870,-617
870,-616
871,-615
871,-614
872,-613
873,-612
874,-611
875,-611
876,-610
877,-610
877,-609
878,-608
879,-608
880,-608
881,-608
882,-608
883,-607
884,-607
885,-607
886,-607
887,-607
888,-606
889,-605
890,-605
891,-605
892,-604
892,-603
892,-602
893,-601
894,-601
895,-601
896,-601
897,-601
898,-601
898,-600
899,-599
900,-599
901,-598
901,-597
901,-596
902,-595
902,-594
903,-593
904,-593
904,-592
904,-591
904,-590
905,-589
906,-588
907,-588
908,-588
908,-587
908,-586
908,-585
908,-584
909,-583
909,-582
910,-581
911,-580
912,-579
913,-579
914,-579
915,-579
916,-579
917,-579
917,-578
917,-577
917,-576
917,-575
917,-574
917,-573
917,-572
917,-571
917,-570
917,-569
917,-568
918,-567
919,-567
920,-567
921,-567
921,-566
921,-565
922,-564
923,-564
924,-563
925,-562
926,-562
927,-561
928,-560
929,-560
930,-560
930,-559
931,-558
931,-557
932,-556
933,-556
934,-555
935,-555
936,-555
937,-555
937,-554
938,-553
939,-553
940,-552
941,-552
942,-552
942,-551
942,-550
942,-549
943,-548
944,-547
945,-547
946,-546
947,-546
947,-545
948,-544
949,-543
950,-542
951,-542
952,-541
952,-540
953,-539
954,-538
955,-537
956,-537
957,-537
957,-536
957,-535
957,-534
958,-533
959,-533
960,-533
961,-533
962,-532
963,-532
963,-531
964,-530
965,-529
966,-528
967,-528
968,-528
968,-527
969,-526
970,-526
971,-526
972,-526
973,-526
973,-525
973,-524
974,-523
975,-523
976,-523
977,-523
978,-522
979,-521
979,-520
980,-519
981,-519
982,-518
982,-517
982,-516
982,-515
982,-514
982,-513
983,-512
984,-511
984,-510
984,-509
984,-508
984,-507
984,-506
984,-505
984,-504
984,-503
984,-502
984,-501
984,-500
983,-499
983,-498
982,-497
981,-496
981,-495
981,-494
980,-493
980,-492
980,-491
981,-490
981,-489
981,-488
981,-487
982,-486
983,-486
984,-486
985,-485
986,-485
987,-484
988,-484
988,-483
989,-482
990,-481
991,-480
991,-479
992,-478
992,-477
992,-476
992,-475
992,-474
991,-473
991,-472
990,-471
989,-470
988,-469
987,-469
986,-468
985,-467
984,-467
983,-466
982,-465
981,-464
980,-464
979,-463
978,-462
977,-462
976,-461
975,-460
974,-459
973,-458
972,-458
971,-457
971,-456
970,-456
969,-455
968,-454
967,-453
966,-453
965,-452
964,-451
963,-450
962,-449
961,-449
960,-448
959,-448
958,-448
957,-448
956,-448
955,-448
955,-449
954,-450
953,-451
952,-452
951,-453
950,-454
949,-455
948,-456
947,-457
946,-458
945,-458
945,-459
944,-460
943,-460
943,-461
942,-462
941,-462
940,-463
939,-464
938,-465
937,-466
936,-467
935,-468
934,-468
933,-469
932,-470
932,-471
931,-472
930,-472
929,-473
928,-474
927,-475
926,-475
925,-476
924,-477
923,-478
922,-479
922,-480
922,-481
922,-482
922,-483
922,-484
921,-485
920,-485
919,-485
918,-485
917,-485
916,-485
915,-486
914,-487
913,-488
912,-489
911,-490
910,-490
909,-491
908,-492
908,-493
907,-494
906,-494
905,-494
904,-495
903,-496
902,-497
901,-498
900,-498
899,-499
898,-500
897,-500
897,-501
897,-502
896,-503
895,-503
894,-503
893,-504
893,-505
892,-506
891,-506
890,-507
889,-507
888,-508
887,-509
886,-510
885,-511
884,-512
883,-513
882,-514
881,-515
880,-515
879,-516
878,-517
877,-517
876,-518
875,-519
874,-520
873,-521
872,-521
871,-522
870,-523
869,-523
868,-524
867,-525
866,-526
865,-527
864,-528
863,-528
862,-529
861,-530
860,-530
859,-531
858,-532
857,-533
856,-533
855,-534
854,-535
853,-535
852,-536
851,-537
850,-538
849,-538
848,-539
847,-540
846,-541
845,-541
844,-542
843,-543
842,-543
841,-544
840,-544
839,-545
838,-546
837,-547
836,-547
835,-548
834,-548
833,-549
832,-549
831,-550
830,-551
829,-552
828,-552
827,-552
826,-553
825,-554
824,-554
823,-555
822,-555
821,-556
820,-557
819,-557
818,-558
817,-558
816,-559
815,-559
814,-560
813,-560
812,-560
811,-561
810,-561
809,-561
808,-562
807,-562
806,-562
805,-562
804,-563
803,-563
802,-563
801,-564
800,-564
799,-564
798,-564
797,-565
796,-565
795,-565
794,-565
793,-566
792,-566
791,-567
790,-567
789,-567
788,-567
787,-567
786,-568
785,-568
784,-568
783,-568
782,-568
781,-569
780,-569
779,-569
778,-570
777,-570
776,-570
775,-570
774,-571
773,-571
772,-571
771,-572
770,-572
769,-572
768,-573
767,-573
766,-573
765,-573
764,-573
763,-574
762,-574
761,-575
760,-575
759,-575
758,-575
757,-576
756,-576
755,-576
754,-577
753,-577
752,-577
751,-578
750,-578
749,-579
748,-579
747,-579
746,-579
745,-580
744,-580
743,-581
742,-581
741,-581
740,-582
739,-582
738,-583
737,-583
736,-583
735,-584
734,-584
733,-585
732,-585
731,-586
730,-586
729,-587
728,-587
727,-588
726,-588
725,-588
724,-589
723,-589
722,-590
721,-590
720,-591
719,-591
718,-592
717,-592
716,-593
715,-594
714,-594
713,-595
712,-595
711,-596
710,-596
709,-597
708,-597
707,-598
706,-599
705,-599
704,-599
704,-600
703,-601
702,-601
701,-602
700,-603
699,-603
698,-604
697,-604
696,-605
695,-606
694,-607
693,-607
692,-608
691,-608
690,-609
689,-610
688,-611
687,-611
686,-612
685,-613
684,-613
683,-614
682,-615
681,-616
680,-616
680,-617
679,-618
678,-618
677,-619
676,-620
676,-621
675,-622
674,-622
673,-623
672,-624
671,-625
670,-626
669,-627
668,-628
667,-629
666,-630
665,-631
664,-632
663,-633
662,-634
661,-635
660,-635
659,-636
659,-637
658,-638
657,-638
656,-639
656,-640
655,-641
654,-641
654,-642
653,-643
652,-644
651,-645
650,-646
649,-647
648,-648
647,-649
646,-650
645,-651
644,-652
644,-653
643,-654
642,-655
641,-655
641,-656
640,-657
640,-658
639,-659
638,-660
637,-661
636,-662
636,-663
635,-664
634,-665
633,-666
633,-667
632,-668
631,-669
630,-670
630,-671
629,-672
628,-672
628,-673
627,-674
626,-675
626,-676
625,-677
625,-678
624,-679
624,-680
623,-681
622,-682
621,-683
621,-684
620,-685
619,-686
619,-687
618,-688
617,-689
617,-690
616,-691
616,-692
615,-693
615,-694
614,-695
613,-696
612,-697
612,-698
612,-699
611,-700
610,-701
609,-702
609,-703
609,-704
608,-705
607,-706
606,-707
606,-708
605,-709
605,-710
604,-711
604,-712
603,-713
603,-714
602,-715
601,-716
601,-717
601,-718
600,-719
600,-720
599,-721
598,-722
598,-723
597,-724
597,-725
596,-726
596,-727
596,-728
595,-729
594,-730
594,-731
593,-732
593,-733
593,-734
592,-735
591,-736
591,-737
590,-738
590,-739
589,-740
589,-741
588,-742
588,-743
588,-744
587,-745
586,-746
585,-747
585,-748
585,-749
584,-750
584,-751
583,-752
583,-753
583,-754
582,-755
581,-756
581,-757
581,-758
580,-759
580,-760
580,-761
579,-762
579,-763
578,-764
577,-765
577,-766
577,-767
577,-768
576,-769
576,-770
576,-771
575,-772
574,-773
574,-774
573,-775
573,-776
573,-777
572,-778
572,-779
572,-780
571,-781
571,-782
570,-783
570,-784
570,-785
570,-786
569,-787
568,-788
568,-789
568,-790
567,-791
567,-792
567,-793
566,-794
566,-795
565,-796
565,-797
565,-798
564,-799
564,-800
564,-801
563,-802
563,-803
563,-804
562,-805
562,-806
561,-807
561,-808
561,-809
560,-810
560,-811
560,-812
559,-813
559,-814
558,-815
558,-816
558,-817
557,-818
557,-819
557,-820
557,-821
556,-822
556,-823
556,-824
556,-825
555,-826
555,-827
555,-828
554,-829
554,-830
553,-831
553,-832
553,-833
553,-834
553,-835
553,-836
552,-837
552,-838
552,-839
552,-840
551,-841
551,-842
551,-843
550,-844
550,-845
550,-846
549,-847
549,-848
549,-849
549,-850
549,-851
549,-852
548,-853
548,-854
548,-855
548,-856
548,-857
547,-858
547,-859
547,-860
546,-861
546,-862
546,-863
545,-864
545,-865
545,-866
545,-867
545,-868
545,-869
544,-870
544,-871
544,-872
544,-873
544,-874
543,-875
543,-876
543,-877
543,-878
542,-879
542,-880
542,-881
542,-882
541,-883
541,-884
541,-885
541,-886
540,-887
540,-888
540,-889
540,-890
540,-891
540,-892
539,-893
539,-894
538,-895
538,-896
538,-897
538,-898
537,-899
537,-900
537,-901
537,-902
537,-903
537,-904
536,-905
536,-906
536,-907
536,-908
536,-909
535,-910
535,-911
535,-912
534,-913
534,-914
534,-915
534,-916
533,-917
533,-918
533,-919
533,-920
532,-921
532,-922
532,-923
532,-924
532,-925
532,-926
532,-927
531,-928
531,-929
531,-930
530,-931
530,-932
530,-933
529,-934
529,-935
529,-936
528,-937
528,-938
528,-939
528,-940
528,-941
527,-942
527,-943
527,-944
526,-945
526,-946
526,-947
525,-948
525,-949
525,-950
525,-951
524,-952
524,-953
524,-954
524,-955
524,-956
524,-957
523,-958
523,-959
522,-960
522,-961
522,-962
522,-963
522,-964
521,-965
521,-966
521,-967
520,-968
520,-969
520,-970
520,-971
519,-972
519,-973
519,-974
519,-975
519,-976
519,-977
518,-978
518,-979
517,-980
517,-981
517,-982
517,-983
517,-984
516,-985
516,-986
516,-987
516,-988
515,-989
515,-990
515,-991
514,-992
514,-993
514,-994
514,-995
514,-996
513,-997
513,-998
513,-999
513,-1000
513,-1001
512,-1002
512,-1003
512,-1004
511,-1005
511,-1006
511,-1007
511,-1008
511,-1009
511,-1010
511,-1011
510,-1012
510,-1013
510,-1014
510,-1015
510,-1016
510,-1017
510,-1018
509,-1019
