484,-718
484,-719
484,-720
484,-721
484,-722
484,-723
484,-724
484,-725
484,-726
484,-727
485,-727
486,-728
487,-729
487,-730
487,-731
487,-732
487,-733
487,-734
487,-735
487,-736
487,-737
487,-738
488,-738
489,-738
490,-739
491,-739
492,-740
493,-740
494,-740
495,-741
496,-741
497,-741
498,-742
498,-743
498,-744
499,-744
500,-744
501,-744
502,-744
503,-744
504,-744
505,-745
505,-746
506,-746
507,-746
508,-746
509,-746
510,-746
511,-746
512,-746
513,-746
514,-746
515,-746
516,-746
517,-746
518,-746
519,-746
520,-746
521,-747
522,-747
523,-747
524,-747
525,-747
526,-747
527,-747
528,-747
529,-747
530,-747
530,-746
531,-745
532,-745
533,-745
534,-746
535,-746
536,-746
537,-746
538,-746
539,-746
540,-745
541,-745
542,-745
543,-745
544,-745
545,-745
546,-745
547,-745
548,-745
549,-745
550,-745
551,-745
552,-745
553,-745
554,-745
555,-746
556,-746
557,-746
558,-746
559,-746
560,-745
561,-745
562,-744
563,-744
564,-744
565,-744
566,-744
567,-744
568,-744
569,-744
570,-744
571,-744
572,-744
573,-744
574,-744
575,-744
576,-744
577,-744
578,-744
579,-744
580,-744
581,-744
582,-745
583,-745
584,-745
585,-745
586,-745
587,-745
588,-745
589,-745
590,-745
591,-746
592,-746
593,-746
594,-746
595,-746
596,-746
597,-746
598,-747
599,-747
600,-747
601,-747
602,-747
603,-747
604,-747
605,-747
606,-748
607,-748
608,-748
609,-748
610,-748
611,-749
612,-749
613,-749
614,-749
615,-749
616,-749
617,-750
618,-750
619,-750
620,-750
621,-751
622,-751
623,-751
624,-751
625,-751
626,-751
627,-752
628,-752
629,-752
630,-752
631,-752
632,-753
633,-753
634,-753
635,-753
636,-754
637,-754
638,-754
639,-754
640,-754
641,-754
642,-755
643,-755
644,-755
645,-755
646,-755
647,-756
648,-756
649,-757
650,-757
651,-757
652,-757
653,-758
654,-758
655,-758
656,-759
657,-759
658,-759
659,-760
660,-760
661,-760
662,-761
663,-761
664,-762
665,-762
666,-762
667,-762
668,-763
669,-763
670,-764
671,-765
672,-766
673,-766
674,-766
675,-767
676,-768
677,-769
678,-770
679,-770
680,-770
681,-771
682,-772
683,-773
684,-774
685,-775
686,-775
687,-776
688,-777
689,-777
690,-778
691,-779
691,-780
692,-780
693,-780
694,-781
695,-782
696,-783
696,-784
697,-784
698,-785
699,-786
700,-787
701,-788
702,-788
703,-789
703,-790
704,-790
705,-791
706,-792
707,-793
708,-794
709,-795
710,-796
711,-797
712,-798
713,-798
714,-799
715,-800
716,-801
717,-801
718,-802
719,-802
720,-803
721,-804
722,-804
723,-805
724,-806
725,-806
726,-807
727,-807
728,-807
729,-808
730,-808
731,-809
732,-809
733,-810
734,-810
735,-811
736,-812
737,-812
738,-812
739,-812
740,-813
741,-813
742,-813
743,-813
744,-813
745,-814
746,-814
747,-815
748,-815
749,-815
750,-816
751,-816
752,-816
753,-817
754,-817
755,-817
756,-817
757,-818
758,-818
759,-818
760,-819
761,-819
762,-819
763,-819
764,-820
765,-820
766,-820
767,-820
768,-821
769,-821
770,-821
771,-821
772,-821
773,-821
774,-821
775,-822
776,-823
777,-823
778,-823
779,-824
780,-824
781,-824
782,-824
783,-824
784,-825
785,-825
786,-825
787,-825
788,-825
789,-826
790,-826
791,-826
792,-826
793,-826
794,-826
795,-827
796,-827
797,-827
798,-827
799,-828
800,-828
801,-828
802,-828
803,-828
804,-828
805,-828
806,-828
807,-828
808,-829
809,-829
810,-829
811,-829
812,-829
813,-829
814,-829
815,-829
816,-829
817,-829
818,-829
819,-829
820,-829
821,-829
822,-829
823,-830
824,-830
825,-830
826,-830
827,-830
828,-829
829,-829
830,-829
831,-829
832,-829
833,-829
834,-829
835,-829
836,-829
837,-829
838,-828
839,-828
840,-828
841,-828
842,-828
843,-828
844,-828
845,-827
846,-827
847,-827
848,-827
849,-827
850,-827
851,-826
852,-826
853,-826
854,-826
855,-826
856,-826
857,-825
858,-825
859,-825
860,-825
861,-825
862,-825
863,-825
864,-825
865,-825
866,-825
867,-824
868,-824
869,-824
870,-824
871,-823
872,-823
873,-823
874,-822
875,-822
876,-822
877,-822
878,-822
879,-822
880,-821
881,-821
882,-820
883,-820
884,-820
885,-820
886,-820
886,-819
887,-818
888,-818
889,-818
890,-817
891,-817
892,-817
893,-816
894,-816
895,-816
896,-815
897,-815
898,-814
899,-814
900,-814
901,-814
902,-813
903,-813
904,-813
905,-813
906,-812
907,-812
908,-812
909,-811
910,-810
911,-810
912,-810
913,-809
914,-809
915,-809
916,-808
917,-808
918,-808
919,-807
920,-807
921,-806
922,-806
923,-805
924,-805
925,-805
926,-804
927,-804
928,-803
929,-802
930,-802
931,-802
932,-802
933,-801
934,-801
935,-801
936,-801
936,-800
937,-799
938,-798
939,-798
940,-798
941,-797
942,-797
943,-797
944,-797
945,-796
946,-795
947,-795
948,-794
949,-794
950,-793
951,-793
952,-792
953,-792
954,-792
955,-791
956,-791
957,-791
958,-791
959,-790
960,-790
961,-789
962,-789
963,-789
964,-789
965,-788
966,-787
967,-787
968,-787
969,-787
970,-787
971,-786
972,-786
973,-786
974,-785
975,-784
976,-784
977,-783
978,-783
979,-782
980,-781
981,-781
982,-781
983,-781
984,-781
985,-780
986,-779
987,-779
988,-779
989,-778
990,-778
991,-777
992,-777
993,-776
994,-776
995,-776
996,-775
997,-775
998,-775
999,-775
1000,-774
1001,-774
1002,-773
1003,-773
1004,-773
1005,-772
1006,-771
1007,-771
1008,-771
1009,-770
1010,-769
1011,-769
1012,-769
1013,-769
1014,-769
1014,-768
1014,-767
1015,-766
1016,-765
1017,-765
1017,-764
1017,-763
1017,-762
1017,-761
1016,-760
1016,-759
1015,-758
1015,-757
1015,-756
1014,-755
1014,-754
1013,-753
1012,-752
1011,-751
1010,-750
1009,-749
1008,-749
1007,-748
1006,-747
1005,-746
1004,-745
1003,-744
1002,-744
1001,-743
1001,-742
1000,-742
999,-741
998,-740
997,-739
996,-739
995,-738
995,-737
994,-737
993,-736
993,-735
992,-735
991,-734
990,-733
989,-732
988,-731
987,-731
986,-730
985,-730
984,-729
983,-728
982,-728
981,-727
980,-727
979,-726
978,-725
977,-724
976,-724
975,-723
974,-723
973,-722
972,-722
971,-721
970,-721
969,-720
968,-719
967,-719
966,-718
965,-717
964,-717
963,-716
962,-716
961,-715
960,-715
959,-715
958,-714
957,-713
956,-713
955,-712
954,-712
953,-711
952,-711
951,-711
950,-710
949,-710
948,-709
947,-708
946,-708
945,-707
944,-707
943,-707
942,-706
941,-705
940,-705
939,-705
938,-704
937,-704
936,-703
935,-703
934,-703
933,-703
932,-702
931,-701
930,-701
929,-700
928,-700
927,-700
926,-699
925,-699
924,-699
923,-698
922,-697
921,-697
920,-696
919,-696
918,-696
917,-696
916,-695
915,-695
914,-695
913,-694
912,-694
911,-693
910,-693
909,-693
908,-692
907,-692
906,-692
905,-691
904,-691
903,-691
902,-691
901,-690
900,-690
899,-689
899,-688
898,-688
897,-688
896,-688
895,-687
894,-687
893,-687
892,-687
891,-686
890,-685
889,-685
888,-684
887,-684
886,-684
885,-683
884,-683
883,-683
882,-683
881,-683
880,-683
879,-682
878,-682
877,-681
876,-681
875,-681
874,-680
873,-680
872,-680
871,-680
870,-680
869,-679
868,-679
867,-679
866,-679
865,-679
864,-679
863,-678
862,-678
861,-678
860,-678
859,-677
858,-677
857,-677
856,-677
855,-676
854,-676
853,-676
852,-676
851,-676
850,-676
849,-676
848,-676
847,-676
846,-676
845,-676
844,-676
843,-675
842,-675
841,-675
840,-675
839,-674
838,-674
837,-674
836,-674
835,-674
834,-674
833,-673
832,-673
831,-673
830,-673
829,-673
828,-673
827,-673
826,-673
825,-672
824,-672
823,-672
822,-672
821,-672
820,-672
819,-672
818,-672
817,-672
816,-672
815,-672
814,-672
813,-672
812,-672
811,-672
810,-672
809,-672
808,-672
807,-672
806,-672
805,-672
804,-672
803,-672
802,-672
801,-672
800,-672
799,-672
798,-672
797,-672
796,-672
795,-672
794,-672
793,-672
792,-672
791,-672
790,-672
789,-672
788,-672
787,-672
786,-672
785,-672
784,-672
783,-672
782,-672
781,-672
780,-672
779,-672
778,-672
777,-672
776,-672
775,-672
774,-672
773,-672
772,-673
771,-673
770,-673
769,-673
768,-673
767,-673
766,-674
765,-674
764,-674
763,-674
762,-674
761,-675
760,-675
759,-675
758,-675
757,-675
756,-675
755,-676
754,-676
753,-676
752,-676
751,-676
750,-677
749,-677
748,-677
747,-678
746,-678
745,-678
744,-678
743,-678
742,-679
741,-679
740,-679
739,-680
738,-680
737,-680
736,-680
735,-681
734,-681
733,-682
732,-682
731,-682
730,-682
729,-683
728,-683
727,-683
726,-684
725,-684
724,-684
723,-685
722,-686
721,-686
720,-686
719,-687
718,-687
717,-688
716,-688
715,-689
714,-689
713,-690
712,-690
711,-691
710,-691
709,-692
708,-692
707,-692
706,-693
705,-694
704,-694
703,-695
702,-696
701,-696
700,-697
699,-698
698,-698
697,-698
696,-699
695,-699
694,-700
693,-700
692,-701
691,-701
690,-702
689,-702
688,-703
687,-703
686,-704
685,-705
684,-705
683,-705
682,-706
681,-706
680,-707
679,-707
678,-708
677,-708
676,-708
675,-709
674,-709
673,-709
672,-710
671,-710
670,-710
669,-711
668,-711
667,-711
666,-711
665,-712
664,-712
663,-712
662,-712
661,-713
660,-713
659,-713
658,-713
657,-713
656,-713
655,-713
654,-713
653,-713
652,-713
651,-713
650,-714
649,-714
648,-714
647,-714
646,-714
645,-714
644,-714
643,-714
642,-714
641,-714
640,-714
639,-714
638,-714
637,-714
636,-714
635,-714
634,-714
633,-714
632,-714
631,-714
630,-714
629,-714
628,-714
627,-714
626,-714
625,-714
624,-714
623,-714
622,-713
621,-713
620,-713
619,-713
618,-713
617,-713
616,-713
615,-713
614,-713
613,-713
612,-713
611,-713
610,-713
609,-713
608,-713
607,-713
606,-712
605,-712
604,-712
603,-712
602,-712
601,-712
600,-712
599,-712
598,-712
597,-712
596,-712
595,-712
594,-712
593,-711
592,-711
591,-711
590,-711
589,-711
588,-711
587,-711
586,-711
586,-712
586,-713
586,-714
586,-715
586,-716
585,-717
585,-718
585,-719
584,-720
583,-721
582,-721
581,-721
580,-721
579,-720
579,-719
578,-719
577,-719
576,-719
575,-719
574,-719
573,-719
572,-719
572,-720
572,-721
572,-722
572,-723
571,-724
570,-724
569,-724
568,-723
567,-722
566,-722
565,-721
564,-721
563,-721
562,-721
561,-721
560,-721
559,-721
558,-721
557,-721
556,-720
556,-719
555,-719
554,-719
553,-719
552,-718
552,-717
551,-717
550,-717
549,-717
548,-717
547,-717
546,-717
546,-718
545,-719
544,-719
543,-719
542,-719
541,-719
540,-719
539,-719
538,-719
537,-719
536,-719
535,-719
534,-719
533,-720
532,-720
531,-720
530,-720
529,-720
528,-719
527,-718
527,-717
526,-717
525,-717
524,-717
523,-717
522,-718
521,-718
520,-718
519,-719
518,-719
517,-719
516,-719
515,-718
514,-718
513,-718
512,-718
511,-718
510,-718
509,-718
508,-718
507,-718
507,-719
507,-720
506,-721
505,-721
504,-721
503,-721
502,-721
501,-721
500,-721
499,-721
498,-721
497,-721
496,-721
495,-721
494,-720
494,-719
494,-718
493,-718
492,-718
491,-718
490,-718
489,-718
488,-718
487,-718
486,-718
485,-718
484,-718
