479,-645
479,-646
479,-647
479,-648
479,-649
479,-650
479,-651
479,-652
479,-653
479,-654
479,-655
479,-656
480,-657
481,-658
481,-659
482,-660
482,-661
482,-662
483,-663
484,-664
485,-665
486,-666
486,-667
487,-668
487,-669
488,-669
489,-670
490,-671
490,-672
491,-672
492,-673
493,-674
494,-674
495,-675
495,-676
496,-677
496,-678
497,-679
498,-680
499,-681
500,-682
501,-683
502,-684
503,-685
503,-686
504,-687
505,-688
506,-688
507,-689
508,-690
508,-691
509,-691
510,-692
511,-693
511,-694
512,-694
513,-694
514,-695
515,-696
515,-697
516,-698
517,-699
518,-699
519,-700
520,-701
521,-701
522,-702
522,-703
523,-703
524,-704
524,-705
525,-706
526,-706
527,-707
527,-708
528,-709
529,-709
530,-710
530,-711
531,-711
532,-712
533,-713
534,-713
535,-714
536,-715
537,-715
538,-716
539,-717
540,-718
541,-719
541,-720
542,-720
543,-721
544,-722
545,-723
546,-724
547,-725
548,-726
549,-727
550,-728
551,-729
552,-729
553,-730
554,-731
555,-732
556,-733
557,-734
558,-734
559,-735
559,-736
560,-737
561,-737
562,-738
563,-739
564,-740
564,-741
565,-742
566,-742
567,-743
568,-744
569,-744
570,-745
571,-746
572,-747
573,-747
574,-748
575,-749
576,-750
577,-751
578,-752
579,-752
580,-753
580,-754
581,-754
582,-755
583,-755
584,-756
585,-757
586,-758
587,-758
588,-759
588,-760
589,-760
590,-761
591,-761
592,-762
592,-763
593,-763
594,-764
595,-764
596,-765
597,-766
598,-766
599,-767
600,-768
601,-769
602,-770
603,-770
604,-771
605,-771
606,-772
607,-772
608,-773
608,-774
609,-774
610,-774
611,-775
612,-776
613,-777
614,-777
615,-777
616,-778
617,-778
618,-779
619,-780
620,-780
621,-781
622,-781
623,-782
624,-783
624,-784
625,-784
626,-784
627,-785
628,-786
629,-786
630,-786
631,-787
632,-787
633,-787
634,-788
634,-789
634,-790
635,-790
636,-790
637,-790
638,-790
639,-791
640,-791
641,-792
642,-793
643,-794
644,-794
645,-794
646,-795
646,-796
647,-796
648,-796
649,-796
650,-797
650,-798
651,-798
652,-798
653,-798
654,-798
655,-799
656,-800
657,-800
658,-800
659,-801
660,-801
661,-802
662,-802
663,-803
664,-803
665,-804
666,-804
667,-804
668,-804
669,-805
670,-805
671,-806
672,-806
673,-807
674,-807
675,-807
676,-807
677,-808
678,-808
679,-809
680,-809
681,-809
682,-809
683,-810
684,-810
685,-810
686,-810
687,-810
688,-811
689,-811
690,-811
691,-811
692,-811
693,-812
694,-812
695,-813
696,-813
697,-814
698,-814
699,-814
700,-814
701,-814
702,-814
703,-814
704,-814
705,-814
706,-815
707,-815
708,-815
709,-815
710,-815
711,-815
712,-816
713,-816
714,-816
715,-816
716,-817
717,-817
718,-817
719,-817
720,-818
721,-818
722,-818
723,-818
724,-818
725,-818
726,-818
727,-818
728,-819
729,-819
730,-819
731,-820
732,-820
733,-820
734,-820
735,-820
736,-820
737,-820
738,-820
739,-820
740,-820
741,-820
742,-820
743,-821
744,-821
745,-821
746,-821
747,-821
748,-821
749,-821
750,-821
751,-821
752,-821
753,-821
754,-821
755,-821
756,-821
757,-821
758,-821
759,-821
760,-821
761,-821
762,-821
763,-821
764,-821
765,-822
766,-822
767,-822
768,-822
769,-822
770,-822
771,-822
772,-822
773,-821
774,-821
775,-821
776,-821
777,-821
778,-821
779,-821
780,-821
781,-821
782,-821
783,-821
784,-821
785,-821
786,-821
787,-821
788,-821
789,-821
790,-821
791,-821
792,-821
793,-821
794,-821
795,-821
796,-821
797,-820
798,-820
799,-820
800,-820
801,-820
802,-819
803,-819
804,-819
805,-819
806,-819
807,-819
808,-819
809,-818
810,-818
811,-818
812,-818
813,-817
814,-817
815,-816
816,-816
817,-816
818,-816
819,-815
820,-815
821,-815
822,-815
823,-815
824,-815
825,-815
826,-815
827,-815
828,-814
829,-814
830,-814
831,-814
832,-815
833,-815
834,-815
835,-815
836,-815
837,-815
838,-815
839,-815
840,-816
841,-816
842,-816
843,-816
844,-817
845,-817
846,-817
847,-817
848,-818
849,-818
850,-819
851,-819
852,-819
853,-819
854,-820
855,-820
856,-820
857,-821
858,-821
859,-821
860,-821
861,-822
862,-822
863,-823
864,-823
865,-823
866,-823
867,-823
868,-823
869,-824
870,-824
871,-825
872,-825
873,-826
874,-826
875,-826
876,-826
877,-827
878,-827
879,-827
880,-828
881,-828
882,-828
883,-829
884,-829
885,-830
886,-830
887,-830
888,-831
889,-831
890,-831
891,-831
892,-832
893,-832
894,-833
895,-833
896,-833
897,-833
898,-834
899,-834
900,-835
901,-835
902,-835
903,-835
904,-836
905,-836
906,-836
907,-837
908,-837
909,-838
910,-838
911,-838
912,-838
913,-839
914,-839
915,-839
916,-839
917,-840
918,-840
919,-840
920,-841
921,-841
922,-841
923,-842
924,-843
925,-843
926,-843
927,-844
928,-844
929,-844
930,-844
931,-845
932,-845
933,-846
934,-846
935,-846
936,-847
937,-847
938,-847
939,-848
940,-848
941,-848
942,-849
943,-849
944,-850
945,-850
946,-850
947,-851
948,-851
949,-852
950,-852
951,-852
952,-852
953,-853
954,-853
955,-854
956,-854
957,-854
958,-854
959,-855
960,-855
961,-856
962,-857
963,-857
964,-857
965,-858
966,-858
967,-858
968,-859
969,-859
970,-859
971,-859
972,-860
973,-860
974,-860
975,-861
976,-861
977,-861
978,-862
979,-862
980,-863
981,-863
982,-863
983,-863
984,-864
984,-865
985,-865
986,-866
987,-866
988,-866
989,-867
990,-867
991,-867
992,-868
993,-868
994,-868
995,-869
996,-869
997,-869
998,-870
999,-870
1000,-870
1001,-870
1002,-870
1003,-870
1004,-870
1005,-870
1006,-870
1007,-870
1008,-870
1009,-870
1010,-870
1011,-870
1012,-869
1013,-869
1014,-869
1015,-868
1016,-868
1017,-868
1018,-868
1019,-868
1020,-868
1021,-868
1022,-868
1023,-868
1023,-867
1023,-866
1023,-865
1023,-864
1023,-863
1023,-862
1022,-862
1021,-861
1021,-860
1021,-859
1020,-858
1020,-857
1019,-857
1018,-856
1017,-855
1016,-855
1015,-855
1014,-855
1013,-855
1012,-855
1011,-854
1011,-853
1011,-852
1010,-851
1010,-850
1009,-850
1008,-850
1007,-849
1006,-849
1005,-849
1004,-849
1003,-849
1002,-849
1002,-850
1001,-851
1000,-851
999,-851
998,-851
997,-850
996,-850
995,-849
994,-849
993,-849
992,-848
991,-847
991,-846
991,-845
990,-845
989,-844
988,-843
988,-842
987,-841
987,-840
986,-840
985,-839
985,-838
984,-838
983,-838
982,-837
981,-837
980,-837
979,-836
978,-835
977,-835
976,-835
975,-835
974,-835
973,-834
972,-833
971,-832
971,-831
971,-830
970,-830
969,-830
968,-830
967,-830
966,-829
965,-828
964,-828
963,-828
962,-827
962,-826
962,-825
962,-824
962,-823
961,-823
960,-822
960,-821
960,-820
960,-819
961,-818
962,-818
963,-818
963,-817
963,-816
963,-815
963,-814
962,-814
961,-813
960,-813
959,-813
958,-812
957,-812
956,-812
955,-811
954,-811
953,-811
952,-811
951,-810
950,-810
949,-809
948,-809
947,-809
946,-808
945,-808
944,-807
943,-807
942,-807
941,-806
940,-806
939,-805
938,-805
937,-804
936,-804
935,-804
934,-803
933,-803
932,-803
931,-802
930,-802
929,-802
928,-802
927,-801
926,-801
925,-801
924,-800
923,-800
922,-799
921,-799
920,-799
919,-798
918,-798
917,-798
916,-797
915,-797
914,-796
913,-796
912,-796
911,-795
910,-795
909,-794
908,-794
907,-794
906,-793
905,-793
904,-793
903,-792
902,-792
901,-792
900,-791
899,-791
898,-791
897,-790
896,-790
895,-789
894,-788
893,-788
892,-787
891,-787
890,-787
889,-786
888,-786
887,-786
886,-785
885,-784
884,-784
883,-783
882,-783
881,-782
880,-781
879,-781
878,-781
877,-780
876,-779
875,-778
874,-778
873,-777
872,-776
871,-776
870,-775
869,-775
868,-774
867,-774
866,-773
865,-773
864,-772
863,-772
862,-771
861,-770
860,-769
860,-768
859,-767
858,-766
857,-766
856,-765
855,-764
854,-763
854,-762
853,-761
852,-760
852,-759
851,-758
850,-757
849,-756
849,-755
848,-754
847,-753
846,-752
846,-751
846,-750
845,-749
844,-748
844,-747
843,-746
842,-745
842,-744
841,-743
840,-742
839,-741
839,-740
838,-739
837,-738
836,-737
836,-736
835,-735
835,-734
834,-733
833,-732
833,-731
832,-730
831,-729
830,-729
829,-728
828,-727
828,-726
827,-725
826,-724
825,-723
825,-722
824,-721
824,-720
823,-719
822,-719
821,-718
821,-717
821,-716
820,-715
819,-714
819,-713
818,-713
817,-712
816,-711
815,-710
815,-709
814,-709
813,-708
813,-707
812,-706
811,-706
810,-705
810,-704
809,-703
808,-702
807,-702
806,-701
805,-700
804,-700
803,-699
803,-698
802,-698
801,-698
800,-697
799,-697
798,-696
798,-695
798,-694
797,-694
796,-694
795,-693
794,-692
794,-691
793,-690
792,-689
791,-689
790,-688
789,-687
789,-686
788,-686
787,-686
786,-685
785,-684
784,-683
783,-682
782,-682
781,-681
780,-681
779,-680
778,-679
777,-678
776,-678
775,-678
774,-677
774,-676
773,-676
772,-675
771,-674
770,-674
769,-673
768,-673
767,-672
766,-671
765,-670
764,-670
763,-669
762,-669
761,-668
760,-667
759,-667
758,-666
757,-666
756,-665
755,-665
754,-664
753,-664
752,-663
751,-662
750,-662
749,-662
748,-661
747,-661
746,-661
745,-660
744,-659
743,-659
742,-659
741,-658
740,-657
739,-657
738,-656
737,-656
736,-655
735,-655
734,-654
733,-654
732,-654
731,-653
730,-653
729,-653
728,-652
727,-652
726,-651
725,-651
724,-651
723,-650
722,-650
721,-649
720,-649
719,-649
718,-649
717,-649
716,-648
715,-647
714,-647
713,-647
712,-646
711,-646
710,-646
709,-645
708,-645
707,-645
706,-644
705,-644
704,-644
703,-643
702,-643
701,-643
700,-642
699,-642
698,-642
697,-641
696,-641
695,-641
694,-641
693,-641
692,-640
691,-640
690,-640
689,-639
688,-639
687,-639
686,-639
685,-638
684,-638
683,-638
682,-638
681,-637
680,-637
679,-637
678,-637
677,-636
676,-636
675,-636
674,-635
673,-635
672,-635
671,-635
670,-635
669,-634
668,-634
667,-634
666,-634
665,-634
664,-634
663,-634
662,-634
661,-634
660,-634
659,-634
658,-634
657,-634
656,-634
655,-634
654,-634
653,-634
652,-634
651,-634
650,-634
649,-633
648,-633
647,-633
646,-633
645,-632
644,-632
643,-632
642,-632
641,-632
640,-632
639,-631
638,-631
637,-631
636,-631
635,-631
634,-631
633,-631
632,-631
631,-631
630,-631
629,-631
628,-631
627,-631
626,-631
625,-631
624,-631
623,-631
622,-631
621,-631
620,-631
619,-631
618,-631
617,-631
616,-631
615,-631
614,-631
613,-631
612,-631
611,-631
610,-631
609,-631
608,-631
607,-631
606,-631
605,-631
604,-631
603,-631
602,-631
601,-631
600,-631
599,-631
598,-631
597,-631
596,-631
595,-631
594,-631
593,-632
592,-632
591,-632
590,-632
589,-632
588,-632
587,-632
586,-632
585,-632
584,-632
583,-633
582,-633
581,-633
580,-633
579,-633
578,-633
577,-634
576,-634
575,-634
574,-634
573,-634
572,-634
571,-634
570,-634
569,-634
568,-634
567,-635
566,-635
565,-635
564,-635
563,-635
562,-635
561,-635
560,-635
559,-635
558,-635
557,-635
556,-636
555,-636
554,-636
553,-637
552,-637
551,-637
550,-637
549,-637
548,-637
547,-637
546,-637
545,-637
544,-637
543,-637
542,-637
541,-637
540,-637
539,-638
538,-638
537,-638
536,-638
535,-638
534,-638
533,-638
532,-639
531,-639
530,-639
529,-639
528,-639
527,-639
526,-639
525,-639
524,-639
523,-639
522,-639
521,-639
520,-639
519,-639
518,-639
517,-639
516,-639
515,-639
514,-639
513,-639
512,-639
511,-639
510,-640
509,-640
508,-640
507,-640
506,-640
505,-640
504,-640
503,-640
502,-640
501,-640
500,-640
499,-641
498,-641
497,-641
496,-641
495,-641
494,-641
493,-642
492,-642
491,-642
490,-642
489,-642
488,-642
487,-642
486,-643
485,-643
484,-644
483,-644
482,-644
481,-644
480,-645
479,-645
