431,-693
431,-694
431,-695
431,-696
431,-697
432,-698
432,-699
432,-700
431,-701
431,-702
431,-703
431,-704
431,-705
432,-706
432,-707
433,-707
434,-707
435,-708
436,-709
436,-710
437,-710
438,-710
439,-710
440,-711
440,-712
441,-713
442,-713
443,-714
444,-714
445,-715
445,-716
446,-717
447,-718
448,-719
448,-720
449,-721
450,-722
451,-722
452,-722
453,-722
454,-722
455,-723
455,-724
455,-725
456,-726
457,-726
458,-727
459,-728
460,-728
461,-729
462,-729
463,-730
463,-731
464,-731
465,-731
466,-731
467,-732
467,-733
468,-733
469,-734
470,-735
471,-735
472,-736
473,-737
474,-737
475,-738
475,-739
476,-740
477,-740
478,-740
479,-741
480,-741
481,-742
482,-743
482,-744
483,-744
484,-744
485,-745
486,-745
487,-746
488,-746
489,-747
489,-748
490,-748
491,-748
492,-749
493,-750
493,-751
494,-751
495,-751
496,-752
497,-753
498,-754
499,-754
500,-755
500,-756
501,-757
502,-757
503,-757
504,-758
504,-759
505,-760
506,-760
507,-760
508,-761
509,-761
510,-761
511,-762
511,-763
511,-764
512,-764
513,-764
514,-764
515,-765
515,-766
516,-766
517,-767
517,-768
518,-769
519,-769
520,-770
521,-770
522,-771
523,-772
524,-773
524,-774
525,-774
526,-775
527,-776
528,-776
529,-777
530,-777
531,-778
531,-779
532,-779
533,-780
534,-780
535,-781
535,-782
536,-782
537,-783
538,-784
538,-785
538,-786
539,-786
540,-786
541,-786
542,-787
543,-788
543,-789
544,-789
545,-790
545,-791
546,-792
547,-792
548,-792
549,-793
549,-794
550,-794
551,-794
552,-794
553,-795
554,-795
555,-796
556,-796
557,-797
558,-798
559,-798
560,-799
560,-800
560,-801
561,-801
562,-802
563,-802
564,-802
565,-803
566,-803
567,-804
567,-805
568,-805
569,-805
570,-805
571,-806
572,-807
573,-807
574,-807
575,-807
576,-807
577,-807
578,-807
579,-808
580,-808
581,-808
582,-808
583,-808
584,-809
584,-810
584,-811
584,-812
584,-813
585,-814
586,-814
587,-815
587,-816
587,-817
587,-818
587,-819
588,-819
589,-819
590,-819
591,-819
592,-819
593,-819
594,-820
594,-821
594,-822
595,-822
596,-822
597,-822
598,-822
599,-822
600,-822
601,-823
602,-824
602,-825
603,-825
604,-825
605,-825
606,-826
606,-827
607,-827
608,-827
609,-827
610,-828
610,-829
611,-830
612,-830
613,-830
614,-830
615,-830
616,-830
617,-830
618,-830
619,-831
619,-832
620,-833
621,-833
622,-834
623,-834
624,-834
625,-835
626,-835
627,-835
628,-835
629,-836
630,-837
631,-837
632,-837
633,-838
634,-838
635,-838
636,-839
637,-839
638,-839
639,-840
640,-840
641,-840
642,-841
643,-841
644,-842
645,-842
646,-842
647,-842
648,-843
649,-843
650,-844
651,-844
652,-845
653,-845
654,-845
655,-845
656,-846
657,-846
658,-846
659,-846
660,-846
661,-846
662,-847
663,-847
664,-848
665,-848
666,-848
667,-849
668,-849
669,-850
670,-850
671,-850
672,-850
673,-850
674,-850
675,-850
676,-851
677,-851
678,-851
679,-851
680,-852
681,-852
682,-852
683,-852
684,-853
685,-853
686,-853
687,-854
688,-854
689,-854
690,-854
691,-854
692,-854
693,-854
694,-855
695,-855
696,-855
697,-855
698,-855
699,-855
700,-856
701,-856
702,-856
703,-856
704,-857
705,-857
706,-857
707,-857
708,-857
709,-857
710,-857
711,-857
712,-857
713,-858
714,-858
715,-858
716,-858
717,-858
718,-858
719,-858
720,-858
721,-858
722,-858
723,-858
724,-858
725,-859
726,-859
727,-859
728,-859
729,-859
730,-859
731,-859
732,-859
733,-859
734,-859
735,-859
736,-859
737,-859
738,-859
739,-859
740,-859
741,-859
742,-859
743,-859
744,-859
745,-859
746,-859
747,-859
748,-859
749,-858
750,-858
751,-858
752,-858
753,-858
754,-857
755,-857
756,-857
757,-856
758,-856
759,-856
760,-856
761,-856
762,-856
763,-856
764,-855
765,-855
766,-855
767,-854
768,-854
769,-854
770,-854
771,-853
772,-853
773,-853
774,-853
775,-853
776,-853
777,-852
778,-852
779,-852
780,-852
781,-852
782,-852
783,-851
784,-850
785,-850
786,-850
787,-850
788,-850
789,-849
790,-849
791,-849
792,-849
793,-848
794,-848
795,-847
796,-847
797,-847
798,-846
799,-846
800,-846
801,-845
802,-845
803,-845
804,-845
805,-845
806,-844
807,-843
808,-842
809,-842
810,-842
811,-842
812,-842
812,-841
813,-840
814,-840
814,-839
815,-838
816,-838
817,-838
818,-838
819,-838
819,-837
820,-836
821,-836
822,-836
823,-835
824,-835
825,-835
826,-835
827,-834
828,-834
829,-833
830,-832
831,-832
831,-831
831,-830
832,-829
833,-829
834,-828
835,-828
836,-827
837,-827
838,-826
839,-826
840,-826
841,-826
842,-825
843,-824
844,-824
845,-823
846,-822
847,-822
848,-821
849,-821
850,-820
851,-820
852,-819
853,-819
854,-818
855,-818
856,-818
857,-818
858,-817
859,-816
860,-815
861,-815
862,-815
863,-815
864,-815
865,-814
866,-814
867,-814
868,-814
869,-813
870,-813
871,-813
872,-812
873,-812
874,-812
875,-812
876,-811
877,-811
878,-811
879,-811
880,-811
881,-811
882,-811
883,-811
884,-811
885,-811
886,-812
887,-812
888,-812
889,-813
890,-814
891,-814
892,-815
893,-816
893,-817
894,-817
895,-818
896,-819
897,-819
898,-820
899,-821
899,-822
900,-822
901,-822
902,-822
903,-823
904,-824
905,-824
906,-824
907,-824
908,-825
908,-826
909,-826
910,-827
911,-827
912,-827
913,-827
914,-828
915,-828
916,-828
917,-828
918,-828
919,-829
919,-830
919,-831
920,-831
921,-831
922,-831
923,-832
924,-832
925,-832
926,-832
927,-833
928,-834
929,-834
930,-834
931,-834
932,-834
933,-834
934,-835
934,-836
935,-836
936,-836
937,-836
938,-837
939,-837
940,-837
941,-837
942,-837
943,-838
944,-838
945,-838
946,-838
947,-838
948,-838
949,-838
950,-838
951,-839
951,-840
952,-840
953,-841
954,-841
955,-841
956,-841
957,-842
958,-843
959,-843
960,-843
961,-843
962,-843
963,-843
964,-843
965,-844
966,-844
967,-844
968,-844
969,-844
970,-844
971,-845
971,-846
972,-846
973,-846
974,-846
975,-846
976,-846
977,-847
978,-847
979,-847
980,-847
981,-847
982,-848
983,-848
984,-848
985,-848
986,-849
987,-850
988,-850
989,-850
990,-850
991,-850
992,-850
993,-850
994,-850
995,-850
996,-851
997,-851
998,-851
999,-851
1000,-851
1001,-851
1002,-851
1003,-852
1004,-852
1005,-853
1006,-853
1007,-853
1008,-853
1009,-853
1010,-854
1011,-854
1012,-854
1013,-855
1014,-855
1015,-855
1016,-855
1017,-855
1018,-855
1019,-855
1020,-855
1021,-855
1022,-855
1023,-855
1024,-855
1025,-856
1025,-857
1026,-857
1027,-857
1028,-858
1029,-858
1030,-858
1031,-858
1032,-858
1033,-859
1034,-859
1035,-859
1036,-859
1037,-859
1038,-859
1039,-859
1040,-859
1041,-859
1042,-859
1043,-859
1044,-859
1045,-858
1046,-858
1047,-857
1048,-857
1049,-857
1050,-857
1051,-857
1052,-857
1053,-857
1054,-857
1055,-856
1056,-855
1057,-855
1058,-855
1059,-855
1060,-855
1061,-855
1062,-855
1063,-854
1064,-854
1065,-854
1066,-853
1067,-853
1068,-853
1069,-853
1070,-852
1071,-852
1071,-851
1071,-850
1071,-849
1071,-848
1071,-847
1071,-846
1071,-845
1070,-844
1070,-843
1070,-842
1069,-841
1068,-841
1067,-841
1066,-840
1066,-839
1065,-839
1064,-838
1064,-837
1064,-836
1064,-835
1064,-834
1064,-833
1064,-832
1064,-831
1063,-831
1062,-831
1061,-831
1060,-831
1059,-831
1058,-831
1057,-831
1056,-831
1055,-831
1054,-831
1053,-831
1052,-831
1051,-831
1050,-831
1049,-831
1048,-831
1047,-831
1046,-831
1045,-830
1045,-829
1045,-828
1045,-827
1045,-826
1045,-825
1044,-825
1043,-824
1042,-824
1041,-824
1040,-824
1039,-824
1038,-824
1037,-824
1036,-823
1035,-823
1034,-823
1033,-822
1032,-822
1031,-822
1030,-822
1029,-822
1028,-821
1027,-821
1026,-821
1025,-821
1024,-820
1024,-819
1023,-818
1022,-817
1021,-817
1020,-817
1019,-817
1018,-816
1017,-815
1016,-815
1015,-815
1014,-814
1013,-813
1013,-812
1013,-811
1013,-810
1013,-809
1013,-808
1014,-807
1015,-806
1016,-805
1017,-805
1018,-805
1019,-805
1020,-805
1021,-805
1022,-805
1023,-805
1024,-805
1025,-805
1026,-805
1027,-805
1028,-804
1029,-803
1030,-803
1031,-803
1032,-803
1033,-803
1034,-803
1035,-803
1036,-803
1037,-803
1038,-804
1038,-805
1039,-805
1040,-805
1041,-805
1042,-805
1042,-804
1042,-803
1042,-802
1042,-801
1042,-800
1042,-799
1042,-798
1041,-798
1040,-798
1039,-797
1038,-797
1037,-797
1036,-796
1036,-795
1035,-795
1034,-795
1033,-795
1032,-795
1031,-794
1030,-794
1029,-794
1028,-794
1027,-793
1026,-793
1025,-793
1024,-793
1023,-792
1022,-792
1021,-792
1020,-792
1019,-791
1018,-791
1017,-791
1016,-791
1015,-791
1014,-791
1013,-790
1012,-789
1011,-789
1010,-789
1009,-789
1008,-788
1007,-788
1006,-787
1005,-787
1004,-787
1003,-787
1002,-786
1001,-786
1000,-786
999,-785
998,-785
997,-785
996,-784
995,-784
994,-784
993,-784
992,-783
991,-783
990,-783
989,-782
988,-782
987,-782
986,-782
985,-782
984,-781
983,-781
982,-781
981,-780
980,-780
979,-780
978,-780
977,-780
976,-779
975,-779
974,-779
973,-779
972,-779
971,-779
970,-778
969,-778
968,-778
967,-778
966,-778
965,-777
964,-777
963,-777
962,-777
961,-777
960,-776
959,-776
958,-776
957,-776
956,-775
955,-775
954,-775
953,-775
952,-775
951,-774
950,-774
949,-774
948,-774
947,-773
946,-773
945,-773
944,-773
943,-773
942,-772
941,-772
940,-772
939,-772
938,-772
937,-771
936,-771
935,-771
934,-771
933,-770
932,-770
931,-770
930,-770
929,-769
928,-769
927,-769
926,-768
925,-768
924,-768
923,-768
922,-768
921,-768
920,-767
919,-767
918,-767
917,-767
916,-767
915,-766
914,-766
913,-766
912,-766
911,-765
910,-765
909,-765
908,-764
907,-764
906,-764
905,-764
904,-763
903,-763
902,-763
901,-762
900,-762
899,-761
898,-761
897,-760
896,-760
895,-760
894,-760
893,-760
892,-759
891,-759
890,-759
889,-759
888,-758
887,-758
886,-757
885,-756
884,-756
883,-755
882,-755
881,-754
880,-754
879,-753
878,-752
877,-752
876,-752
875,-751
874,-750
873,-749
872,-749
871,-748
870,-747
869,-746
868,-745
867,-745
866,-744
866,-743
865,-742
864,-741
863,-741
862,-740
861,-739
860,-738
859,-737
859,-736
858,-735
858,-734
857,-733
856,-732
855,-731
854,-730
853,-729
852,-728
852,-727
851,-727
850,-726
850,-725
849,-724
848,-723
848,-722
847,-721
846,-721
845,-720
845,-719
844,-718
843,-717
842,-717
841,-716
841,-715
840,-714
839,-713
838,-713
837,-712
836,-711
835,-710
834,-709
833,-708
832,-707
831,-706
830,-705
829,-705
828,-704
827,-703
826,-702
825,-701
824,-701
823,-700
823,-699
822,-698
821,-698
820,-697
819,-696
818,-695
817,-694
816,-694
815,-693
814,-693
813,-692
812,-691
811,-690
810,-690
809,-689
808,-688
807,-687
806,-687
805,-686
804,-686
803,-685
802,-685
801,-684
800,-683
799,-683
798,-682
797,-681
796,-681
795,-681
794,-680
793,-679
792,-678
791,-678
790,-678
789,-677
788,-676
787,-676
786,-675
785,-675
784,-674
783,-674
782,-673
781,-673
780,-672
779,-672
778,-671
777,-671
776,-671
775,-670
774,-670
773,-669
772,-669
771,-669
770,-668
769,-667
768,-667
767,-666
766,-666
765,-665
764,-665
763,-665
762,-664
761,-664
760,-663
759,-663
758,-662
757,-662
756,-662
755,-662
754,-661
753,-661
752,-660
751,-660
750,-660
749,-659
748,-659
747,-659
746,-658
745,-658
744,-658
743,-658
742,-657
741,-657
740,-657
739,-656
738,-656
737,-656
736,-656
735,-655
734,-655
733,-655
732,-655
731,-655
730,-654
729,-654
728,-653
727,-653
726,-653
725,-653
724,-652
723,-652
722,-652
721,-652
720,-651
719,-651
718,-650
717,-650
716,-650
715,-650
714,-649
713,-649
712,-649
711,-649
710,-649
709,-649
708,-649
707,-648
706,-648
705,-648
704,-647
703,-647
702,-647
701,-647
700,-647
699,-647
698,-646
697,-646
696,-646
695,-646
694,-646
693,-646
692,-646
691,-646
690,-646
689,-645
688,-645
687,-645
686,-645
685,-645
684,-645
683,-645
682,-645
681,-645
680,-645
679,-645
678,-645
677,-645
676,-645
675,-645
674,-644
673,-644
672,-644
671,-644
670,-644
669,-643
668,-643
667,-643
666,-643
665,-643
664,-643
663,-643
662,-643
661,-643
660,-643
659,-643
658,-643
657,-643
656,-643
655,-643
654,-643
653,-643
652,-643
651,-643
650,-643
649,-643
648,-643
647,-643
646,-643
645,-643
644,-643
643,-643
642,-643
641,-643
640,-643
639,-643
638,-643
637,-643
636,-643
635,-643
634,-643
633,-643
632,-643
631,-643
630,-643
629,-643
628,-643
627,-643
626,-643
625,-643
624,-643
623,-643
622,-643
621,-643
620,-643
619,-643
618,-643
617,-644
616,-644
615,-644
614,-644
613,-644
612,-644
611,-645
610,-645
609,-645
608,-645
607,-645
606,-645
605,-645
604,-645
603,-645
602,-645
601,-645
600,-645
599,-645
598,-646
597,-646
596,-646
595,-646
594,-646
593,-646
592,-646
591,-647
590,-647
589,-647
588,-647
587,-648
586,-648
585,-648
584,-648
583,-648
582,-648
581,-648
580,-648
579,-648
578,-649
577,-649
576,-649
575,-649
574,-649
573,-649
572,-649
571,-650
570,-650
569,-650
568,-650
567,-650
566,-650
565,-651
564,-651
563,-651
562,-651
561,-652
560,-652
559,-652
558,-653
557,-653
556,-653
555,-653
554,-654
553,-654
552,-654
551,-654
550,-655
549,-655
548,-655
547,-655
546,-656
545,-656
544,-656
543,-656
542,-656
541,-656
540,-657
539,-658
538,-658
537,-658
536,-658
535,-658
534,-658
533,-658
532,-658
531,-659
530,-659
529,-659
528,-659
527,-660
526,-660
525,-661
524,-661
523,-661
522,-661
521,-661
520,-661
519,-662
518,-662
517,-662
516,-662
515,-663
514,-663
513,-663
512,-663
511,-664
510,-664
509,-664
508,-665
507,-665
506,-665
505,-666
504,-666
503,-666
502,-666
502,-667
501,-668
500,-668
499,-668
498,-668
497,-668
496,-669
495,-669
494,-669
493,-670
492,-670
491,-670
490,-670
489,-670
488,-670
487,-670
486,-671
485,-671
484,-671
483,-671
482,-672
481,-672
480,-672
479,-672
478,-673
477,-673
476,-673
475,-674
474,-674
473,-674
472,-675
471,-675
470,-675
469,-675
468,-676
467,-676
466,-677
465,-677
464,-677
463,-678
462,-678
461,-678
460,-679
459,-679
458,-680
457,-680
456,-681
455,-681
454,-682
453,-682
452,-682
451,-683
450,-683
449,-684
448,-684
447,-685
446,-685
445,-685
444,-686
443,-686
442,-687
441,-687
440,-688
439,-688
438,-689
437,-689
436,-690
435,-691
434,-692
433,-692
432,-693
431,-693
