486,-742
486,-743
486,-744
486,-745
486,-746
486,-747
487,-747
488,-747
489,-747
490,-747
491,-747
492,-747
493,-747
494,-747
495,-746
496,-745
497,-745
498,-745
499,-745
500,-745
501,-745
502,-745
503,-745
504,-745
505,-745
506,-745
507,-745
508,-745
509,-745
510,-745
511,-744
512,-744
513,-744
514,-744
515,-744
516,-744
517,-744
518,-744
519,-743
520,-743
521,-743
522,-743
523,-743
524,-743
525,-742
526,-742
527,-742
528,-742
529,-742
530,-742
531,-742
532,-742
533,-742
534,-742
535,-742
536,-743
537,-743
538,-743
539,-743
540,-743
541,-743
542,-743
543,-743
544,-743
545,-743
546,-744
547,-744
548,-744
549,-744
550,-744
551,-744
552,-744
553,-744
554,-744
555,-744
556,-745
557,-745
558,-745
559,-745
560,-745
561,-745
562,-745
563,-745
564,-745
565,-745
566,-745
567,-745
568,-745
569,-745
570,-745
571,-745
572,-745
573,-745
574,-745
575,-745
576,-745
577,-745
578,-745
579,-745
580,-745
581,-745
582,-745
583,-746
584,-746
585,-746
586,-746
587,-746
588,-746
589,-746
590,-746
591,-746
592,-746
593,-747
594,-747
595,-747
596,-747
597,-747
598,-747
599,-747
600,-747
601,-747
602,-747
603,-747
604,-747
605,-747
606,-747
607,-748
608,-748
609,-748
610,-748
611,-748
612,-748
613,-748
614,-748
615,-748
616,-749
617,-749
618,-749
619,-749
620,-749
621,-749
622,-750
623,-750
624,-750
625,-750
626,-750
627,-750
628,-751
629,-751
630,-751
631,-751
632,-751
633,-751
634,-751
635,-751
636,-751
637,-752
638,-752
639,-752
640,-752
641,-752
642,-752
643,-753
644,-754
645,-754
646,-754
647,-754
648,-755
649,-755
650,-755
651,-755
652,-756
653,-756
654,-757
655,-757
656,-758
657,-758
658,-758
659,-759
660,-759
661,-760
662,-760
663,-761
664,-762
665,-763
666,-764
666,-765
666,-766
667,-767
668,-768
669,-769
670,-770
671,-771
672,-772
673,-772
674,-772
675,-772
676,-772
677,-772
678,-773
679,-774
680,-775
680,-776
681,-776
682,-777
683,-778
684,-779
684,-780
685,-781
686,-781
687,-782
688,-782
689,-783
689,-784
690,-785
691,-785
692,-785
693,-786
693,-787
693,-788
693,-789
694,-790
695,-791
695,-792
696,-792
697,-792
698,-792
699,-792
700,-792
701,-793
702,-793
703,-793
704,-793
705,-794
705,-795
705,-796
706,-796
707,-796
708,-796
709,-797
710,-798
711,-798
712,-798
713,-798
714,-799
715,-799
716,-799
717,-799
718,-799
719,-800
720,-800
721,-801
722,-801
723,-801
724,-801
725,-802
726,-802
727,-802
728,-803
729,-803
730,-803
731,-804
732,-805
733,-805
734,-805
735,-806
736,-806
737,-806
738,-807
739,-807
740,-807
741,-808
742,-808
743,-808
744,-809
745,-809
746,-810
747,-810
748,-810
749,-810
750,-811
751,-811
752,-811
753,-812
754,-812
755,-812
756,-812
757,-813
758,-813
759,-813
760,-814
761,-814
762,-814
763,-814
764,-815
765,-815
766,-815
767,-815
768,-815
769,-815
770,-815
771,-816
772,-816
773,-816
774,-817
775,-817
776,-817
777,-817
778,-818
779,-818
780,-818
781,-818
782,-819
783,-819
784,-819
785,-819
786,-819
787,-819
788,-819
789,-819
790,-819
791,-819
792,-820
793,-820
794,-820
795,-820
796,-821
797,-821
798,-821
799,-821
800,-821
801,-821
802,-821
803,-822
804,-822
805,-822
806,-822
807,-822
808,-822
809,-822
810,-822
811,-822
812,-822
813,-822
814,-822
815,-822
816,-822
817,-822
818,-822
819,-822
820,-822
821,-822
822,-822
823,-822
824,-822
825,-822
826,-822
827,-822
828,-822
829,-822
830,-822
831,-822
832,-822
833,-822
834,-822
835,-822
836,-822
837,-822
838,-822
839,-822
840,-822
841,-822
842,-822
843,-822
844,-823
845,-823
846,-823
847,-823
848,-823
849,-823
850,-823
851,-823
852,-823
853,-823
854,-822
855,-822
856,-822
857,-822
858,-822
859,-822
860,-822
861,-822
862,-821
863,-821
864,-821
865,-821
866,-821
867,-821
868,-821
869,-820
870,-820
871,-820
872,-820
873,-820
874,-819
875,-819
876,-819
877,-819
878,-819
879,-819
880,-819
881,-819
882,-819
883,-818
884,-818
885,-818
886,-818
887,-818
888,-818
889,-817
890,-817
891,-817
892,-817
893,-817
894,-816
895,-816
896,-816
897,-816
898,-815
899,-815
900,-815
901,-815
902,-815
903,-815
904,-815
905,-814
906,-814
907,-814
908,-814
909,-814
910,-814
911,-813
912,-813
913,-812
914,-812
915,-812
916,-811
917,-811
918,-811
919,-810
920,-810
921,-810
922,-810
923,-810
924,-810
925,-810
926,-810
927,-809
928,-809
929,-809
930,-808
931,-807
932,-807
933,-807
934,-807
935,-807
936,-807
937,-807
938,-807
939,-806
940,-806
941,-805
942,-805
943,-805
944,-805
945,-805
946,-804
947,-804
948,-804
949,-803
950,-803
951,-803
952,-803
953,-803
954,-803
955,-802
956,-802
957,-801
958,-801
959,-801
960,-800
961,-800
962,-800
963,-799
964,-799
965,-798
966,-798
967,-798
968,-798
969,-798
970,-798
971,-797
972,-797
973,-797
974,-797
975,-797
976,-797
977,-797
978,-797
979,-796
980,-796
981,-796
982,-796
983,-796
984,-796
985,-796
986,-795
987,-795
988,-795
989,-795
990,-795
991,-795
992,-795
993,-795
994,-795
995,-794
996,-794
997,-794
998,-794
999,-794
1000,-794
1001,-793
1002,-793
1003,-793
1004,-793
1005,-793
1006,-793
1007,-792
1008,-792
1009,-792
1010,-791
1011,-790
1012,-790
1013,-789
1014,-788
1014,-787
1015,-786
1015,-785
1016,-784
1016,-783
1016,-782
1016,-781
1016,-780
1016,-779
1015,-778
1015,-777
1014,-776
1013,-775
1012,-774
1011,-773
1011,-772
1010,-771
1009,-770
1008,-769
1007,-769
1006,-768
1005,-767
1005,-766
1004,-766
1003,-765
1002,-764
1001,-763
1000,-762
999,-761
998,-760
997,-760
996,-759
995,-759
994,-758
993,-757
992,-756
991,-756
990,-755
989,-754
988,-754
987,-753
986,-753
985,-752
984,-751
983,-751
982,-750
981,-749
980,-748
979,-747
978,-747
977,-746
976,-745
975,-745
974,-744
973,-744
972,-743
972,-742
971,-742
970,-742
969,-741
968,-740
967,-740
966,-739
965,-739
964,-738
963,-738
962,-737
961,-736
960,-736
959,-735
958,-735
957,-734
956,-733
955,-732
954,-732
953,-731
952,-731
951,-730
950,-729
949,-729
948,-728
947,-728
946,-727
945,-727
944,-726
943,-725
942,-725
941,-725
940,-724
939,-723
938,-722
937,-722
936,-722
935,-721
934,-721
933,-721
932,-720
931,-719
930,-718
929,-718
928,-717
927,-717
926,-716
925,-716
924,-716
923,-715
922,-714
921,-714
920,-714
919,-713
918,-713
917,-712
916,-712
915,-711
914,-710
913,-710
912,-709
911,-709
910,-708
909,-708
908,-707
907,-706
906,-706
905,-706
904,-705
903,-705
902,-705
901,-704
900,-703
899,-703
898,-702
897,-702
896,-701
895,-701
894,-701
893,-701
892,-700
892,-699
891,-699
890,-699
889,-698
888,-698
887,-698
886,-697
885,-697
884,-696
883,-696
882,-696
881,-696
880,-695
879,-695
878,-694
877,-694
876,-693
875,-693
874,-693
873,-693
872,-692
871,-692
870,-692
869,-691
868,-691
867,-690
866,-690
865,-690
864,-690
863,-689
862,-689
861,-689
860,-689
859,-689
858,-688
857,-688
856,-687
855,-687
854,-686
853,-686
852,-686
851,-686
850,-686
849,-686
848,-686
847,-685
846,-685
845,-685
844,-684
843,-684
842,-684
841,-684
840,-684
839,-683
838,-683
837,-683
836,-683
835,-683
834,-683
833,-682
832,-682
831,-682
830,-682
829,-682
828,-682
827,-682
826,-681
825,-681
824,-681
823,-681
822,-681
821,-681
820,-681
819,-681
818,-681
817,-680
816,-680
815,-679
814,-679
813,-679
812,-679
811,-679
810,-679
809,-679
808,-679
807,-679
806,-679
805,-679
804,-679
803,-679
802,-679
801,-679
800,-679
799,-679
798,-679
797,-679
796,-679
795,-679
794,-679
793,-679
792,-679
791,-679
790,-679
789,-679
788,-678
787,-678
786,-678
785,-678
784,-678
783,-678
782,-678
781,-678
780,-678
779,-678
778,-678
777,-678
776,-678
775,-678
774,-678
773,-678
772,-678
771,-678
770,-678
769,-678
768,-679
767,-679
766,-679
765,-679
764,-679
763,-679
762,-679
761,-679
760,-679
759,-679
758,-679
757,-679
756,-679
755,-679
754,-679
753,-679
752,-679
751,-679
750,-680
749,-680
748,-680
747,-680
746,-680
745,-680
744,-681
743,-681
742,-681
741,-681
740,-681
739,-681
738,-682
737,-682
736,-682
735,-682
734,-682
733,-682
732,-682
731,-682
730,-683
729,-683
728,-683
727,-683
726,-684
725,-685
724,-685
723,-685
722,-685
721,-685
720,-686
719,-686
718,-686
717,-687
716,-687
715,-687
714,-688
713,-688
712,-689
711,-689
710,-689
709,-689
708,-690
707,-690
706,-691
705,-691
704,-692
703,-692
702,-693
701,-693
700,-693
699,-694
698,-694
697,-695
696,-695
695,-696
694,-697
693,-697
692,-698
691,-698
690,-698
689,-699
688,-700
687,-700
686,-701
685,-701
684,-701
683,-702
682,-702
681,-703
680,-704
679,-704
678,-705
677,-705
676,-705
675,-706
674,-706
673,-707
672,-707
671,-707
670,-708
669,-708
668,-709
667,-709
666,-709
665,-709
664,-710
663,-710
662,-710
661,-711
660,-711
659,-711
658,-711
657,-711
656,-711
655,-712
654,-712
653,-712
652,-712
651,-713
650,-713
649,-713
648,-713
647,-713
646,-713
645,-713
644,-713
643,-714
642,-714
641,-714
640,-714
639,-714
638,-714
637,-714
636,-714
635,-714
634,-713
633,-713
632,-713
631,-713
630,-713
629,-713
628,-713
627,-713
626,-713
625,-714
624,-714
623,-714
622,-714
621,-714
620,-714
619,-714
618,-714
617,-714
616,-714
615,-714
614,-714
613,-714
612,-713
611,-713
610,-713
609,-713
608,-713
607,-713
606,-714
605,-714
604,-714
603,-714
602,-714
601,-714
600,-714
599,-714
598,-713
597,-713
596,-713
595,-713
594,-713
593,-713
592,-713
591,-713
590,-713
589,-713
588,-713
587,-713
586,-713
585,-713
584,-713
583,-713
582,-713
581,-713
580,-713
579,-713
578,-713
577,-713
576,-713
575,-713
574,-712
573,-712
572,-712
571,-712
570,-712
569,-712
568,-713
567,-713
566,-713
565,-713
564,-713
563,-713
562,-713
561,-712
560,-712
559,-712
558,-712
557,-712
556,-712
556,-713
556,-714
556,-715
556,-716
557,-716
558,-716
559,-716
560,-716
561,-717
561,-718
561,-719
561,-720
561,-721
561,-722
560,-723
559,-724
558,-724
557,-724
556,-725
555,-726
554,-726
553,-726
552,-726
551,-725
550,-725
549,-725
548,-725
547,-725
546,-724
546,-723
545,-722
544,-722
543,-721
542,-721
541,-720
541,-719
540,-719
539,-719
538,-719
537,-719
536,-719
536,-720
535,-721
534,-721
533,-721
532,-722
531,-722
530,-722
529,-721
528,-721
527,-721
526,-721
525,-721
524,-721
524,-722
523,-723
522,-723
521,-724
520,-725
519,-725
518,-725
517,-726
516,-726
515,-726
514,-726
513,-726
512,-726
511,-726
510,-726
509,-727
509,-728
508,-729
507,-729
507,-730
507,-731
506,-732
505,-732
504,-732
503,-732
502,-732
501,-732
500,-733
499,-733
499,-734
499,-735
498,-736
498,-737
497,-738
496,-738
495,-738
494,-738
493,-738
492,-739
492,-740
491,-741
490,-741
489,-741
488,-742
487,-742
486,-742
