498,-896
498,-897
498,-898
498,-899
498,-900
498,-901
498,-902
498,-903
499,-903
500,-904
500,-905
500,-906
500,-907
501,-907
502,-908
503,-908
504,-908
505,-908
506,-908
507,-908
508,-909
508,-910
509,-910
510,-910
511,-911
512,-911
513,-911
514,-911
515,-911
516,-911
517,-911
518,-911
519,-911
520,-912
521,-912
522,-912
523,-912
524,-912
525,-912
526,-911
527,-911
528,-911
529,-911
530,-911
531,-911
532,-911
533,-911
534,-911
535,-911
536,-910
537,-910
538,-910
539,-910
540,-910
541,-909
542,-909
543,-909
544,-909
545,-909
546,-909
547,-909
548,-908
549,-908
550,-908
551,-908
552,-907
553,-907
554,-907
555,-907
556,-907
557,-907
558,-907
559,-907
560,-906
561,-906
562,-906
563,-906
564,-906
565,-905
566,-905
567,-905
568,-905
569,-905
570,-905
571,-905
572,-905
573,-905
574,-905
575,-905
576,-905
577,-905
578,-905
579,-905
580,-904
581,-904
582,-904
583,-903
584,-903
585,-903
586,-903
587,-903
588,-903
589,-903
590,-903
591,-902
592,-902
593,-902
594,-902
595,-902
596,-902
597,-901
598,-901
599,-901
600,-901
601,-901
602,-901
603,-901
604,-901
605,-901
606,-901
607,-900
608,-900
609,-900
610,-900
611,-900
612,-900
613,-899
614,-899
615,-899
616,-899
617,-899
618,-898
619,-898
620,-898
621,-898
622,-898
623,-898
624,-898
625,-897
626,-897
627,-897
628,-897
629,-897
630,-896
631,-896
632,-896
633,-896
634,-895
635,-895
636,-895
637,-895
638,-894
639,-894
640,-894
641,-894
642,-894
643,-894
644,-894
645,-894
646,-894
647,-894
648,-893
649,-893
650,-893
651,-892
652,-892
653,-892
654,-892
655,-892
656,-892
657,-891
658,-891
659,-891
660,-891
661,-891
662,-890
663,-890
664,-890
665,-890
666,-890
667,-890
668,-890
669,-889
670,-889
671,-889
672,-889
673,-889
674,-888
675,-888
676,-888
677,-888
678,-887
679,-887
680,-887
681,-886
682,-886
683,-886
684,-886
685,-886
686,-885
687,-885
688,-885
689,-885
690,-884
691,-884
692,-883
693,-883
694,-883
695,-883
696,-882
697,-882
698,-882
699,-882
700,-881
701,-881
702,-881
703,-880
704,-880
705,-880
706,-879
707,-879
708,-879
709,-878
710,-877
711,-877
712,-877
713,-877
714,-877
715,-877
716,-876
717,-875
718,-875
719,-875
720,-875
721,-874
722,-874
723,-874
724,-873
725,-873
726,-873
727,-872
728,-872
729,-871
730,-871
731,-870
732,-870
733,-870
734,-869
735,-869
736,-869
736,-868
737,-867
738,-867
739,-867
740,-866
741,-866
742,-866
743,-865
744,-864
745,-864
746,-863
747,-863
748,-862
749,-862
750,-861
751,-861
752,-860
753,-859
754,-859
755,-859
756,-858
757,-857
758,-857
759,-856
760,-855
761,-855
762,-854
763,-854
764,-853
765,-853
766,-852
767,-851
768,-850
769,-850
770,-850
771,-850
771,-849
772,-848
773,-848
774,-847
775,-847
776,-846
777,-846
778,-845
778,-844
779,-843
780,-843
781,-842
782,-842
783,-842
783,-841
784,-840
785,-840
786,-839
787,-839
788,-838
789,-838
790,-837
790,-836
791,-835
792,-834
793,-834
794,-833
795,-833
796,-832
797,-831
798,-830
799,-829
800,-828
801,-828
802,-827
803,-826
804,-825
805,-824
806,-824
806,-823
807,-822
808,-821
809,-821
810,-820
811,-819
812,-818
813,-817
814,-816
815,-815
816,-814
817,-814
818,-813
818,-812
819,-811
820,-810
821,-810
822,-809
822,-808
823,-807
824,-807
825,-807
825,-806
825,-805
826,-804
827,-804
827,-803
828,-802
828,-801
829,-800
830,-799
831,-799
831,-798
832,-797
833,-797
834,-796
834,-795
835,-794
836,-793
837,-792
837,-791
838,-790
839,-790
839,-789
840,-788
841,-787
842,-786
843,-785
843,-784
844,-783
845,-782
846,-782
846,-781
846,-780
847,-779
847,-778
848,-777
849,-776
849,-775
850,-774
851,-773
851,-772
852,-771
853,-770
854,-769
854,-768
855,-767
856,-766
856,-765
856,-764
857,-763
858,-762
858,-761
859,-760
859,-759
860,-758
861,-757
861,-756
862,-755
862,-754
863,-753
864,-752
864,-751
865,-750
866,-749
866,-748
866,-747
867,-746
867,-745
867,-744
868,-743
868,-742
869,-741
869,-740
870,-739
870,-738
870,-737
871,-736
871,-735
872,-734
872,-733
873,-732
873,-731
873,-730
874,-729
875,-728
875,-727
876,-726
876,-725
876,-724
877,-723
877,-722
878,-721
879,-720
879,-719
879,-718
880,-717
881,-716
882,-715
882,-714
883,-713
884,-712
885,-712
885,-711
886,-710
887,-709
888,-708
888,-707
889,-706
889,-705
890,-704
891,-704
891,-703
892,-702
893,-701
894,-701
894,-700
895,-699
896,-698
897,-698
898,-697
899,-696
900,-695
901,-694
902,-693
903,-692
904,-691
905,-691
905,-690
906,-689
907,-689
908,-688
909,-687
910,-686
911,-685
912,-684
913,-683
914,-683
915,-682
916,-681
917,-681
918,-680
919,-679
920,-678
921,-678
922,-677
923,-676
924,-675
925,-675
926,-675
927,-675
927,-674
928,-673
929,-672
930,-672
931,-671
932,-670
933,-670
934,-669
935,-669
936,-668
937,-667
938,-666
939,-666
939,-665
940,-664
941,-664
942,-663
943,-663
944,-662
945,-661
946,-660
947,-660
948,-659
949,-658
950,-658
951,-657
952,-656
953,-656
954,-655
955,-654
956,-653
957,-653
958,-653
959,-652
960,-651
961,-651
962,-650
963,-649
964,-648
965,-648
966,-647
967,-646
968,-646
969,-645
970,-645
971,-645
971,-644
972,-643
973,-642
974,-642
975,-641
976,-641
976,-640
977,-639
978,-639
979,-639
980,-638
981,-638
982,-638
982,-637
983,-636
984,-636
985,-636
986,-635
987,-634
988,-633
989,-633
990,-632
991,-631
992,-631
993,-631
994,-630
995,-629
996,-628
997,-628
998,-627
999,-627
1000,-626
1001,-626
1002,-625
1003,-624
1003,-623
1003,-622
1003,-621
1003,-620
1002,-619
1001,-618
1000,-617
1000,-616
999,-615
998,-615
997,-615
996,-615
995,-615
994,-615
993,-614
992,-613
991,-612
991,-611
991,-610
990,-609
990,-608
989,-607
988,-606
987,-606
986,-605
986,-604
986,-603
986,-602
985,-601
984,-600
983,-599
983,-598
983,-597
982,-596
981,-595
980,-594
980,-593
979,-592
979,-591
979,-590
978,-589
977,-589
976,-589
975,-589
974,-589
973,-589
972,-589
971,-590
970,-591
969,-591
968,-592
967,-592
966,-593
965,-593
964,-594
963,-594
962,-594
962,-595
961,-596
960,-596
959,-596
959,-597
958,-598
957,-598
956,-599
955,-599
954,-600
953,-600
952,-601
951,-601
950,-602
949,-603
948,-603
947,-604
946,-605
945,-605
944,-606
943,-607
942,-607
941,-608
940,-609
939,-610
938,-610
937,-611
936,-612
935,-612
934,-613
933,-614
932,-614
931,-615
930,-615
929,-616
928,-617
927,-617
926,-618
925,-619
924,-619
923,-620
922,-621
921,-621
920,-622
919,-623
918,-624
917,-624
916,-625
915,-626
914,-626
913,-627
912,-627
911,-628
910,-629
909,-629
908,-630
907,-630
906,-631
905,-632
904,-632
903,-633
902,-634
901,-634
900,-635
899,-636
898,-636
897,-637
896,-637
895,-638
894,-639
893,-639
892,-640
891,-641
890,-641
889,-642
888,-642
887,-643
886,-644
885,-644
884,-644
883,-645
882,-646
881,-646
880,-647
879,-647
878,-648
877,-648
876,-648
875,-649
874,-649
873,-650
872,-651
871,-651
870,-652
869,-652
868,-652
867,-652
866,-653
865,-653
864,-654
863,-654
862,-655
861,-655
860,-656
859,-656
858,-656
857,-656
856,-656
855,-657
854,-657
853,-657
852,-657
851,-657
850,-658
849,-658
848,-658
847,-658
846,-659
845,-659
844,-659
843,-659
842,-659
841,-659
840,-659
839,-659
838,-659
837,-659
836,-659
835,-658
834,-658
833,-658
832,-658
831,-658
830,-658
829,-658
828,-658
827,-658
826,-658
825,-658
824,-658
823,-658
822,-658
821,-658
820,-658
819,-657
818,-657
817,-657
816,-657
815,-657
814,-657
813,-657
812,-658
811,-658
810,-658
809,-658
808,-658
807,-658
806,-658
805,-658
804,-658
803,-658
802,-658
801,-658
800,-658
799,-658
798,-658
797,-658
796,-658
795,-658
794,-659
793,-659
792,-659
791,-659
790,-659
789,-659
788,-659
787,-660
786,-660
785,-660
784,-660
783,-660
782,-660
781,-660
780,-660
779,-661
778,-661
777,-661
776,-661
775,-661
774,-661
773,-661
772,-661
771,-661
770,-662
769,-662
768,-662
767,-662
766,-663
765,-663
764,-664
763,-664
762,-664
761,-665
760,-665
759,-665
758,-665
757,-665
756,-665
755,-665
754,-665
753,-665
752,-665
751,-666
750,-666
749,-666
748,-666
747,-667
746,-667
745,-667
744,-668
743,-668
742,-668
741,-668
740,-669
739,-669
738,-669
737,-670
736,-670
735,-670
734,-670
733,-671
732,-671
731,-672
730,-672
729,-672
728,-673
727,-673
726,-673
725,-673
724,-674
723,-674
722,-674
721,-675
720,-675
719,-676
718,-676
717,-676
716,-676
715,-677
714,-677
713,-678
712,-678
711,-679
710,-679
709,-680
708,-680
707,-680
706,-681
705,-681
704,-682
703,-682
702,-682
701,-683
700,-684
699,-684
698,-684
697,-685
696,-685
695,-686
694,-686
693,-687
692,-687
691,-688
690,-688
689,-689
688,-689
687,-690
686,-691
685,-691
684,-692
683,-692
682,-693
681,-693
680,-693
680,-694
679,-695
678,-695
677,-696
676,-696
675,-697
674,-697
673,-698
672,-698
671,-699
670,-700
669,-700
668,-701
667,-702
666,-702
665,-703
664,-704
663,-704
662,-705
661,-705
660,-706
659,-707
658,-707
657,-708
656,-709
655,-709
654,-710
653,-711
652,-711
651,-712
650,-713
649,-713
648,-714
647,-715
646,-716
645,-716
644,-717
643,-718
642,-719
641,-719
640,-720
639,-721
638,-722
637,-723
636,-724
635,-724
634,-725
633,-726
632,-727
631,-728
630,-729
629,-729
628,-730
627,-731
626,-732
625,-733
624,-734
623,-735
622,-736
621,-737
620,-738
619,-739
618,-740
617,-741
616,-741
616,-742
615,-743
614,-743
614,-744
613,-745
612,-746
611,-747
610,-747
609,-748
609,-749
608,-750
607,-750
607,-751
606,-752
605,-752
605,-753
604,-754
604,-755
603,-756
602,-756
601,-757
601,-758
600,-759
599,-760
598,-760
597,-761
597,-762
596,-763
595,-764
594,-765
593,-766
593,-767
592,-768
591,-769
591,-770
590,-771
589,-771
589,-772
588,-773
587,-773
587,-774
586,-775
585,-776
584,-777
583,-778
582,-779
582,-780
581,-781
580,-782
580,-783
579,-784
578,-785
577,-786
577,-787
576,-788
575,-789
574,-790
574,-791
573,-792
572,-793
571,-794
571,-795
570,-796
569,-797
569,-798
568,-799
567,-800
567,-801
566,-802
565,-803
564,-804
564,-805
563,-806
562,-807
562,-808
561,-809
560,-810
560,-811
559,-812
558,-813
557,-814
557,-815
556,-816
556,-817
555,-818
554,-819
554,-820
553,-821
552,-822
552,-823
551,-824
550,-825
550,-826
549,-827
548,-828
547,-829
547,-830
546,-831
546,-832
545,-833
544,-833
544,-834
543,-835
542,-836
541,-837
541,-838
540,-839
539,-840
539,-841
538,-842
537,-843
537,-844
536,-845
535,-846
534,-847
533,-848
532,-849
531,-850
531,-851
530,-852
529,-853
528,-854
528,-855
527,-856
527,-857
526,-858
525,-859
524,-860
524,-861
523,-862
522,-863
522,-864
521,-865
520,-866
520,-867
519,-868
518,-869
517,-870
517,-871
516,-872
516,-873
515,-874
514,-875
513,-876
513,-877
512,-878
511,-878
511,-879
510,-880
509,-881
508,-882
507,-883
506,-884
505,-885
504,-886
503,-887
502,-888
502,-889
501,-890
500,-890
500,-891
500,-892
499,-893
499,-894
499,-895
498,-896
