560,-743
560,-744
560,-745
560,-746
560,-747
560,-748
560,-749
560,-750
560,-751
560,-752
560,-753
560,-754
561,-754
562,-755
563,-755
564,-756
565,-756
566,-756
567,-756
568,-756
569,-757
570,-758
571,-758
572,-758
573,-758
574,-758
575,-758
576,-759
577,-759
578,-759
579,-759
580,-759
581,-759
582,-759
583,-759
584,-759
585,-759
586,-759
587,-759
588,-759
589,-758
590,-758
591,-758
592,-758
593,-757
594,-757
595,-757
596,-757
597,-757
598,-757
599,-756
600,-756
601,-756
602,-755
603,-755
604,-755
605,-755
606,-755
607,-755
608,-755
609,-755
610,-755
611,-755
612,-755
613,-755
614,-755
615,-755
616,-754
617,-753
618,-753
619,-753
620,-753
621,-753
622,-753
623,-753
624,-752
625,-752
626,-752
627,-752
628,-752
629,-752
630,-752
631,-752
632,-751
633,-751
634,-751
635,-750
636,-750
637,-750
638,-751
639,-751
640,-751
641,-751
642,-751
643,-751
644,-752
645,-752
646,-752
647,-752
648,-752
649,-753
650,-753
651,-753
652,-753
653,-753
654,-753
655,-754
656,-754
657,-755
658,-755
659,-755
660,-755
661,-755
662,-755
663,-755
664,-756
665,-756
666,-757
667,-757
668,-758
669,-758
670,-759
671,-759
672,-759
673,-760
674,-761
674,-762
675,-762
676,-763
677,-763
678,-764
678,-765
679,-766
680,-767
681,-767
682,-768
683,-768
684,-769
685,-770
686,-770
687,-771
687,-772
688,-773
689,-774
690,-774
691,-775
692,-776
693,-777
694,-777
695,-778
696,-779
696,-780
697,-780
698,-781
699,-781
700,-782
700,-783
701,-783
702,-784
703,-785
704,-785
705,-786
706,-786
707,-787
708,-788
709,-788
710,-789
711,-790
712,-791
713,-791
714,-792
715,-793
715,-794
716,-794
717,-794
718,-794
719,-795
720,-796
721,-796
722,-797
723,-797
724,-797
725,-798
726,-798
727,-798
728,-798
729,-799
730,-800
731,-800
732,-801
733,-801
734,-801
735,-802
736,-802
737,-802
738,-802
739,-803
740,-803
741,-804
742,-804
743,-804
744,-805
745,-805
746,-806
747,-806
748,-806
749,-806
750,-806
751,-806
752,-807
753,-807
754,-807
755,-807
756,-808
757,-808
758,-808
759,-808
760,-808
761,-808
762,-809
763,-810
764,-810
765,-810
766,-810
767,-811
768,-811
769,-811
770,-811
771,-811
772,-811
773,-811
774,-812
775,-812
776,-812
777,-812
778,-812
779,-813
780,-813
781,-813
782,-813
783,-813
784,-813
785,-813
786,-814
787,-814
788,-814
789,-814
790,-814
791,-814
792,-814
793,-814
794,-814
795,-814
796,-814
797,-814
798,-814
799,-814
800,-814
801,-814
802,-814
803,-814
804,-814
805,-814
806,-814
807,-814
808,-814
809,-814
810,-814
811,-814
812,-814
813,-813
814,-813
815,-813
816,-813
817,-813
818,-813
819,-813
820,-813
821,-813
822,-813
823,-813
824,-813
825,-812
826,-812
827,-811
828,-811
829,-811
830,-811
831,-811
832,-811
833,-811
834,-810
835,-809
836,-809
837,-809
838,-808
839,-808
840,-808
841,-807
842,-807
843,-807
844,-807
845,-807
846,-807
847,-806
848,-806
849,-806
850,-806
851,-805
852,-805
853,-805
854,-805
855,-804
856,-804
857,-803
858,-803
859,-803
860,-803
861,-802
862,-802
863,-802
864,-802
865,-801
866,-801
867,-801
868,-800
869,-800
870,-799
871,-799
872,-799
873,-799
874,-799
875,-798
876,-798
877,-798
878,-797
879,-797
880,-796
881,-796
882,-795
883,-795
884,-795
885,-795
886,-794
887,-794
888,-793
889,-793
890,-793
891,-792
892,-792
893,-792
894,-791
895,-791
896,-791
897,-791
898,-790
899,-790
900,-789
901,-788
902,-788
903,-787
904,-787
905,-787
906,-787
907,-786
908,-786
909,-786
909,-785
910,-784
911,-783
912,-783
913,-782
914,-781
915,-781
916,-781
917,-780
918,-780
919,-779
920,-779
921,-779
922,-779
922,-778
923,-777
924,-776
925,-776
926,-776
927,-775
928,-774
929,-773
930,-772
931,-772
932,-771
933,-771
933,-770
933,-769
934,-768
935,-768
936,-768
937,-768
937,-767
938,-766
939,-766
939,-765
939,-764
940,-763
941,-763
942,-762
942,-761
942,-760
942,-759
942,-758
942,-757
942,-756
942,-755
941,-754
941,-753
940,-752
940,-751
939,-750
939,-749
938,-749
937,-748
936,-747
935,-746
934,-745
933,-744
932,-744
931,-743
930,-742
929,-742
928,-741
927,-740
926,-739
925,-738
924,-738
923,-737
922,-736
921,-735
920,-735
919,-734
918,-734
917,-733
916,-733
915,-732
914,-731
913,-730
912,-730
911,-729
910,-729
909,-728
908,-727
907,-727
906,-726
905,-726
904,-725
903,-725
902,-724
901,-723
900,-723
899,-723
898,-722
897,-721
896,-721
895,-720
894,-720
893,-719
892,-719
891,-718
890,-717
889,-717
888,-716
887,-715
886,-715
885,-714
884,-714
883,-713
883,-712
882,-712
881,-711
880,-711
879,-710
878,-710
877,-710
876,-709
875,-709
874,-709
873,-708
872,-707
871,-707
870,-706
869,-706
868,-706
867,-705
866,-705
865,-705
864,-704
863,-704
862,-703
861,-703
860,-702
859,-702
858,-701
857,-701
856,-701
855,-701
854,-700
853,-699
852,-699
851,-698
850,-698
849,-698
848,-698
847,-698
846,-697
845,-697
844,-696
843,-696
842,-696
841,-695
840,-695
839,-694
838,-694
837,-694
836,-694
835,-693
834,-693
833,-693
832,-693
831,-693
830,-692
829,-692
828,-692
827,-692
826,-691
825,-691
824,-691
823,-691
822,-691
821,-690
820,-690
819,-690
818,-690
817,-689
816,-689
815,-689
814,-689
813,-689
812,-689
811,-689
810,-689
809,-689
808,-689
807,-689
806,-689
805,-689
804,-689
803,-689
802,-688
801,-688
800,-688
799,-688
798,-688
797,-688
796,-687
795,-687
794,-687
793,-687
792,-687
791,-687
790,-688
789,-688
788,-688
787,-687
786,-687
785,-687
784,-687
783,-687
782,-687
781,-687
780,-687
779,-687
778,-687
777,-687
776,-687
775,-687
774,-687
773,-687
772,-687
771,-688
770,-688
769,-688
768,-688
767,-688
766,-688
765,-688
764,-688
763,-689
762,-689
761,-689
760,-689
759,-689
758,-689
757,-689
756,-690
755,-690
754,-690
753,-691
752,-691
751,-691
750,-691
749,-691
748,-691
747,-692
746,-693
745,-693
744,-693
743,-693
742,-694
741,-694
740,-695
739,-695
738,-695
737,-696
736,-696
735,-696
734,-696
733,-697
732,-697
731,-698
730,-698
729,-698
728,-699
727,-699
726,-700
725,-701
724,-701
723,-701
722,-701
721,-702
720,-702
719,-702
718,-703
717,-703
716,-704
715,-704
714,-705
713,-705
712,-706
711,-706
710,-707
709,-707
708,-707
708,-708
707,-709
706,-709
705,-709
704,-710
703,-711
702,-711
701,-711
700,-712
699,-713
698,-714
697,-714
696,-715
695,-715
694,-715
693,-716
692,-717
691,-717
690,-718
689,-718
688,-718
687,-719
686,-719
685,-719
684,-720
683,-720
682,-720
681,-720
680,-721
679,-721
678,-721
677,-722
676,-722
675,-722
674,-722
673,-722
672,-722
671,-722
670,-723
669,-723
668,-723
667,-723
666,-723
665,-723
664,-723
663,-723
662,-723
661,-723
660,-723
659,-723
658,-723
657,-723
656,-723
655,-723
654,-723
653,-723
652,-723
651,-723
650,-723
649,-724
648,-724
647,-724
646,-724
645,-724
644,-724
643,-724
642,-724
641,-723
640,-723
639,-723
638,-723
637,-723
636,-723
635,-724
634,-724
633,-724
632,-724
631,-724
630,-724
629,-725
628,-725
627,-725
626,-725
625,-726
624,-726
623,-726
622,-726
621,-727
620,-727
619,-727
618,-727
618,-728
618,-729
618,-730
618,-731
618,-732
618,-733
618,-734
617,-735
616,-736
615,-736
614,-736
613,-736
612,-736
611,-736
610,-736
609,-736
608,-736
607,-736
606,-736
605,-736
604,-736
603,-736
602,-736
601,-736
600,-736
599,-736
598,-736
597,-736
596,-737
595,-737
594,-737
593,-737
592,-737
591,-737
590,-737
589,-737
588,-737
587,-737
586,-737
585,-737
584,-737
583,-737
582,-737
581,-737
580,-737
580,-738
579,-739
578,-739
577,-739
576,-739
575,-740
574,-740
573,-740
572,-740
571,-739
570,-739
569,-739
568,-739
567,-739
566,-739
565,-739
565,-740
564,-741
563,-741
563,-742
562,-743
561,-743
560,-743
