480,-754
480,-755
480,-756
480,-757
480,-758
480,-759
481,-759
482,-759
483,-760
484,-760
485,-760
486,-760
487,-761
488,-761
489,-761
490,-761
491,-761
492,-762
493,-762
494,-762
495,-762
496,-762
497,-762
498,-762
499,-762
500,-762
501,-763
502,-763
503,-763
504,-763
505,-763
506,-763
507,-763
508,-763
509,-763
510,-763
511,-763
512,-763
513,-763
514,-763
515,-763
516,-763
517,-763
518,-763
519,-763
520,-763
521,-763
522,-763
523,-763
524,-763
525,-763
526,-763
527,-763
528,-763
529,-763
530,-763
531,-763
532,-763
533,-763
534,-763
535,-763
536,-763
537,-763
538,-763
539,-763
540,-763
541,-763
542,-763
543,-763
544,-763
545,-763
546,-763
547,-763
548,-763
549,-763
550,-764
551,-764
552,-764
553,-764
554,-764
555,-764
556,-764
557,-764
558,-764
559,-764
560,-764
561,-764
562,-765
563,-765
564,-765
565,-765
566,-765
567,-765
568,-766
569,-766
570,-766
571,-766
572,-766
573,-766
574,-766
575,-766
576,-766
577,-766
578,-766
579,-766
580,-766
581,-766
582,-766
583,-766
584,-766
585,-766
586,-766
587,-767
588,-767
589,-767
590,-767
591,-767
592,-767
593,-767
594,-767
595,-767
596,-767
597,-767
598,-767
599,-767
600,-767
601,-768
602,-768
603,-768
604,-768
605,-768
606,-768
607,-768
608,-768
609,-768
610,-768
611,-768
612,-768
613,-768
614,-768
615,-768
616,-768
617,-768
618,-768
619,-768
620,-769
621,-769
622,-769
623,-769
624,-769
625,-769
626,-769
627,-769
628,-769
629,-770
630,-770
631,-771
632,-771
633,-771
634,-771
635,-771
636,-771
637,-772
638,-772
639,-772
640,-772
641,-773
642,-774
643,-774
644,-774
645,-775
646,-775
647,-776
648,-776
649,-777
650,-777
651,-777
652,-778
653,-779
654,-779
655,-780
656,-781
657,-781
658,-781
659,-782
660,-783
661,-784
661,-785
662,-785
663,-786
664,-787
664,-788
665,-788
666,-789
667,-790
668,-790
669,-791
669,-792
670,-792
671,-793
672,-794
673,-794
674,-795
674,-796
675,-796
676,-797
677,-798
678,-798
679,-799
680,-800
681,-800
682,-800
683,-801
684,-802
685,-803
686,-804
687,-804
688,-804
689,-805
690,-805
691,-806
692,-807
693,-807
694,-808
695,-808
696,-809
697,-809
698,-809
699,-810
700,-811
701,-811
702,-812
703,-812
704,-813
705,-813
706,-813
707,-814
708,-814
709,-815
710,-815
711,-815
712,-816
713,-816
714,-817
715,-817
716,-817
717,-818
718,-818
719,-818
720,-819
721,-819
722,-819
723,-820
724,-820
725,-820
726,-820
727,-821
728,-821
729,-821
730,-821
731,-822
732,-822
733,-822
734,-823
735,-823
736,-824
737,-824
738,-825
739,-825
740,-825
741,-825
742,-825
743,-826
744,-826
745,-827
746,-827
747,-827
748,-827
749,-828
750,-828
751,-829
752,-829
753,-830
754,-830
755,-830
756,-830
757,-830
758,-830
759,-830
760,-830
761,-831
762,-831
763,-831
764,-831
765,-831
766,-831
767,-831
768,-832
769,-832
770,-832
771,-832
772,-832
773,-832
774,-833
775,-833
776,-833
777,-833
778,-833
779,-833
780,-833
781,-833
782,-833
783,-833
784,-833
785,-834
786,-834
787,-834
788,-834
789,-834
790,-834
791,-835
792,-835
793,-835
794,-835
795,-835
796,-835
797,-835
798,-835
799,-835
800,-835
801,-835
802,-835
803,-835
804,-835
805,-835
806,-835
807,-835
808,-835
809,-835
810,-835
811,-835
812,-835
813,-835
814,-835
815,-835
816,-836
817,-836
818,-836
819,-836
820,-836
821,-836
822,-836
823,-836
824,-837
825,-837
826,-837
827,-837
828,-838
829,-838
830,-838
831,-838
832,-838
833,-838
834,-838
835,-837
836,-837
837,-837
838,-837
839,-837
840,-837
841,-837
842,-837
843,-837
844,-837
845,-837
846,-836
847,-836
848,-836
849,-836
850,-836
851,-836
852,-835
853,-835
854,-835
855,-835
856,-835
857,-835
858,-835
859,-835
860,-835
861,-834
862,-834
863,-834
864,-833
865,-833
866,-833
867,-833
868,-833
869,-833
870,-832
871,-832
872,-832
873,-832
874,-832
875,-832
876,-832
877,-832
878,-831
879,-831
880,-830
881,-829
882,-829
883,-829
884,-829
885,-829
886,-828
887,-828
888,-828
889,-827
890,-827
891,-827
892,-827
893,-827
894,-826
895,-826
896,-825
897,-825
898,-825
899,-825
900,-824
901,-824
902,-823
903,-823
904,-823
905,-823
906,-823
907,-823
908,-822
909,-822
910,-822
911,-822
912,-821
913,-821
914,-821
915,-821
916,-821
917,-821
918,-821
919,-821
920,-821
921,-821
922,-820
923,-820
923,-819
924,-818
925,-818
926,-818
927,-818
928,-818
929,-817
930,-817
931,-817
932,-817
933,-817
934,-817
935,-817
936,-817
937,-816
938,-816
939,-816
940,-816
941,-815
942,-815
943,-815
944,-815
945,-815
946,-815
947,-815
948,-815
949,-815
950,-815
951,-815
952,-816
953,-816
954,-817
955,-817
956,-817
957,-817
958,-817
959,-817
960,-818
961,-818
962,-818
963,-818
964,-819
965,-819
966,-819
967,-819
968,-819
969,-819
970,-819
971,-819
972,-819
973,-819
974,-819
975,-819
976,-819
977,-819
978,-819
979,-819
980,-819
981,-819
982,-819
983,-819
984,-819
985,-819
986,-819
987,-819
988,-819
989,-819
990,-819
991,-819
992,-819
993,-819
994,-819
995,-818
996,-818
997,-818
998,-818
999,-818
1000,-818
1001,-818
1002,-818
1003,-818
1004,-818
1005,-818
1006,-817
1007,-817
1008,-817
1009,-817
1010,-817
1011,-817
1012,-817
1013,-817
1014,-817
1015,-816
1015,-815
1015,-814
1015,-813
1016,-812
1017,-812
1018,-812
1019,-812
1020,-811
1021,-810
1021,-809
1021,-808
1021,-807
1021,-806
1022,-805
1022,-804
1022,-803
1022,-802
1022,-801
1021,-800
1021,-799
1020,-798
1020,-797
1019,-797
1018,-796
1017,-795
1017,-794
1016,-794
1015,-793
1015,-792
1015,-791
1016,-790
1017,-790
1018,-789
1019,-789
1020,-788
1020,-787
1020,-786
1020,-785
1020,-784
1019,-783
1018,-782
1017,-781
1016,-780
1015,-779
1014,-778
1013,-777
1012,-777
1011,-776
1010,-776
1009,-775
1008,-774
1007,-774
1006,-773
1005,-772
1004,-772
1003,-771
1002,-771
1001,-770
1000,-770
999,-769
998,-768
997,-768
996,-767
995,-766
994,-766
993,-765
992,-765
991,-764
990,-763
989,-763
988,-762
987,-761
986,-761
985,-760
984,-760
983,-759
982,-759
981,-758
980,-757
979,-757
978,-756
977,-755
976,-755
975,-754
974,-754
973,-753
972,-752
971,-752
970,-751
969,-750
968,-750
967,-749
966,-749
965,-748
964,-747
963,-747
962,-746
961,-745
960,-745
959,-744
958,-743
957,-742
956,-742
955,-741
954,-740
953,-739
952,-738
951,-738
950,-737
949,-736
948,-735
947,-734
946,-734
945,-733
944,-732
943,-732
942,-731
941,-730
940,-729
939,-728
938,-727
937,-726
936,-725
935,-724
934,-724
933,-723
932,-722
931,-721
930,-720
929,-719
928,-718
927,-717
926,-717
925,-716
924,-715
923,-714
922,-713
921,-713
920,-712
919,-711
918,-710
917,-709
916,-709
915,-708
914,-707
913,-707
912,-706
911,-705
910,-705
909,-704
908,-703
907,-703
906,-702
905,-701
904,-701
903,-700
902,-699
901,-698
900,-698
899,-697
898,-697
897,-696
896,-695
895,-694
894,-694
893,-693
892,-693
891,-692
890,-692
889,-691
888,-691
887,-690
886,-690
885,-689
884,-689
883,-688
882,-688
881,-687
880,-687
879,-686
878,-686
877,-686
876,-685
875,-685
874,-684
873,-684
872,-683
871,-683
870,-682
869,-682
868,-682
867,-681
866,-681
865,-681
864,-680
863,-680
862,-679
861,-679
860,-678
859,-678
858,-678
857,-678
856,-677
855,-677
854,-676
853,-676
852,-676
851,-675
850,-675
849,-675
848,-675
847,-674
846,-674
845,-673
844,-673
843,-673
842,-673
841,-672
840,-672
839,-672
838,-671
837,-671
836,-671
835,-670
834,-670
833,-670
832,-670
831,-670
830,-669
829,-669
828,-669
827,-669
826,-668
825,-668
824,-668
823,-668
822,-667
821,-667
820,-667
819,-667
818,-667
817,-666
816,-666
815,-666
814,-666
813,-666
812,-666
811,-665
810,-665
809,-665
808,-665
807,-665
806,-665
805,-665
804,-665
803,-665
802,-665
801,-665
800,-664
799,-664
798,-664
797,-664
796,-664
795,-664
794,-664
793,-664
792,-664
791,-664
790,-664
789,-664
788,-664
787,-664
786,-664
785,-664
784,-664
783,-664
782,-664
781,-664
780,-664
779,-664
778,-664
777,-664
776,-664
775,-664
774,-664
773,-664
772,-664
771,-664
770,-664
769,-664
768,-664
767,-664
766,-664
765,-664
764,-664
763,-664
762,-664
761,-664
760,-664
759,-664
758,-664
757,-664
756,-664
755,-664
754,-664
753,-664
752,-664
751,-664
750,-665
749,-665
748,-665
747,-665
746,-665
745,-665
744,-665
743,-665
742,-666
741,-666
740,-666
739,-666
738,-666
737,-666
736,-667
735,-667
734,-667
733,-667
732,-667
731,-668
730,-668
729,-668
728,-668
727,-669
726,-669
725,-669
724,-669
723,-669
722,-670
721,-670
720,-670
719,-670
718,-671
717,-671
716,-671
715,-671
714,-672
713,-672
713,-673
712,-674
711,-674
710,-674
709,-674
708,-674
707,-675
706,-676
705,-676
704,-677
703,-677
702,-677
701,-677
700,-677
699,-678
698,-678
697,-678
696,-679
695,-679
694,-680
693,-681
692,-681
691,-682
690,-682
689,-683
688,-683
687,-684
686,-684
685,-685
684,-685
683,-686
682,-687
681,-688
680,-688
679,-689
678,-690
677,-690
676,-691
675,-691
675,-692
674,-693
673,-693
672,-694
671,-695
670,-696
669,-697
668,-697
667,-698
666,-698
665,-699
664,-700
663,-701
662,-702
661,-702
660,-703
659,-704
658,-705
657,-706
656,-706
655,-707
654,-708
653,-709
652,-709
651,-710
650,-711
649,-711
648,-711
647,-712
646,-713
645,-713
644,-713
643,-714
642,-715
641,-715
640,-716
639,-716
638,-716
637,-716
636,-717
635,-717
634,-717
633,-717
632,-717
631,-718
630,-718
629,-718
628,-718
627,-718
626,-718
625,-719
624,-719
623,-719
622,-719
621,-719
620,-720
619,-720
618,-720
617,-720
616,-720
615,-720
614,-720
613,-720
612,-720
611,-720
610,-720
609,-720
608,-720
607,-720
606,-720
605,-720
604,-720
603,-720
602,-720
601,-720
600,-720
599,-720
598,-720
597,-720
596,-720
595,-720
594,-720
593,-720
592,-720
591,-721
590,-721
589,-721
588,-721
587,-721
586,-721
585,-721
584,-721
583,-721
582,-721
581,-721
580,-721
579,-721
578,-721
577,-721
576,-721
575,-721
574,-721
573,-721
572,-721
571,-721
570,-721
569,-721
568,-721
567,-721
566,-721
565,-721
564,-721
563,-721
562,-721
561,-721
560,-721
559,-720
559,-719
558,-719
557,-718
556,-718
555,-718
554,-718
553,-718
552,-718
551,-717
550,-716
549,-715
548,-714
547,-713
546,-713
545,-712
544,-712
543,-712
542,-712
541,-712
540,-712
539,-712
538,-712
537,-712
536,-712
535,-712
534,-712
533,-712
532,-712
531,-712
530,-712
529,-712
528,-712
527,-712
526,-712
525,-712
524,-712
523,-712
522,-712
521,-712
520,-712
519,-712
518,-712
517,-712
516,-712
515,-712
514,-712
513,-712
512,-712
511,-712
510,-712
509,-712
508,-712
507,-712
506,-712
505,-712
504,-712
503,-712
502,-712
501,-712
500,-712
499,-712
498,-712
497,-712
496,-712
495,-712
494,-712
493,-713
492,-713
492,-714
491,-715
491,-716
491,-717
491,-718
491,-719
491,-720
491,-721
491,-722
491,-723
491,-724
491,-725
491,-726
491,-727
491,-728
491,-729
491,-730
491,-731
491,-732
491,-733
491,-734
491,-735
491,-736
491,-737
491,-738
490,-739
489,-739
488,-739
487,-739
486,-739
485,-739
484,-739
484,-740
484,-741
484,-742
484,-743
484,-744
484,-745
483,-746
482,-747
482,-748
482,-749
482,-750
482,-751
482,-752
482,-753
481,-754
480,-754
