483,-707
483,-708
483,-709
483,-710
483,-711
484,-712
484,-713
485,-714
486,-715
487,-715
488,-715
489,-715
490,-716
491,-716
492,-716
493,-716
494,-716
495,-717
495,-718
496,-718
497,-719
498,-719
499,-719
500,-720
501,-720
502,-720
503,-721
504,-721
505,-721
506,-721
507,-721
508,-722
509,-722
510,-722
511,-722
512,-722
513,-722
514,-722
515,-723
516,-723
517,-723
518,-723
519,-724
520,-724
521,-724
522,-724
523,-724
524,-725
525,-725
526,-725
527,-725
528,-726
529,-726
530,-726
531,-726
532,-726
533,-726
534,-727
535,-727
536,-727
537,-728
538,-728
539,-728
540,-728
541,-728
542,-728
543,-728
544,-728
545,-728
546,-728
547,-728
548,-729
549,-729
550,-729
551,-729
552,-729
553,-730
554,-730
555,-730
556,-730
557,-730
558,-730
559,-730
560,-730
561,-730
562,-730
563,-730
564,-730
565,-730
566,-730
567,-730
568,-730
569,-730
570,-730
571,-730
572,-730
573,-730
574,-730
575,-731
576,-731
577,-731
578,-731
579,-732
580,-732
581,-732
582,-732
583,-732
584,-733
585,-733
586,-733
587,-733
588,-733
589,-733
590,-733
591,-734
592,-734
593,-734
594,-734
595,-734
596,-735
597,-735
598,-735
599,-735
600,-736
601,-736
602,-736
603,-737
604,-737
605,-737
606,-737
607,-738
608,-738
609,-738
610,-739
611,-739
612,-740
613,-740
614,-740
615,-740
616,-741
617,-741
618,-742
619,-742
620,-742
621,-743
622,-743
623,-743
624,-744
625,-745
626,-745
627,-745
628,-746
629,-747
630,-747
631,-748
632,-749
633,-750
634,-750
635,-751
636,-752
637,-752
638,-753
638,-754
639,-755
640,-756
641,-756
642,-757
642,-758
643,-759
644,-760
645,-761
646,-761
647,-762
648,-762
649,-763
650,-764
651,-764
652,-765
652,-766
653,-767
654,-768
655,-769
656,-770
657,-771
658,-772
659,-773
659,-774
660,-775
661,-775
662,-776
662,-777
663,-778
664,-778
665,-779
665,-780
666,-781
667,-782
668,-783
668,-784
669,-785
670,-786
671,-786
672,-787
673,-788
674,-789
674,-790
675,-791
676,-791
677,-792
677,-793
678,-794
679,-794
680,-794
681,-795
682,-796
683,-796
684,-797
685,-798
686,-799
687,-799
688,-800
689,-801
689,-802
690,-803
691,-803
692,-803
693,-803
694,-804
695,-805
695,-806
695,-807
696,-807
697,-807
698,-807
699,-808
700,-809
701,-810
702,-810
703,-810
704,-810
705,-810
706,-811
707,-811
708,-811
709,-811
710,-812
711,-813
711,-814
712,-815
712,-816
713,-816
714,-817
715,-818
716,-818
717,-818
718,-819
719,-819
720,-819
721,-820
722,-821
722,-822
723,-822
724,-822
725,-822
726,-823
727,-823
728,-823
729,-823
730,-823
731,-824
732,-825
733,-826
734,-826
735,-826
736,-826
737,-826
738,-827
739,-827
740,-828
741,-828
742,-828
743,-828
744,-829
745,-829
746,-830
747,-830
748,-830
749,-830
750,-830
751,-831
752,-831
753,-832
754,-833
755,-833
756,-833
757,-833
758,-834
759,-834
760,-834
761,-834
762,-834
763,-834
764,-835
765,-836
766,-836
767,-836
768,-836
769,-837
770,-837
771,-837
772,-837
773,-838
774,-838
775,-839
776,-839
777,-839
778,-840
779,-840
780,-840
781,-840
782,-840
783,-840
784,-840
785,-840
786,-841
787,-841
788,-841
789,-842
790,-842
791,-842
792,-842
793,-842
794,-841
795,-841
796,-841
797,-842
797,-843
797,-844
798,-844
799,-844
800,-844
801,-844
802,-844
803,-844
804,-844
805,-844
806,-844
807,-845
808,-845
809,-845
810,-845
811,-845
812,-845
813,-845
814,-844
815,-844
816,-844
817,-844
818,-844
819,-844
820,-844
821,-844
822,-844
823,-844
824,-844
825,-844
826,-844
827,-844
828,-844
829,-844
830,-844
831,-844
832,-844
833,-844
834,-844
835,-844
836,-844
837,-843
838,-843
838,-842
839,-841
840,-841
841,-841
842,-840
843,-840
844,-840
845,-840
846,-840
847,-840
848,-839
849,-839
850,-839
851,-839
852,-839
853,-838
854,-838
854,-837
854,-836
855,-835
856,-835
857,-835
858,-835
859,-835
860,-835
861,-835
862,-835
863,-835
864,-835
864,-834
865,-833
866,-833
867,-833
868,-833
869,-832
870,-831
871,-830
872,-830
873,-830
874,-830
875,-830
876,-829
876,-828
876,-827
877,-826
878,-826
879,-826
880,-826
881,-826
882,-825
883,-825
884,-825
885,-825
886,-825
887,-824
888,-824
888,-823
888,-822
889,-821
890,-821
891,-821
892,-821
893,-821
894,-820
895,-820
896,-820
897,-820
898,-820
899,-820
900,-819
901,-819
901,-818
901,-817
902,-816
903,-816
904,-816
905,-816
906,-816
907,-815
908,-815
909,-814
910,-814
911,-814
912,-814
912,-813
912,-812
912,-811
913,-810
914,-809
915,-809
916,-808
917,-807
918,-807
919,-807
920,-807
921,-807
922,-807
923,-806
924,-805
925,-804
926,-804
927,-803
928,-802
929,-802
930,-802
930,-801
931,-800
932,-799
933,-799
934,-799
935,-799
936,-799
937,-798
938,-797
939,-797
940,-797
941,-796
942,-796
943,-796
944,-795
945,-794
946,-794
947,-794
948,-794
949,-793
950,-793
951,-792
952,-792
953,-792
954,-791
955,-791
956,-790
957,-790
958,-790
959,-791
960,-791
961,-791
962,-791
963,-791
964,-791
965,-790
966,-789
967,-788
968,-788
969,-788
970,-788
971,-788
971,-787
972,-786
973,-785
974,-785
975,-785
976,-785
977,-784
978,-784
979,-784
980,-783
981,-783
982,-782
983,-782
984,-782
985,-782
985,-781
986,-780
987,-780
988,-780
989,-779
990,-779
990,-778
991,-777
992,-777
993,-777
993,-776
994,-775
995,-775
996,-775
997,-775
998,-774
999,-774
1000,-774
1001,-773
1002,-773
1003,-773
1004,-772
1005,-771
1006,-771
1007,-771
1008,-771
1009,-771
1009,-770
1010,-769
1011,-769
1012,-769
1013,-768
1014,-768
1015,-768
1016,-768
1016,-767
1017,-766
1018,-765
1018,-764
1018,-763
1018,-762
1018,-761
1018,-760
1018,-759
1017,-759
1016,-758
1015,-757
1015,-756
1015,-755
1015,-754
1015,-753
1015,-752
1015,-751
1015,-750
1015,-749
1015,-748
1014,-747
1013,-746
1012,-745
1011,-744
1010,-744
1009,-744
1008,-743
1007,-743
1006,-742
1005,-742
1004,-741
1003,-741
1002,-740
1001,-740
1000,-739
999,-739
998,-738
997,-738
996,-738
995,-737
994,-737
993,-736
992,-736
991,-736
990,-735
989,-735
988,-734
987,-734
986,-733
985,-733
984,-732
983,-732
982,-731
981,-731
980,-730
979,-730
978,-729
977,-729
976,-728
975,-727
974,-727
973,-726
972,-726
971,-725
970,-724
969,-724
968,-723
967,-723
966,-722
965,-722
964,-721
963,-721
962,-720
961,-719
960,-719
959,-718
958,-718
957,-718
956,-717
955,-716
954,-716
953,-715
952,-714
951,-714
950,-713
949,-712
948,-711
947,-711
946,-710
945,-709
944,-709
943,-709
942,-708
941,-708
940,-707
939,-706
938,-705
937,-705
936,-704
935,-704
934,-703
933,-703
932,-702
931,-702
930,-701
929,-700
928,-700
927,-699
926,-699
925,-698
924,-697
923,-697
922,-696
921,-696
920,-695
919,-695
918,-694
917,-694
916,-693
915,-692
914,-692
913,-691
912,-691
911,-691
910,-690
909,-690
908,-689
907,-689
906,-688
905,-688
904,-687
903,-687
902,-686
901,-686
900,-686
899,-685
898,-685
897,-684
896,-684
895,-684
894,-683
893,-683
892,-683
891,-682
890,-682
889,-681
888,-681
887,-681
886,-680
885,-680
884,-680
883,-680
882,-680
881,-680
880,-679
880,-678
879,-678
878,-677
877,-677
876,-677
875,-677
874,-676
873,-676
872,-676
871,-675
870,-675
869,-675
868,-674
867,-674
866,-674
865,-674
864,-674
863,-674
862,-674
861,-673
861,-672
860,-672
859,-672
858,-672
857,-671
856,-671
855,-671
854,-670
853,-670
852,-670
851,-670
850,-670
849,-669
848,-669
847,-669
846,-668
845,-668
844,-668
843,-667
842,-667
841,-667
840,-667
839,-667
838,-666
837,-666
836,-666
835,-666
834,-665
833,-665
832,-665
831,-665
830,-664
829,-664
828,-664
827,-664
826,-664
825,-663
824,-663
823,-663
822,-663
821,-663
820,-662
819,-662
818,-662
817,-662
816,-662
815,-662
814,-661
813,-661
812,-661
811,-661
810,-661
809,-661
808,-661
807,-661
806,-661
805,-661
804,-661
803,-660
802,-660
801,-660
800,-660
799,-660
798,-660
797,-660
796,-660
795,-660
794,-660
793,-660
792,-660
791,-659
790,-659
789,-659
788,-659
787,-659
786,-659
785,-659
784,-659
783,-659
782,-658
781,-658
780,-658
779,-658
778,-658
777,-658
776,-658
775,-657
774,-657
773,-657
772,-657
771,-657
770,-657
769,-657
768,-657
767,-657
766,-657
765,-657
764,-657
763,-657
762,-657
761,-657
760,-657
759,-657
758,-657
757,-657
756,-657
755,-657
754,-657
753,-657
752,-657
751,-657
750,-657
749,-657
748,-657
747,-657
746,-657
745,-657
744,-657
743,-657
742,-658
741,-658
740,-658
739,-658
738,-658
737,-658
736,-658
735,-658
734,-658
733,-659
732,-659
731,-659
730,-660
729,-660
728,-660
727,-660
726,-660
725,-660
724,-660
723,-660
722,-660
721,-660
720,-660
719,-660
718,-660
717,-660
716,-661
715,-661
714,-661
713,-661
712,-662
711,-662
710,-662
709,-663
708,-663
707,-663
706,-663
705,-663
704,-664
703,-664
702,-664
701,-665
700,-665
699,-666
698,-666
697,-666
696,-667
695,-667
694,-668
693,-668
692,-668
691,-669
690,-669
689,-670
688,-670
687,-671
686,-671
685,-671
684,-672
683,-672
682,-673
681,-673
680,-674
679,-674
678,-675
677,-675
676,-676
675,-677
674,-677
673,-678
672,-678
671,-678
670,-679
669,-679
668,-680
667,-681
666,-682
665,-682
664,-683
663,-684
662,-684
661,-684
660,-685
659,-686
658,-686
657,-687
656,-687
655,-688
654,-689
653,-689
652,-689
651,-690
650,-690
649,-690
648,-691
647,-691
646,-691
645,-691
644,-691
643,-691
642,-691
641,-692
640,-692
639,-692
638,-692
637,-692
636,-692
635,-692
634,-692
633,-692
632,-692
631,-692
630,-692
629,-692
628,-692
627,-692
626,-692
625,-692
624,-692
623,-692
622,-692
621,-692
620,-692
619,-692
618,-692
617,-692
616,-691
615,-691
614,-691
613,-691
612,-691
611,-691
610,-691
609,-691
608,-691
607,-691
606,-690
605,-690
604,-690
603,-690
602,-690
601,-690
600,-690
599,-690
598,-689
597,-689
596,-689
595,-689
594,-689
593,-689
592,-688
591,-688
590,-688
589,-688
588,-687
587,-687
586,-687
585,-687
584,-687
583,-687
582,-687
581,-686
580,-686
579,-686
578,-686
577,-686
576,-685
575,-685
574,-685
573,-685
572,-685
571,-684
570,-684
569,-684
568,-684
567,-684
566,-684
565,-683
564,-683
563,-683
562,-683
561,-682
560,-682
559,-682
558,-682
557,-682
556,-682
555,-681
554,-681
553,-681
552,-681
551,-681
550,-680
549,-680
548,-680
547,-680
546,-680
545,-680
544,-680
543,-679
542,-679
541,-679
540,-679
539,-679
538,-678
537,-678
536,-678
535,-678
534,-678
533,-677
532,-677
531,-677
530,-677
529,-677
528,-677
527,-677
526,-676
525,-676
524,-676
523,-676
522,-676
521,-676
520,-676
519,-675
518,-675
517,-675
516,-675
515,-674
514,-674
513,-674
512,-674
511,-674
510,-674
509,-674
508,-674
507,-674
506,-673
505,-673
504,-673
503,-673
502,-673
501,-673
500,-673
499,-673
498,-673
498,-674
498,-675
498,-676
498,-677
498,-678
498,-679
497,-680
496,-680
495,-680
494,-681
493,-681
492,-681
491,-681
490,-681
489,-681
488,-681
488,-682
488,-683
488,-684
487,-685
487,-686
486,-687
486,-688
486,-689
485,-690
485,-691
485,-692
485,-693
485,-694
486,-695
486,-696
486,-697
486,-698
486,-699
486,-700
487,-701
487,-702
487,-703
486,-704
485,-704
484,-704
484,-705
484,-706
483,-707
