436,-617
436,-618
436,-619
436,-620
436,-621
436,-622
436,-623
436,-624
436,-625
436,-626
436,-627
436,-628
436,-629
437,-629
438,-630
439,-630
440,-630
441,-630
442,-630
443,-631
444,-631
445,-631
446,-631
447,-632
448,-632
449,-632
450,-633
451,-633
452,-633
453,-634
454,-635
455,-635
456,-635
457,-635
458,-636
458,-637
459,-637
460,-637
461,-637
462,-638
463,-639
464,-639
465,-639
466,-639
467,-640
468,-640
469,-640
470,-640
471,-640
472,-641
472,-642
473,-642
474,-642
475,-642
476,-643
476,-644
477,-644
478,-644
479,-644
480,-644
481,-644
482,-644
483,-645
484,-645
485,-645
486,-646
487,-646
488,-646
489,-647
490,-647
491,-648
492,-648
493,-649
494,-649
495,-649
496,-650
497,-650
498,-650
499,-651
500,-651
501,-652
502,-652
503,-653
504,-653
505,-654
506,-654
507,-655
508,-655
509,-655
510,-656
511,-657
512,-657
513,-657
514,-657
515,-658
516,-658
517,-659
518,-659
519,-659
520,-660
521,-660
522,-660
523,-660
524,-661
525,-661
526,-661
527,-662
527,-663
528,-663
529,-663
530,-664
531,-665
532,-665
533,-665
534,-666
535,-666
536,-667
537,-668
538,-668
539,-669
540,-669
541,-669
542,-670
542,-671
543,-671
544,-671
545,-671
546,-671
547,-672
548,-673
549,-673
550,-674
551,-674
552,-675
553,-675
554,-675
555,-675
556,-676
557,-676
558,-677
559,-678
560,-678
561,-678
562,-678
563,-679
564,-680
565,-680
566,-680
567,-681
568,-682
569,-682
570,-682
571,-683
572,-684
573,-684
574,-684
575,-685
576,-686
576,-687
577,-687
578,-687
579,-688
580,-689
581,-690
581,-691
581,-692
582,-692
583,-692
584,-692
585,-692
586,-693
587,-694
588,-695
589,-695
590,-696
591,-697
591,-698
592,-698
593,-699
594,-699
595,-700
595,-701
596,-702
596,-703
597,-704
598,-704
599,-705
600,-706
600,-707
601,-708
601,-709
601,-710
601,-711
602,-711
603,-712
603,-713
603,-714
604,-715
605,-716
605,-717
606,-718
606,-719
607,-720
608,-721
608,-722
609,-723
610,-724
610,-725
611,-726
611,-727
611,-728
612,-729
612,-730
613,-731
614,-732
614,-733
614,-734
615,-735
615,-736
616,-737
617,-738
617,-739
617,-740
618,-741
618,-742
619,-743
619,-744
620,-745
620,-746
621,-747
622,-748
622,-749
623,-750
623,-751
624,-751
625,-752
625,-753
626,-754
626,-755
627,-756
628,-757
629,-758
629,-759
629,-760
629,-761
630,-762
631,-762
632,-763
632,-764
633,-765
633,-766
634,-767
635,-768
635,-769
636,-770
637,-771
637,-772
638,-773
639,-774
640,-775
641,-776
642,-777
643,-778
643,-779
643,-780
644,-781
645,-782
646,-783
647,-784
647,-785
648,-785
649,-786
649,-787
650,-788
651,-789
652,-790
653,-791
654,-792
655,-793
656,-794
657,-795
658,-795
659,-796
660,-797
660,-798
660,-799
660,-800
660,-801
661,-801
662,-801
663,-801
664,-801
665,-802
666,-803
666,-804
667,-805
668,-806
669,-806
670,-807
671,-807
672,-808
672,-809
673,-810
674,-811
675,-812
676,-812
677,-813
678,-814
679,-814
680,-815
681,-816
682,-817
683,-818
684,-819
685,-819
686,-820
687,-821
688,-821
689,-822
690,-822
691,-823
692,-824
693,-824
694,-825
695,-825
696,-826
697,-827
698,-827
699,-828
699,-829
700,-829
701,-830
702,-830
703,-831
704,-832
705,-833
706,-833
707,-834
708,-834
709,-835
710,-835
711,-836
712,-837
713,-838
714,-838
715,-838
716,-838
717,-839
717,-840
718,-841
719,-841
720,-841
721,-842
722,-843
723,-844
724,-844
725,-845
726,-846
727,-846
728,-846
729,-847
730,-848
731,-848
732,-849
733,-850
734,-850
735,-850
736,-851
736,-852
737,-852
738,-853
739,-854
740,-854
741,-854
742,-854
743,-855
744,-856
745,-857
746,-858
747,-859
748,-859
749,-859
750,-860
751,-860
752,-861
753,-861
754,-862
755,-862
756,-863
757,-863
758,-864
759,-865
760,-865
761,-865
762,-866
763,-866
764,-866
765,-867
766,-867
767,-868
768,-868
769,-869
770,-869
771,-870
772,-870
773,-870
774,-870
775,-871
776,-871
777,-872
778,-872
779,-873
780,-873
781,-874
782,-874
783,-874
784,-874
785,-875
786,-875
787,-875
788,-876
789,-876
790,-877
791,-878
792,-878
793,-878
794,-878
795,-878
796,-878
797,-879
798,-879
799,-879
800,-880
801,-880
802,-881
803,-881
804,-882
805,-882
806,-882
807,-882
808,-882
809,-882
810,-883
811,-883
812,-883
813,-884
814,-884
815,-885
816,-885
817,-885
818,-885
819,-886
820,-886
821,-886
822,-886
823,-886
824,-887
825,-887
826,-888
827,-888
828,-888
829,-889
830,-889
831,-889
832,-889
833,-889
834,-889
835,-889
836,-890
837,-890
838,-890
839,-890
840,-890
841,-890
842,-890
843,-891
844,-892
845,-892
846,-892
847,-893
848,-893
849,-893
850,-893
851,-893
852,-893
853,-894
854,-894
855,-894
856,-894
857,-894
858,-894
859,-894
860,-895
861,-895
862,-895
863,-895
864,-896
865,-896
866,-896
867,-896
868,-896
869,-896
870,-896
871,-897
872,-897
873,-897
874,-897
875,-897
876,-897
877,-897
878,-897
879,-897
880,-897
881,-898
882,-898
883,-898
884,-898
885,-898
886,-898
887,-898
888,-898
889,-898
890,-898
891,-898
892,-898
893,-898
894,-898
895,-898
896,-899
897,-899
898,-899
899,-899
900,-899
901,-899
902,-899
903,-899
904,-899
905,-899
906,-899
907,-899
908,-899
909,-899
910,-899
911,-899
912,-899
913,-899
914,-899
915,-899
916,-899
917,-899
918,-899
919,-899
920,-899
921,-899
922,-899
923,-899
924,-899
925,-899
926,-898
927,-898
928,-898
929,-898
930,-899
931,-899
932,-899
933,-899
934,-899
935,-899
936,-899
937,-899
938,-899
939,-899
940,-899
941,-900
942,-900
943,-900
944,-900
945,-901
946,-901
947,-901
948,-901
949,-901
950,-901
951,-901
952,-902
953,-902
954,-902
955,-902
956,-902
957,-902
958,-902
959,-902
960,-903
961,-903
962,-903
963,-903
964,-903
965,-903
966,-903
967,-903
968,-903
969,-903
970,-903
971,-903
972,-903
973,-903
974,-903
975,-903
976,-904
977,-904
978,-904
979,-904
980,-904
981,-905
982,-905
983,-905
984,-905
985,-905
986,-905
987,-905
988,-905
989,-906
990,-906
991,-906
992,-906
993,-906
994,-907
995,-907
996,-907
997,-907
998,-908
999,-908
1000,-908
1001,-908
1002,-908
1003,-909
1004,-909
1005,-910
1006,-910
1007,-910
1008,-911
1009,-911
1010,-911
1011,-911
1012,-911
1013,-911
1014,-911
1015,-912
1016,-912
1017,-913
1018,-913
1019,-913
1020,-913
1021,-913
1022,-913
1023,-913
1024,-914
1025,-914
1026,-914
1027,-915
1028,-915
1029,-915
1030,-915
1031,-915
1032,-915
1033,-915
1034,-916
1035,-916
1036,-916
1037,-916
1038,-916
1039,-916
1040,-916
1041,-916
1042,-916
1043,-916
1044,-916
1045,-916
1046,-916
1047,-916
1048,-916
1049,-915
1050,-915
1051,-915
1052,-915
1053,-915
1054,-915
1055,-916
1056,-916
1057,-916
1058,-916
1059,-916
1060,-916
1061,-916
1062,-916
1062,-915
1062,-914
1063,-913
1064,-913
1064,-912
1064,-911
1064,-910
1064,-909
1064,-908
1064,-907
1064,-906
1063,-905
1063,-904
1063,-903
1063,-902
1062,-901
1062,-900
1062,-899
1062,-898
1063,-897
1064,-896
1065,-896
1066,-896
1066,-895
1066,-894
1066,-893
1066,-892
1065,-891
1065,-890
1065,-889
1064,-888
1064,-887
1064,-886
1063,-885
1063,-884
1062,-883
1062,-882
1062,-881
1061,-880
1061,-879
1060,-878
1060,-877
1059,-876
1059,-875
1059,-874
1058,-873
1058,-872
1057,-871
1056,-870
1056,-869
1056,-868
1055,-867
1054,-866
1054,-865
1053,-864
1052,-863
1052,-862
1051,-861
1050,-860
1050,-859
1049,-858
1049,-857
1048,-856
1047,-855
1046,-854
1046,-853
1045,-852
1044,-851
1044,-850
1043,-849
1042,-848
1041,-847
1041,-846
1040,-845
1039,-844
1039,-843
1038,-842
1037,-841
1037,-840
1036,-839
1035,-838
1035,-837
1034,-836
1033,-835
1033,-834
1032,-833
1031,-832
1030,-831
1029,-830
1029,-829
1028,-828
1027,-827
1026,-826
1026,-825
1025,-824
1024,-823
1024,-822
1023,-821
1022,-820
1021,-819
1021,-818
1020,-817
1020,-816
1019,-816
1018,-815
1018,-814
1017,-813
1016,-812
1015,-811
1014,-810
1014,-809
1013,-808
1012,-807
1011,-806
1010,-805
1010,-804
1009,-803
1008,-802
1008,-801
1007,-800
1006,-799
1005,-798
1005,-797
1004,-796
1004,-795
1003,-794
1002,-793
1002,-792
1001,-791
1000,-790
999,-789
999,-788
998,-787
997,-786
996,-785
995,-784
994,-783
994,-782
993,-781
992,-780
991,-779
990,-778
989,-777
988,-776
988,-775
987,-774
986,-773
985,-772
984,-771
983,-770
982,-769
981,-768
980,-767
979,-766
978,-765
977,-764
976,-763
976,-762
975,-761
974,-760
973,-759
972,-758
971,-757
971,-756
970,-755
969,-754
968,-753
967,-752
966,-751
966,-750
965,-749
964,-748
963,-747
962,-746
961,-745
961,-744
960,-744
959,-743
958,-742
957,-741
956,-740
955,-739
954,-738
953,-737
952,-736
951,-735
950,-734
949,-734
948,-733
947,-732
946,-731
945,-730
944,-729
943,-728
942,-728
941,-727
941,-726
940,-725
939,-724
938,-724
937,-723
936,-722
935,-721
934,-721
933,-720
932,-719
931,-718
930,-717
929,-716
928,-716
927,-715
926,-714
925,-713
924,-712
923,-712
922,-711
921,-710
920,-709
919,-708
918,-708
917,-707
916,-706
915,-705
914,-705
913,-704
912,-703
911,-702
910,-701
909,-700
908,-699
907,-699
906,-698
906,-697
905,-697
904,-696
903,-696
902,-695
902,-694
901,-693
900,-693
899,-692
898,-692
897,-691
896,-690
895,-690
894,-689
893,-688
892,-687
891,-687
890,-686
889,-685
888,-685
887,-684
886,-683
885,-683
884,-682
883,-682
882,-681
881,-681
880,-680
879,-679
878,-678
877,-677
876,-676
875,-676
874,-675
873,-675
872,-674
871,-674
870,-673
869,-673
868,-672
867,-672
866,-671
865,-670
864,-670
863,-669
862,-669
861,-668
860,-668
859,-667
858,-666
857,-666
856,-666
855,-665
854,-665
853,-664
852,-664
851,-664
850,-663
849,-662
848,-662
847,-662
846,-661
845,-661
844,-660
843,-660
842,-659
841,-658
840,-658
839,-658
838,-657
837,-657
836,-656
835,-656
834,-656
833,-656
832,-655
831,-654
830,-654
829,-653
828,-653
827,-653
826,-652
825,-652
824,-652
823,-651
822,-651
821,-651
820,-651
819,-651
818,-650
818,-649
817,-648
816,-648
815,-648
814,-647
813,-647
812,-647
811,-646
811,-645
810,-645
809,-645
808,-645
807,-645
806,-644
805,-644
804,-644
803,-644
802,-643
802,-642
801,-642
800,-642
799,-642
798,-642
797,-641
796,-641
795,-641
794,-641
793,-641
792,-641
791,-640
791,-639
790,-639
789,-639
788,-639
787,-639
786,-638
785,-638
784,-638
783,-638
782,-637
781,-637
780,-636
779,-636
778,-636
777,-636
776,-636
775,-635
774,-635
773,-635
772,-634
771,-634
770,-634
769,-634
768,-634
767,-634
766,-633
765,-633
764,-633
763,-633
762,-633
761,-632
760,-632
759,-632
758,-632
757,-632
756,-632
755,-631
754,-631
753,-631
752,-631
751,-631
750,-631
749,-630
748,-630
747,-630
746,-630
745,-629
744,-629
743,-629
742,-629
741,-629
740,-629
739,-628
738,-628
737,-628
736,-628
735,-628
734,-628
733,-628
732,-628
731,-628
730,-628
729,-628
728,-628
727,-628
726,-628
725,-628
724,-628
723,-628
722,-628
721,-628
720,-628
719,-628
718,-628
717,-628
716,-628
715,-628
714,-628
713,-628
712,-628
711,-628
710,-628
709,-628
708,-628
707,-628
706,-628
705,-628
704,-628
703,-628
702,-628
701,-628
700,-629
699,-629
698,-629
697,-629
696,-629
695,-629
694,-629
693,-629
692,-629
691,-630
690,-630
689,-630
688,-630
687,-630
686,-630
685,-630
684,-630
683,-631
682,-631
681,-631
680,-631
679,-631
678,-632
677,-632
676,-632
675,-633
674,-633
673,-633
672,-634
671,-634
670,-634
669,-635
668,-635
667,-636
666,-636
665,-636
664,-636
663,-637
662,-637
661,-638
660,-638
659,-639
658,-639
657,-639
656,-640
655,-640
654,-641
653,-641
652,-641
651,-642
650,-642
649,-643
648,-644
647,-644
646,-644
645,-644
644,-645
643,-645
642,-646
641,-646
640,-646
639,-646
638,-646
637,-647
636,-647
635,-648
634,-649
633,-649
632,-649
631,-649
630,-649
629,-649
628,-648
627,-648
626,-648
625,-648
624,-648
623,-648
622,-648
621,-647
620,-647
619,-647
618,-647
617,-647
616,-647
615,-647
614,-646
613,-646
612,-646
611,-645
610,-645
609,-645
608,-644
607,-644
606,-644
605,-644
604,-643
603,-643
602,-642
601,-642
600,-642
599,-642
598,-642
597,-641
596,-641
595,-640
594,-640
593,-640
592,-639
591,-639
590,-639
589,-639
588,-638
587,-638
586,-637
585,-637
584,-637
583,-636
582,-636
581,-635
580,-635
579,-635
578,-634
577,-634
576,-633
575,-633
574,-632
573,-632
572,-632
571,-631
570,-631
569,-631
568,-630
567,-630
566,-630
565,-629
564,-629
563,-629
562,-628
561,-628
560,-628
559,-627
558,-627
557,-626
556,-626
555,-625
554,-625
553,-624
552,-624
551,-623
550,-623
549,-623
548,-622
547,-622
546,-621
545,-621
544,-621
543,-620
542,-620
541,-620
540,-619
539,-618
538,-618
537,-618
536,-617
535,-617
534,-616
533,-615
532,-615
531,-615
530,-614
529,-614
528,-614
527,-613
526,-613
525,-613
524,-612
523,-612
522,-611
521,-611
520,-611
519,-611
518,-610
517,-610
516,-609
515,-609
514,-608
513,-608
512,-608
511,-608
510,-608
509,-608
508,-607
507,-607
506,-606
505,-605
504,-605
503,-605
502,-605
501,-604
500,-603
499,-603
498,-602
497,-602
496,-602
495,-601
494,-601
493,-600
492,-599
491,-599
490,-599
489,-598
488,-598
487,-597
486,-597
485,-596
484,-596
483,-596
482,-595
481,-595
480,-594
479,-594
478,-594
477,-593
476,-593
475,-593
474,-592
473,-592
472,-592
471,-591
470,-591
469,-591
468,-591
467,-590
467,-589
466,-589
465,-589
464,-589
463,-589
462,-589
461,-588
460,-588
459,-588
458,-587
457,-587
456,-587
455,-586
454,-586
453,-586
452,-585
451,-585
450,-585
449,-585
448,-585
447,-585
447,-586
447,-587
446,-588
446,-589
446,-590
446,-591
446,-592
446,-593
446,-594
445,-595
445,-596
444,-597
444,-598
443,-599
443,-600
442,-601
442,-602
442,-603
442,-604
441,-605
440,-606
440,-607
440,-608
439,-609
439,-610
439,-611
438,-612
438,-613
438,-614
437,-615
437,-616
436,-617
