416,-845
416,-846
416,-847
416,-848
416,-849
417,-850
417,-851
418,-851
419,-851
420,-851
421,-851
422,-850
423,-850
424,-850
425,-850
426,-850
427,-850
428,-849
429,-849
430,-849
431,-849
432,-849
433,-849
434,-849
435,-848
436,-848
437,-848
438,-848
439,-848
440,-847
441,-846
442,-846
443,-846
444,-846
445,-846
446,-846
446,-845
446,-844
447,-843
448,-843
449,-842
450,-842
451,-841
452,-841
453,-841
454,-841
455,-841
456,-841
457,-840
458,-840
459,-840
460,-839
461,-839
462,-838
463,-838
464,-838
465,-838
466,-838
467,-838
468,-838
469,-837
470,-837
471,-837
472,-836
473,-836
474,-836
475,-836
476,-836
477,-835
478,-835
479,-835
480,-834
481,-834
482,-834
483,-833
484,-833
485,-833
485,-832
486,-831
487,-831
488,-831
489,-831
490,-831
491,-831
492,-831
492,-830
493,-829
494,-829
495,-829
496,-829
497,-828
498,-828
499,-827
500,-827
501,-827
502,-827
503,-826
504,-826
505,-825
506,-825
507,-825
508,-825
509,-824
510,-824
511,-824
512,-824
513,-823
514,-823
515,-823
516,-823
517,-823
518,-822
519,-822
520,-821
521,-821
522,-821
523,-821
524,-820
525,-820
526,-820
527,-819
528,-818
529,-818
530,-818
531,-818
532,-818
533,-818
534,-818
535,-817
536,-817
537,-817
538,-816
539,-816
540,-815
541,-815
542,-815
543,-814
544,-814
545,-814
546,-814
547,-814
548,-814
549,-813
550,-813
551,-813
552,-812
553,-812
554,-812
555,-812
556,-812
557,-812
558,-811
559,-811
560,-811
561,-811
562,-811
563,-811
564,-810
565,-810
566,-810
567,-809
568,-809
569,-808
570,-808
571,-808
572,-807
573,-807
574,-807
575,-807
576,-807
577,-806
578,-806
579,-806
580,-806
581,-806
582,-806
583,-806
584,-806
585,-806
586,-806
587,-806
588,-806
589,-806
590,-806
591,-806
591,-805
592,-804
593,-804
594,-804
595,-804
596,-803
597,-803
598,-803
599,-803
600,-803
601,-803
602,-803
603,-803
604,-802
605,-802
606,-802
607,-802
608,-802
609,-802
610,-802
611,-802
612,-801
613,-801
614,-801
615,-801
616,-801
617,-801
618,-801
619,-801
620,-801
621,-801
622,-801
623,-801
624,-801
625,-801
626,-802
626,-803
627,-803
628,-803
629,-804
630,-804
631,-804
632,-804
633,-804
634,-804
635,-804
636,-804
637,-804
638,-804
639,-804
640,-804
641,-804
642,-804
643,-805
644,-806
645,-806
646,-806
647,-807
648,-807
649,-807
650,-807
651,-807
652,-808
653,-809
654,-809
655,-809
656,-809
657,-810
657,-811
658,-811
659,-811
660,-812
661,-813
662,-814
663,-814
664,-815
665,-816
666,-817
667,-817
668,-818
669,-819
670,-819
671,-820
672,-821
673,-821
674,-822
675,-822
676,-823
677,-823
678,-824
679,-824
680,-825
681,-825
682,-826
683,-827
684,-827
685,-827
686,-828
687,-829
688,-829
689,-830
690,-830
691,-831
692,-831
693,-831
694,-832
695,-833
696,-833
697,-834
698,-834
699,-834
700,-834
701,-835
702,-835
703,-836
704,-836
705,-836
706,-837
707,-837
708,-838
709,-838
710,-839
711,-839
712,-839
713,-839
714,-839
715,-840
716,-840
717,-840
718,-840
719,-841
720,-841
721,-841
722,-842
723,-842
724,-842
725,-842
726,-842
727,-842
728,-842
729,-843
730,-843
731,-843
732,-843
733,-844
734,-844
735,-844
736,-844
737,-845
738,-845
739,-845
740,-845
741,-845
742,-846
743,-846
744,-846
745,-846
746,-846
747,-846
748,-846
749,-846
750,-846
751,-846
752,-846
753,-846
754,-846
755,-846
756,-847
757,-847
758,-847
759,-847
760,-847
761,-847
762,-847
763,-847
764,-847
765,-847
766,-847
767,-847
768,-848
769,-848
770,-848
771,-848
772,-848
773,-848
774,-848
775,-848
776,-849
777,-849
778,-849
779,-849
780,-849
781,-849
782,-849
783,-849
784,-849
785,-849
786,-849
787,-849
788,-849
789,-849
790,-849
791,-850
792,-850
793,-850
794,-850
795,-850
796,-849
797,-849
798,-849
799,-849
800,-849
801,-849
802,-849
803,-849
804,-849
805,-849
806,-849
807,-849
808,-849
809,-849
810,-849
811,-849
812,-848
813,-848
814,-848
815,-848
816,-848
817,-848
818,-848
819,-848
820,-847
821,-847
822,-847
823,-847
824,-847
825,-847
826,-847
827,-847
828,-846
829,-846
830,-846
831,-846
832,-846
833,-846
834,-846
835,-845
836,-845
837,-845
838,-845
839,-844
840,-844
841,-843
842,-843
843,-843
844,-842
845,-842
846,-842
847,-842
848,-842
849,-842
850,-841
851,-841
852,-841
853,-840
854,-840
855,-840
856,-840
857,-840
858,-840
859,-840
860,-839
861,-839
862,-839
863,-839
864,-839
865,-839
866,-839
867,-838
868,-838
869,-838
870,-838
871,-837
872,-836
873,-836
874,-836
875,-835
876,-835
877,-834
878,-834
879,-834
880,-834
881,-834
882,-834
883,-834
884,-834
885,-833
886,-833
887,-833
888,-832
889,-832
890,-832
891,-831
892,-831
893,-830
894,-830
895,-830
896,-830
897,-829
898,-829
899,-828
900,-828
901,-828
902,-827
903,-827
904,-826
905,-826
906,-826
907,-825
908,-825
909,-824
910,-823
911,-823
912,-823
913,-822
914,-822
915,-821
916,-821
917,-821
918,-821
919,-821
920,-820
921,-820
922,-820
923,-819
924,-819
925,-818
926,-818
927,-818
928,-817
929,-817
930,-817
931,-817
931,-816
932,-815
933,-814
934,-814
935,-813
936,-813
937,-812
938,-812
939,-812
940,-811
941,-810
942,-810
943,-809
944,-809
945,-808
946,-808
947,-807
948,-807
949,-806
950,-805
951,-805
952,-804
953,-804
954,-804
955,-803
956,-803
957,-802
958,-802
959,-801
960,-800
961,-800
962,-799
963,-799
964,-798
965,-797
966,-796
967,-796
968,-795
969,-795
970,-794
971,-794
972,-793
972,-792
973,-791
974,-791
975,-790
976,-790
977,-789
978,-788
979,-788
980,-787
981,-786
982,-785
983,-784
984,-784
985,-783
986,-783
987,-782
988,-782
989,-781
990,-780
991,-780
992,-779
993,-778
994,-778
995,-777
996,-777
997,-776
998,-775
999,-775
1000,-774
1001,-773
1002,-772
1003,-772
1004,-771
1005,-771
1006,-770
1007,-770
1007,-769
1008,-768
1009,-768
1010,-767
1011,-767
1012,-766
1013,-765
1014,-765
1015,-764
1016,-764
1017,-763
1018,-763
1019,-762
1020,-761
1021,-760
1022,-760
1023,-759
1024,-758
1025,-758
1026,-757
1027,-756
1028,-756
1029,-756
1030,-755
1031,-755
1032,-754
1033,-753
1034,-753
1035,-752
1036,-751
1037,-751
1038,-750
1039,-750
1040,-749
1041,-748
1042,-748
1043,-747
1044,-747
1045,-746
1046,-746
1047,-745
1048,-745
1049,-744
1050,-744
1051,-743
1052,-743
1053,-743
1053,-742
1054,-741
1055,-740
1056,-739
1057,-739
1058,-738
1059,-738
1060,-738
1061,-738
1062,-737
1063,-736
1064,-735
1065,-735
1066,-734
1067,-734
1068,-734
1069,-734
1070,-733
1070,-732
1071,-731
1072,-731
1073,-730
1074,-730
1075,-730
1076,-729
1077,-729
1078,-728
1079,-728
1080,-728
1081,-728
1081,-727
1082,-726
1082,-725
1083,-724
1084,-723
1085,-722
1086,-722
1086,-721
1086,-720
1086,-719
1086,-718
1086,-717
1086,-716
1086,-715
1086,-714
1086,-713
1086,-712
1085,-711
1084,-710
1083,-709
1082,-708
1081,-708
1080,-707
1079,-706
1078,-706
1077,-705
1076,-705
1075,-704
1074,-703
1073,-703
1072,-702
1071,-702
1070,-701
1069,-701
1068,-700
1067,-700
1066,-699
1065,-699
1064,-698
1063,-698
1062,-697
1061,-697
1060,-696
1059,-696
1058,-695
1057,-695
1056,-694
1055,-693
1054,-693
1053,-693
1052,-692
1051,-692
1050,-692
1049,-692
1048,-691
1047,-691
1046,-690
1045,-690
1044,-689
1043,-689
1042,-688
1041,-688
1040,-688
1039,-687
1038,-687
1037,-686
1036,-686
1035,-685
1034,-685
1033,-685
1032,-684
1031,-684
1030,-684
1029,-684
1028,-683
1027,-683
1026,-683
1025,-683
1024,-682
1023,-682
1022,-682
1021,-682
1020,-681
1019,-681
1018,-681
1017,-681
1016,-681
1015,-680
1014,-680
1013,-680
1012,-679
1011,-679
1010,-678
1009,-678
1008,-678
1007,-678
1006,-678
1005,-677
1004,-677
1003,-677
1002,-676
1001,-676
1000,-676
999,-676
998,-676
997,-675
996,-675
995,-675
994,-674
993,-674
992,-674
991,-674
990,-674
989,-674
988,-673
987,-673
986,-672
985,-672
984,-671
983,-671
982,-671
981,-670
980,-670
979,-670
978,-670
977,-669
976,-669
975,-669
974,-669
973,-669
972,-668
971,-668
970,-667
969,-667
968,-667
967,-667
966,-666
965,-666
964,-666
963,-666
962,-666
961,-665
960,-665
959,-665
958,-665
957,-665
956,-665
955,-664
954,-664
953,-664
952,-663
951,-663
950,-663
949,-663
948,-663
947,-663
946,-662
945,-662
944,-662
943,-662
942,-661
941,-661
940,-661
939,-661
938,-660
937,-660
936,-660
935,-659
934,-659
933,-659
932,-659
931,-659
930,-659
929,-659
928,-658
927,-658
926,-658
925,-658
924,-658
923,-658
922,-658
921,-658
920,-657
919,-657
918,-656
917,-656
916,-656
915,-656
914,-656
913,-655
912,-655
911,-655
910,-655
909,-654
908,-654
907,-654
906,-654
905,-654
904,-654
903,-654
902,-654
901,-654
900,-654
899,-654
898,-653
897,-653
896,-653
895,-653
894,-653
893,-653
892,-653
891,-653
890,-653
889,-653
888,-653
887,-653
886,-652
885,-652
884,-652
883,-652
882,-652
881,-652
880,-652
879,-652
878,-652
877,-652
876,-652
875,-651
874,-651
873,-651
872,-651
871,-651
870,-651
869,-651
868,-651
867,-651
866,-651
865,-651
864,-651
863,-651
862,-651
861,-651
860,-651
859,-651
858,-651
857,-651
856,-651
855,-651
854,-651
853,-651
852,-651
851,-651
850,-651
849,-651
848,-651
847,-651
846,-651
845,-651
844,-651
843,-652
842,-652
841,-652
840,-652
839,-652
838,-652
837,-652
836,-652
835,-652
834,-652
833,-652
832,-652
831,-652
830,-652
829,-653
828,-653
827,-653
826,-653
825,-653
824,-653
823,-653
822,-653
821,-654
820,-654
819,-654
818,-654
817,-654
816,-654
815,-654
814,-654
813,-654
812,-654
811,-654
810,-654
809,-654
808,-654
807,-654
806,-654
805,-655
804,-655
803,-655
802,-655
801,-655
800,-655
799,-655
798,-655
798,-656
797,-657
796,-657
795,-657
794,-657
793,-657
792,-657
791,-657
790,-657
789,-657
788,-657
787,-658
786,-658
785,-658
784,-658
783,-658
782,-658
781,-659
780,-659
779,-659
778,-659
777,-659
776,-659
775,-660
774,-660
773,-661
772,-661
771,-661
770,-661
769,-661
768,-662
767,-662
766,-662
765,-662
764,-663
763,-663
762,-663
762,-664
761,-665
760,-665
759,-665
758,-665
757,-665
756,-666
755,-666
754,-666
753,-666
752,-667
751,-667
750,-667
749,-667
748,-668
747,-669
746,-669
745,-669
744,-669
743,-670
742,-670
741,-670
740,-670
739,-671
738,-671
737,-672
736,-672
735,-672
734,-672
733,-673
732,-673
731,-674
730,-674
729,-674
728,-674
727,-675
726,-675
725,-676
724,-676
723,-677
722,-677
721,-677
720,-678
719,-678
718,-678
717,-679
716,-679
715,-680
714,-681
713,-681
712,-682
711,-682
710,-683
709,-684
708,-684
707,-685
706,-685
705,-685
704,-686
703,-687
702,-687
701,-688
700,-688
699,-689
698,-689
697,-690
696,-690
695,-691
694,-692
693,-693
692,-693
691,-694
690,-695
689,-695
688,-696
687,-697
686,-697
685,-698
684,-698
683,-699
682,-700
681,-701
680,-702
679,-702
678,-703
677,-704
676,-705
675,-705
674,-706
673,-707
672,-707
672,-708
671,-709
670,-709
669,-710
668,-711
667,-712
666,-713
665,-714
664,-715
663,-716
662,-717
661,-718
660,-718
659,-719
658,-720
658,-721
657,-722
656,-723
655,-724
654,-725
653,-726
652,-727
652,-728
651,-729
650,-730
650,-731
649,-732
648,-733
647,-733
646,-734
645,-735
644,-736
643,-736
642,-737
641,-738
640,-739
639,-739
638,-740
637,-740
637,-741
636,-742
635,-742
634,-743
633,-744
632,-744
631,-745
630,-745
629,-746
628,-746
627,-746
626,-747
625,-747
624,-747
623,-748
622,-748
621,-749
620,-749
619,-750
618,-750
617,-750
616,-750
615,-751
614,-751
613,-752
612,-752
611,-752
610,-753
609,-753
608,-753
607,-753
606,-754
605,-754
604,-754
603,-755
602,-755
601,-755
600,-755
599,-756
598,-756
597,-756
596,-757
595,-757
594,-757
593,-757
592,-758
591,-758
590,-758
589,-759
588,-759
587,-759
586,-760
585,-760
584,-760
583,-761
582,-761
581,-762
581,-763
580,-764
579,-764
578,-764
577,-764
576,-764
575,-764
574,-764
573,-764
572,-764
571,-764
570,-765
569,-765
568,-765
567,-765
566,-765
565,-765
564,-765
563,-766
562,-767
561,-767
560,-767
559,-768
558,-769
557,-769
556,-769
555,-769
554,-769
553,-769
552,-769
551,-769
550,-769
549,-770
548,-770
547,-770
546,-771
545,-771
544,-772
543,-772
542,-772
541,-772
540,-773
539,-773
538,-773
537,-773
536,-774
535,-774
534,-775
533,-775
532,-775
531,-775
530,-776
529,-776
528,-776
527,-776
526,-777
525,-777
524,-777
523,-777
522,-778
521,-778
520,-778
519,-778
518,-778
517,-779
516,-779
515,-780
514,-780
513,-780
512,-781
511,-781
510,-781
509,-781
508,-781
507,-782
506,-782
505,-782
504,-782
503,-783
502,-783
501,-783
500,-783
499,-783
498,-784
497,-784
496,-784
495,-784
494,-785
493,-785
492,-785
491,-786
490,-786
489,-786
488,-787
487,-787
486,-788
485,-788
484,-788
483,-788
482,-788
481,-789
480,-789
479,-790
478,-790
477,-790
476,-790
475,-791
474,-792
473,-793
472,-793
471,-793
470,-794
469,-794
468,-794
467,-795
466,-796
465,-796
464,-796
463,-796
462,-796
461,-796
460,-796
459,-797
458,-797
457,-797
456,-797
456,-798
456,-799
456,-800
456,-801
456,-802
456,-803
456,-804
457,-805
458,-805
459,-806
459,-807
459,-808
458,-809
457,-809
457,-810
457,-811
457,-812
456,-813
455,-813
455,-814
455,-815
455,-816
455,-817
454,-818
453,-818
452,-819
451,-820
450,-821
449,-822
449,-823
448,-824
447,-824
446,-824
446,-825
446,-826
446,-827
446,-828
446,-829
445,-830
444,-831
443,-832
442,-832
441,-832
440,-832
439,-832
438,-832
438,-833
438,-834
438,-835
438,-836
438,-837
438,-838
437,-839
436,-839
435,-840
434,-840
433,-841
432,-841
431,-842
430,-842
429,-843
428,-844
427,-844
426,-844
425,-844
424,-844
423,-844
422,-844
421,-844
420,-844
419,-844
418,-844
417,-845
416,-845
