404,-744
404,-745
404,-746
404,-747
404,-748
405,-748
406,-748
407,-748
408,-748
408,-747
408,-746
409,-745
410,-745
411,-745
412,-745
413,-744
414,-744
415,-743
416,-743
417,-743
418,-743
419,-743
420,-742
421,-742
422,-742
423,-742
424,-742
425,-742
426,-743
426,-744
427,-745
428,-746
429,-746
430,-747
430,-748
430,-749
430,-750
430,-751
430,-752
431,-753
432,-754
432,-755
432,-756
433,-756
434,-756
435,-756
436,-757
437,-757
438,-757
439,-757
440,-758
440,-759
440,-760
440,-761
440,-762
440,-763
441,-763
442,-763
443,-763
444,-764
445,-764
446,-764
447,-765
448,-766
448,-767
448,-768
447,-769
446,-769
445,-769
445,-770
445,-771
445,-772
445,-773
445,-774
445,-775
445,-776
446,-777
446,-778
446,-779
446,-780
447,-780
448,-780
449,-780
450,-780
451,-779
452,-779
453,-779
454,-779
455,-779
456,-779
457,-779
458,-779
459,-779
460,-779
461,-779
462,-779
463,-779
464,-779
465,-779
466,-779
467,-779
468,-779
469,-779
470,-779
471,-779
472,-779
473,-779
474,-779
475,-779
476,-779
477,-779
478,-779
479,-779
480,-779
481,-779
482,-779
483,-779
484,-779
485,-778
486,-778
487,-778
488,-778
489,-778
490,-778
491,-778
492,-778
493,-778
494,-778
495,-778
496,-778
497,-778
498,-778
499,-778
500,-778
501,-778
502,-778
503,-778
504,-778
505,-778
506,-778
507,-778
508,-778
509,-778
510,-778
511,-778
512,-778
513,-778
514,-778
515,-778
516,-778
517,-778
518,-778
519,-778
520,-778
521,-778
522,-778
523,-778
524,-778
525,-778
526,-778
527,-778
528,-778
529,-778
530,-778
531,-778
532,-778
533,-778
534,-778
535,-778
536,-778
537,-778
538,-778
539,-778
540,-778
541,-778
542,-778
543,-778
544,-778
545,-778
546,-778
547,-778
548,-778
549,-778
550,-778
551,-778
552,-778
553,-778
554,-778
555,-778
556,-778
557,-778
558,-778
559,-778
560,-778
561,-778
562,-778
563,-778
564,-778
565,-778
566,-778
567,-778
568,-778
569,-778
570,-778
571,-778
572,-778
573,-778
574,-778
575,-778
576,-778
577,-779
578,-779
579,-779
580,-779
581,-779
582,-779
583,-779
584,-779
585,-779
586,-779
587,-779
588,-779
589,-779
590,-779
591,-779
592,-779
593,-779
594,-779
595,-779
596,-779
597,-780
598,-780
599,-780
600,-780
601,-780
602,-780
603,-780
604,-780
605,-781
606,-781
607,-781
608,-781
609,-781
610,-781
611,-781
612,-781
613,-781
614,-782
615,-782
616,-782
617,-782
618,-782
619,-782
620,-782
621,-782
622,-782
623,-783
624,-783
625,-783
626,-783
627,-783
628,-783
629,-783
630,-783
631,-783
632,-783
633,-783
634,-783
635,-783
636,-783
637,-783
638,-784
639,-784
640,-784
641,-784
642,-784
643,-785
644,-785
645,-785
646,-785
647,-786
648,-787
649,-788
650,-788
651,-788
652,-788
653,-788
654,-788
655,-789
656,-790
657,-791
658,-792
659,-793
659,-794
660,-795
661,-795
662,-796
663,-796
664,-797
665,-798
666,-799
667,-800
667,-801
668,-802
669,-802
670,-803
671,-803
672,-804
673,-804
674,-805
675,-806
676,-807
677,-808
678,-809
679,-810
680,-810
681,-811
682,-811
683,-812
683,-813
683,-814
684,-814
685,-814
686,-814
687,-815
688,-816
689,-817
690,-817
691,-818
691,-819
692,-819
693,-820
694,-820
695,-821
696,-821
697,-821
698,-822
699,-823
700,-823
701,-824
701,-825
702,-826
703,-827
704,-827
705,-827
706,-827
707,-828
707,-829
708,-829
709,-829
710,-829
711,-830
711,-831
711,-832
711,-833
712,-833
713,-833
714,-833
715,-833
716,-833
717,-834
718,-835
719,-835
720,-835
721,-835
722,-836
723,-837
724,-837
725,-837
726,-838
726,-839
727,-839
728,-839
729,-839
730,-839
731,-839
732,-839
733,-840
733,-841
733,-842
734,-842
735,-842
736,-842
737,-843
738,-844
739,-844
740,-844
741,-844
742,-845
743,-845
744,-845
745,-845
746,-846
747,-846
748,-846
749,-846
750,-846
751,-846
752,-846
753,-846
754,-846
755,-846
756,-846
757,-847
758,-847
759,-847
760,-847
761,-847
762,-847
763,-847
764,-847
765,-846
766,-846
767,-846
768,-847
769,-848
770,-849
771,-849
772,-849
773,-849
774,-849
775,-848
776,-848
777,-848
778,-848
779,-848
780,-848
781,-849
782,-849
783,-849
784,-849
785,-849
786,-849
787,-849
788,-849
789,-849
790,-849
791,-849
792,-849
793,-849
794,-849
795,-849
796,-849
797,-849
798,-849
799,-849
800,-849
801,-849
802,-850
803,-850
804,-850
805,-850
806,-850
807,-850
808,-850
809,-850
810,-850
811,-850
812,-850
813,-850
814,-850
815,-850
816,-850
817,-850
818,-850
819,-850
820,-850
821,-850
822,-850
823,-850
824,-850
825,-850
826,-850
827,-850
828,-850
829,-850
830,-850
831,-850
832,-850
833,-850
834,-850
835,-850
836,-850
837,-850
838,-850
839,-850
840,-850
841,-850
842,-850
843,-850
844,-850
845,-850
846,-850
847,-850
848,-850
849,-849
850,-849
851,-849
852,-849
853,-849
854,-849
855,-849
856,-849
857,-849
858,-849
859,-849
860,-849
861,-849
862,-849
863,-848
864,-848
865,-848
866,-849
867,-849
868,-849
869,-849
870,-849
871,-848
872,-848
873,-848
874,-848
875,-848
876,-848
877,-848
878,-848
879,-848
880,-848
881,-847
882,-847
883,-847
884,-847
885,-847
886,-847
887,-847
888,-847
889,-846
890,-846
891,-846
892,-846
893,-846
894,-845
895,-845
896,-845
897,-845
898,-845
899,-844
900,-844
901,-844
902,-844
903,-843
904,-843
905,-843
906,-843
907,-843
908,-843
909,-842
910,-842
911,-842
912,-842
913,-841
914,-841
915,-841
916,-840
917,-840
918,-840
919,-840
920,-840
921,-840
922,-840
923,-840
924,-839
925,-838
926,-837
927,-837
928,-837
929,-837
930,-837
931,-836
932,-836
933,-835
934,-835
935,-834
936,-833
937,-833
938,-833
939,-832
940,-831
941,-831
942,-831
943,-831
944,-831
945,-831
946,-830
947,-830
948,-830
949,-830
950,-830
951,-830
951,-829
951,-828
952,-827
953,-827
954,-827
955,-827
956,-827
957,-827
958,-827
959,-827
960,-827
961,-826
962,-826
963,-825
964,-825
965,-824
966,-824
967,-824
968,-824
969,-823
969,-822
969,-821
969,-820
970,-819
971,-819
972,-819
973,-819
974,-819
975,-819
976,-819
977,-819
978,-819
979,-819
980,-819
981,-819
982,-819
983,-819
984,-819
984,-818
985,-817
986,-817
986,-816
987,-815
988,-815
989,-815
990,-815
991,-815
992,-815
993,-815
994,-815
995,-815
996,-815
997,-815
997,-814
997,-813
998,-812
999,-811
1000,-811
1001,-811
1002,-811
1003,-811
1004,-810
1005,-810
1006,-810
1007,-810
1007,-809
1008,-808
1009,-808
1010,-808
1011,-808
1012,-807
1013,-807
1014,-807
1015,-807
1016,-807
1017,-806
1018,-805
1019,-805
1020,-805
1021,-804
1022,-804
1023,-804
1024,-804
1025,-804
1026,-803
1027,-802
1028,-802
1029,-802
1030,-802
1031,-802
1032,-801
1033,-801
1034,-801
1035,-801
1036,-801
1037,-801
1038,-801
1039,-801
1040,-801
1041,-801
1042,-801
1043,-801
1043,-800
1044,-799
1045,-799
1046,-799
1047,-799
1048,-799
1049,-799
1050,-799
1051,-799
1052,-798
1053,-798
1054,-798
1055,-798
1056,-798
1057,-797
1058,-797
1059,-797
1060,-797
1061,-797
1062,-797
1063,-797
1064,-797
1065,-797
1066,-796
1067,-796
1068,-796
1069,-796
1069,-795
1070,-794
1071,-794
1072,-794
1073,-794
1074,-794
1075,-794
1076,-794
1077,-793
1078,-793
1079,-792
1080,-792
1081,-792
1081,-791
1081,-790
1082,-789
1083,-788
1083,-787
1084,-786
1085,-786
1086,-786
1087,-786
1088,-786
1089,-786
1090,-786
1091,-787
1092,-787
1093,-787
1094,-787
1095,-787
1096,-787
1097,-786
1098,-786
1098,-785
1098,-784
1098,-783
1098,-782
1098,-781
1098,-780
1097,-779
1096,-779
1095,-779
1094,-778
1094,-777
1094,-776
1094,-775
1094,-774
1094,-773
1093,-772
1092,-772
1091,-771
1091,-770
1090,-769
1089,-769
1088,-769
1087,-768
1087,-767
1087,-766
1087,-765
1087,-764
1088,-763
1089,-762
1090,-761
1091,-760
1092,-759
1092,-758
1092,-757
1092,-756
1092,-755
1091,-754
1090,-753
1089,-753
1088,-752
1087,-751
1086,-751
1085,-750
1084,-750
1083,-749
1082,-749
1081,-748
1080,-748
1079,-748
1078,-747
1077,-747
1076,-746
1075,-745
1074,-745
1073,-744
1072,-744
1071,-743
1070,-743
1069,-742
1068,-741
1067,-741
1066,-740
1065,-740
1064,-739
1063,-739
1062,-738
1061,-738
1060,-737
1059,-737
1058,-736
1057,-736
1056,-735
1055,-734
1054,-734
1053,-733
1052,-733
1051,-732
1050,-731
1049,-731
1048,-731
1047,-731
1046,-731
1045,-730
1044,-730
1043,-729
1043,-728
1042,-728
1041,-728
1040,-727
1039,-727
1038,-726
1037,-726
1036,-726
1035,-725
1034,-725
1033,-724
1032,-723
1031,-723
1030,-722
1029,-722
1028,-722
1027,-721
1026,-720
1025,-720
1024,-719
1023,-719
1022,-718
1021,-717
1020,-717
1019,-717
1018,-716
1017,-716
1016,-715
1015,-715
1014,-714
1013,-714
1012,-713
1011,-713
1010,-712
1009,-712
1008,-711
1007,-711
1006,-711
1005,-711
1004,-710
1003,-709
1002,-708
1001,-708
1000,-707
999,-707
998,-706
997,-706
996,-705
995,-705
994,-704
993,-703
992,-703
991,-702
990,-702
989,-702
988,-701
987,-701
986,-700
985,-700
984,-699
983,-699
982,-699
981,-698
980,-697
979,-697
978,-697
977,-696
976,-696
975,-695
974,-695
973,-695
972,-695
971,-695
970,-695
969,-696
968,-697
967,-697
966,-698
965,-699
964,-700
963,-700
962,-701
961,-702
960,-702
959,-703
958,-704
957,-705
956,-705
955,-706
954,-707
953,-708
952,-708
951,-709
950,-709
949,-709
948,-708
948,-707
948,-706
948,-705
948,-704
949,-703
950,-702
951,-701
952,-700
953,-700
954,-699
955,-698
955,-697
955,-696
956,-695
957,-695
958,-695
959,-695
960,-694
961,-694
962,-693
962,-692
962,-691
962,-690
962,-689
962,-688
961,-687
960,-687
959,-686
958,-686
957,-686
956,-685
955,-685
954,-685
953,-684
952,-684
951,-684
950,-683
949,-683
948,-682
947,-681
946,-681
945,-680
944,-680
943,-680
942,-679
941,-679
940,-679
939,-679
938,-678
937,-678
936,-678
935,-677
934,-677
933,-676
932,-675
931,-675
930,-675
929,-675
928,-675
927,-674
926,-674
925,-673
924,-673
923,-673
922,-672
921,-672
920,-672
919,-671
918,-671
917,-671
916,-671
915,-671
914,-670
913,-670
912,-670
911,-670
910,-669
909,-669
908,-669
907,-668
906,-668
905,-667
904,-667
903,-667
902,-666
901,-666
900,-665
899,-665
898,-665
897,-665
896,-664
895,-664
894,-663
893,-663
892,-663
891,-663
890,-663
889,-662
888,-662
887,-662
886,-662
885,-662
884,-661
883,-661
882,-660
881,-660
880,-660
879,-660
878,-659
877,-659
876,-659
875,-659
874,-659
873,-659
872,-659
871,-659
870,-659
869,-659
868,-659
867,-658
866,-658
865,-658
864,-658
863,-658
862,-657
861,-657
860,-657
859,-657
858,-657
857,-657
856,-657
855,-657
854,-656
853,-656
852,-656
851,-656
850,-656
849,-656
848,-656
847,-655
846,-655
845,-655
844,-655
843,-655
842,-655
841,-655
840,-655
839,-655
838,-655
837,-655
836,-654
835,-654
834,-654
833,-654
832,-653
831,-653
830,-653
829,-653
828,-653
827,-653
826,-653
825,-653
824,-653
823,-653
822,-653
821,-652
820,-652
819,-652
818,-652
817,-652
816,-652
815,-652
814,-652
813,-652
812,-652
811,-652
810,-652
809,-652
808,-652
807,-652
806,-652
805,-652
804,-652
803,-652
802,-652
801,-652
800,-652
799,-652
798,-652
797,-652
796,-652
795,-652
794,-652
793,-652
792,-653
791,-653
790,-653
789,-653
788,-653
787,-653
786,-653
785,-653
784,-653
783,-654
782,-654
781,-654
780,-654
779,-654
778,-654
777,-654
776,-654
775,-654
774,-654
773,-654
772,-655
771,-655
770,-656
769,-656
768,-656
767,-656
766,-656
765,-657
764,-657
763,-657
762,-657
761,-657
760,-658
759,-658
758,-658
757,-658
756,-659
755,-659
754,-659
753,-659
752,-659
751,-659
750,-659
749,-660
748,-661
747,-661
746,-661
745,-661
744,-661
743,-662
742,-662
741,-662
740,-662
739,-662
738,-663
737,-663
736,-663
735,-663
734,-663
733,-663
732,-663
731,-663
730,-664
729,-664
728,-664
727,-664
726,-664
725,-665
724,-666
723,-666
722,-666
721,-667
720,-667
719,-667
718,-667
717,-668
716,-668
715,-668
714,-669
713,-669
712,-669
711,-670
710,-670
709,-670
709,-671
708,-672
707,-672
706,-673
705,-673
704,-673
703,-673
702,-673
701,-674
700,-674
699,-675
698,-675
697,-675
696,-676
695,-676
694,-677
693,-677
692,-678
691,-678
690,-679
689,-679
688,-679
687,-680
686,-681
685,-682
684,-683
683,-683
682,-684
681,-684
681,-685
680,-686
679,-686
678,-687
677,-687
676,-688
675,-688
674,-689
673,-690
672,-690
671,-691
670,-691
669,-692
668,-693
667,-694
666,-695
665,-695
664,-696
663,-697
662,-698
661,-699
660,-699
659,-700
658,-701
657,-702
656,-703
655,-704
654,-704
653,-705
653,-706
652,-707
651,-707
650,-707
649,-708
648,-709
647,-710
646,-710
645,-711
645,-712
644,-713
643,-713
642,-713
641,-714
640,-714
639,-715
638,-716
637,-716
636,-717
635,-717
634,-718
633,-718
632,-719
631,-719
630,-719
629,-720
628,-720
627,-721
626,-721
625,-721
624,-721
623,-722
622,-722
621,-723
620,-723
619,-723
618,-724
617,-724
616,-724
615,-724
614,-724
613,-724
612,-724
611,-724
610,-725
609,-725
608,-725
607,-725
606,-725
605,-725
604,-725
603,-725
602,-725
601,-726
600,-726
599,-726
598,-726
597,-726
596,-726
595,-726
594,-726
593,-726
592,-726
591,-726
590,-726
589,-726
588,-726
587,-726
586,-726
585,-726
584,-726
583,-726
582,-726
581,-727
580,-727
579,-727
578,-727
577,-727
576,-727
575,-727
574,-727
573,-727
572,-727
571,-727
570,-727
569,-728
568,-728
567,-728
566,-728
565,-728
564,-728
563,-728
562,-728
561,-728
560,-728
559,-728
558,-728
557,-728
556,-728
555,-728
554,-728
553,-728
553,-729
553,-730
553,-731
552,-732
551,-732
550,-732
549,-732
548,-732
547,-732
546,-732
545,-732
544,-732
543,-732
542,-732
541,-732
540,-732
539,-732
538,-732
537,-732
536,-732
535,-732
534,-732
533,-732
532,-732
531,-732
530,-732
529,-732
528,-732
527,-732
526,-732
525,-732
524,-732
523,-732
522,-732
521,-732
520,-732
519,-732
518,-732
517,-732
516,-732
515,-732
514,-732
513,-732
512,-732
511,-732
510,-732
509,-732
508,-732
507,-732
506,-732
505,-732
504,-732
503,-732
502,-732
501,-732
500,-732
499,-732
498,-732
497,-732
496,-732
495,-732
494,-732
493,-732
492,-732
491,-732
490,-732
489,-732
488,-732
487,-732
486,-732
485,-732
484,-732
483,-732
482,-732
481,-732
480,-732
479,-732
478,-732
477,-732
476,-732
475,-732
474,-732
473,-732
472,-732
471,-732
470,-733
469,-733
468,-733
467,-734
466,-734
465,-734
464,-734
463,-734
462,-734
461,-734
460,-734
459,-734
458,-733
457,-733
456,-733
455,-733
454,-733
453,-733
453,-734
453,-735
452,-736
451,-736
450,-736
449,-736
448,-736
447,-736
446,-736
445,-736
444,-736
443,-736
442,-735
441,-735
440,-735
439,-735
438,-735
437,-735
436,-736
435,-736
434,-736
433,-736
432,-736
431,-736
430,-736
429,-736
428,-736
427,-735
427,-734
426,-734
425,-734
424,-734
423,-734
422,-734
421,-734
420,-734
419,-735
418,-736
417,-736
416,-737
415,-738
414,-738
413,-738
412,-738
411,-738
410,-739
409,-739
408,-740
408,-741
408,-742
408,-743
407,-744
406,-744
405,-744
404,-744
