669,-778
669,-779
669,-780
669,-781
669,-782
670,-783
670,-784
671,-784
672,-785
672,-786
673,-787
674,-787
675,-788
676,-788
677,-789
678,-790
679,-790
680,-791
681,-792
682,-792
683,-793
684,-793
685,-794
686,-795
687,-795
688,-796
689,-797
690,-797
691,-798
692,-798
693,-799
694,-799
695,-800
696,-800
697,-801
698,-801
699,-802
700,-802
701,-802
702,-802
703,-803
703,-804
703,-805
704,-805
705,-805
706,-805
707,-805
708,-806
709,-807
710,-807
711,-807
712,-807
713,-807
714,-808
715,-808
716,-808
717,-808
718,-809
719,-809
720,-809
721,-809
722,-809
723,-809
724,-809
725,-809
726,-809
727,-810
728,-810
729,-810
730,-810
731,-810
732,-810
733,-810
734,-810
735,-810
736,-810
737,-810
738,-810
739,-809
740,-809
741,-809
742,-809
743,-809
744,-809
745,-809
746,-809
747,-809
748,-809
749,-809
750,-809
751,-808
752,-808
753,-808
754,-808
755,-808
756,-807
757,-807
758,-807
759,-807
760,-806
761,-806
762,-805
763,-805
764,-805
765,-804
766,-804
767,-804
768,-803
769,-803
770,-803
771,-802
772,-802
773,-802
774,-801
775,-800
776,-800
777,-800
778,-799
779,-799
780,-798
781,-798
782,-797
783,-797
784,-796
785,-796
786,-796
787,-795
788,-794
789,-793
790,-793
791,-792
792,-792
793,-791
794,-790
795,-789
796,-789
797,-789
798,-788
799,-787
800,-786
801,-785
802,-785
803,-784
804,-783
805,-783
805,-782
806,-781
807,-781
808,-780
809,-780
810,-779
811,-778
812,-777
813,-776
814,-775
815,-774
816,-774
817,-773
818,-772
818,-771
819,-770
820,-770
821,-770
821,-769
822,-768
822,-767
823,-766
824,-765
825,-765
826,-765
826,-764
826,-763
826,-762
826,-761
826,-760
827,-759
828,-759
828,-758
828,-757
828,-756
828,-755
827,-754
827,-753
827,-752
827,-751
827,-750
827,-749
827,-748
827,-747
827,-746
828,-745
828,-744
828,-743
829,-742
829,-741
830,-740
830,-739
831,-738
831,-737
832,-736
833,-735
833,-734
833,-733
833,-732
833,-731
832,-730
832,-729
832,-728
831,-727
830,-726
830,-725
830,-724
830,-723
830,-722
830,-721
830,-720
829,-719
829,-718
828,-718
827,-717
827,-716
826,-715
826,-714
825,-714
824,-714
823,-713
823,-712
823,-711
823,-710
822,-709
821,-709
820,-709
819,-708
818,-708
817,-707
816,-707
815,-706
814,-706
813,-705
812,-705
811,-704
810,-704
809,-703
808,-702
807,-702
806,-701
805,-701
804,-700
803,-700
802,-699
801,-699
800,-698
799,-698
798,-698
797,-697
796,-697
795,-697
794,-696
793,-696
792,-696
791,-696
790,-696
789,-695
788,-695
787,-695
786,-695
785,-695
784,-694
783,-694
782,-694
781,-694
780,-693
779,-693
778,-693
777,-693
776,-693
775,-693
774,-693
773,-693
772,-693
771,-693
770,-693
769,-692
768,-692
767,-692
766,-692
765,-692
764,-693
763,-693
762,-693
761,-693
760,-693
759,-693
758,-693
757,-693
756,-693
755,-693
754,-693
753,-693
752,-694
751,-694
750,-694
749,-695
748,-695
747,-695
746,-695
745,-695
744,-696
743,-696
742,-696
741,-697
740,-697
739,-697
738,-698
737,-698
736,-698
735,-699
734,-699
733,-700
732,-700
731,-700
730,-700
729,-701
728,-702
727,-702
726,-703
725,-703
724,-704
723,-704
722,-705
721,-706
720,-707
719,-708
718,-708
717,-709
716,-710
715,-711
714,-712
713,-713
712,-713
712,-714
711,-715
710,-715
709,-716
708,-717
707,-718
707,-719
706,-720
705,-720
704,-721
703,-722
702,-723
701,-724
701,-725
700,-726
699,-727
698,-728
698,-729
697,-730
696,-730
695,-731
695,-732
694,-733
693,-734
693,-735
692,-736
691,-737
691,-738
690,-739
689,-740
689,-741
688,-742
687,-743
687,-744
686,-745
686,-746
685,-747
685,-748
684,-749
684,-750
683,-751
683,-752
682,-753
681,-754
681,-755
680,-756
680,-757
679,-758
679,-759
678,-760
677,-761
677,-762
677,-763
676,-764
676,-765
675,-766
674,-767
674,-768
673,-769
673,-770
672,-771
672,-772
671,-773
671,-774
670,-775
670,-776
670,-777
669,-778
