385,-767
385,-768
385,-769
385,-770
385,-771
385,-772
386,-773
386,-774
386,-775
386,-776
386,-777
386,-778
386,-779
386,-780
387,-780
388,-780
389,-780
390,-780
391,-780
392,-780
393,-781
394,-781
395,-782
396,-783
397,-783
398,-783
399,-784
400,-784
401,-785
402,-785
403,-786
403,-787
404,-787
405,-788
406,-789
407,-790
408,-790
409,-790
410,-790
411,-791
412,-792
413,-792
414,-793
415,-793
416,-794
417,-794
418,-795
419,-795
420,-796
421,-797
422,-797
423,-798
424,-798
425,-798
426,-799
427,-800
428,-800
429,-800
430,-800
431,-801
432,-801
433,-802
434,-802
435,-803
436,-803
437,-803
438,-803
439,-803
440,-803
441,-803
442,-803
443,-803
444,-804
445,-804
446,-804
447,-804
448,-804
449,-804
450,-804
451,-805
451,-806
451,-807
451,-808
451,-809
452,-809
453,-809
454,-809
455,-809
456,-809
457,-810
458,-810
459,-810
460,-811
460,-812
461,-812
462,-813
462,-814
463,-814
464,-814
465,-815
466,-816
467,-816
468,-816
469,-817
470,-818
471,-818
472,-819
473,-819
474,-819
475,-820
476,-821
477,-821
478,-822
479,-822
480,-822
481,-822
482,-822
483,-823
484,-823
485,-824
485,-825
485,-826
486,-826
487,-827
488,-827
489,-827
490,-827
491,-827
492,-827
493,-828
493,-829
494,-830
495,-830
496,-831
497,-831
498,-831
499,-831
500,-832
501,-832
502,-832
503,-833
503,-834
504,-834
505,-834
506,-834
507,-834
508,-834
509,-834
510,-834
511,-835
511,-836
512,-837
513,-838
514,-838
515,-838
516,-838
517,-838
518,-839
518,-840
518,-841
519,-841
520,-841
521,-841
522,-841
523,-841
524,-842
525,-843
526,-843
527,-843
528,-843
529,-844
530,-845
531,-845
532,-845
533,-845
534,-845
535,-845
536,-845
537,-846
538,-847
538,-848
539,-848
540,-848
541,-848
542,-848
543,-848
544,-849
545,-850
546,-851
547,-852
548,-852
549,-853
550,-853
551,-853
552,-853
553,-853
554,-852
555,-852
556,-852
557,-852
558,-852
559,-853
560,-853
561,-853
562,-854
563,-854
564,-854
565,-855
565,-856
565,-857
565,-858
566,-858
567,-859
568,-859
569,-860
570,-860
571,-860
572,-860
573,-861
574,-861
575,-861
576,-862
577,-862
578,-862
579,-862
580,-862
581,-862
582,-863
583,-863
584,-863
585,-864
586,-864
587,-864
588,-864
589,-865
590,-865
591,-865
592,-866
593,-866
594,-866
595,-867
596,-867
597,-867
598,-867
599,-867
600,-867
601,-867
602,-868
603,-868
604,-868
605,-868
606,-868
607,-868
608,-869
609,-869
610,-869
611,-869
612,-869
613,-869
614,-870
615,-870
616,-870
617,-870
618,-871
619,-871
620,-871
621,-871
622,-871
623,-871
624,-871
625,-871
626,-871
627,-871
628,-871
629,-871
630,-871
631,-872
632,-872
633,-872
634,-872
635,-872
636,-872
637,-873
638,-873
639,-874
640,-874
641,-874
642,-874
643,-874
644,-874
645,-875
646,-875
647,-875
648,-875
649,-875
650,-875
651,-875
652,-875
653,-875
654,-875
655,-876
656,-876
657,-876
658,-876
659,-876
660,-876
661,-876
662,-876
663,-876
664,-876
665,-876
666,-876
667,-876
668,-876
669,-876
670,-876
671,-876
672,-875
673,-875
674,-875
675,-875
676,-875
677,-875
678,-875
679,-875
680,-875
681,-875
682,-875
683,-875
684,-875
685,-874
686,-874
687,-874
688,-874
689,-874
690,-873
691,-873
692,-873
693,-873
694,-873
695,-873
696,-873
697,-873
698,-873
698,-872
699,-871
700,-871
701,-871
702,-871
703,-871
704,-871
705,-871
706,-871
707,-871
708,-871
709,-870
710,-870
711,-870
712,-870
713,-870
714,-870
715,-870
716,-870
717,-869
718,-869
719,-869
720,-870
721,-870
722,-870
723,-870
724,-870
725,-869
726,-869
727,-869
728,-869
728,-868
728,-867
729,-866
730,-866
731,-866
732,-866
733,-866
734,-865
735,-865
736,-865
737,-865
738,-865
739,-865
740,-865
741,-865
742,-864
743,-864
744,-864
745,-864
746,-863
747,-863
748,-863
749,-863
750,-862
751,-862
752,-862
753,-862
754,-861
755,-861
756,-861
757,-861
758,-861
759,-861
760,-861
761,-860
762,-860
763,-860
764,-860
765,-860
766,-859
767,-859
768,-858
769,-858
770,-858
771,-858
772,-858
773,-857
774,-857
775,-856
776,-856
777,-856
778,-855
779,-855
780,-855
780,-854
781,-853
782,-853
783,-853
784,-853
784,-852
785,-851
786,-851
787,-851
788,-851
789,-851
790,-851
791,-851
791,-850
791,-849
792,-848
793,-848
794,-848
795,-848
796,-848
797,-847
798,-846
799,-846
800,-846
801,-846
802,-845
803,-844
804,-844
805,-844
806,-844
807,-843
808,-843
809,-843
810,-843
810,-842
811,-841
811,-840
812,-839
813,-839
814,-839
815,-838
816,-838
817,-837
818,-837
819,-836
820,-835
821,-834
822,-834
822,-833
823,-832
824,-832
825,-832
826,-831
827,-831
828,-831
829,-831
830,-831
831,-830
832,-830
833,-829
834,-828
835,-828
836,-828
837,-827
838,-827
838,-826
839,-825
840,-825
841,-824
842,-824
843,-823
844,-822
844,-821
844,-820
844,-819
845,-818
846,-818
847,-818
848,-818
849,-818
849,-817
850,-816
850,-815
851,-814
852,-813
853,-813
854,-813
855,-813
855,-812
856,-811
856,-810
857,-809
858,-809
859,-809
860,-809
860,-808
860,-807
860,-806
861,-805
862,-804
863,-804
864,-803
865,-802
865,-801
866,-800
867,-800
868,-799
868,-798
869,-797
870,-796
871,-795
872,-794
873,-794
873,-793
874,-792
875,-791
876,-791
876,-790
877,-789
878,-788
879,-787
880,-786
881,-785
882,-784
883,-783
884,-782
885,-781
886,-780
887,-779
888,-778
889,-778
889,-777
890,-776
891,-776
892,-775
893,-775
894,-774
895,-773
896,-773
897,-773
898,-773
898,-772
899,-771
900,-771
901,-770
902,-769
903,-769
904,-768
905,-768
906,-767
907,-767
908,-766
909,-765
910,-765
911,-765
912,-764
913,-764
914,-764
915,-763
916,-763
917,-763
918,-763
919,-762
920,-762
921,-761
922,-761
923,-761
924,-760
925,-760
926,-760
927,-759
928,-759
929,-759
930,-759
931,-759
932,-759
933,-759
934,-758
935,-758
936,-758
937,-758
938,-758
939,-759
940,-759
941,-759
942,-759
943,-759
944,-760
945,-760
946,-760
947,-760
948,-761
949,-761
950,-761
951,-761
952,-761
953,-761
954,-761
955,-762
956,-762
957,-762
958,-762
959,-762
960,-763
961,-763
962,-763
963,-763
964,-764
965,-764
966,-764
967,-764
968,-764
969,-764
970,-764
971,-764
972,-764
973,-765
974,-765
975,-765
976,-765
977,-765
978,-766
979,-766
980,-766
981,-766
982,-766
983,-766
984,-766
985,-766
986,-766
987,-766
988,-766
989,-767
990,-767
991,-767
992,-768
993,-768
994,-768
995,-768
996,-768
997,-768
998,-769
999,-769
1000,-770
1001,-770
1002,-770
1003,-770
1004,-770
1005,-770
1006,-770
1007,-770
1008,-770
1009,-770
1010,-770
1011,-770
1012,-771
1013,-771
1014,-771
1015,-771
1016,-772
1017,-772
1018,-772
1019,-772
1020,-772
1021,-773
1022,-773
1023,-773
1024,-773
1025,-773
1026,-773
1027,-773
1028,-773
1029,-773
1030,-773
1031,-773
1032,-773
1033,-773
1034,-773
1035,-774
1036,-775
1036,-776
1037,-776
1038,-776
1039,-776
1040,-776
1041,-776
1042,-776
1043,-776
1044,-776
1045,-776
1046,-776
1047,-777
1048,-777
1049,-777
1050,-778
1051,-778
1052,-778
1053,-778
1054,-778
1055,-779
1056,-779
1057,-779
1058,-779
1059,-779
1060,-779
1061,-779
1062,-779
1063,-779
1064,-779
1065,-779
1066,-779
1067,-779
1068,-779
1069,-779
1070,-779
1071,-779
1072,-779
1073,-780
1074,-780
1075,-780
1076,-780
1077,-780
1078,-780
1079,-780
1080,-780
1081,-780
1082,-781
1083,-781
1084,-781
1085,-781
1086,-781
1087,-781
1088,-781
1089,-781
1090,-781
1091,-781
1092,-780
1093,-780
1094,-779
1095,-778
1095,-777
1095,-776
1095,-775
1096,-774
1096,-773
1097,-772
1098,-771
1098,-770
1098,-769
1098,-768
1099,-767
1099,-766
1099,-765
1099,-764
1100,-763
1100,-762
1101,-761
1101,-760
1101,-759
1102,-758
1102,-757
1102,-756
1103,-755
1104,-755
1105,-755
1105,-754
1105,-753
1105,-752
1106,-751
1107,-750
1108,-749
1109,-749
1110,-749
1111,-749
1112,-748
1112,-747
1113,-746
1114,-746
1114,-745
1114,-744
1114,-743
1114,-742
1115,-741
1116,-741
1117,-741
1117,-740
1117,-739
1117,-738
1117,-737
1117,-736
1116,-735
1116,-734
1115,-734
1114,-734
1113,-734
1112,-733
1112,-732
1112,-731
1112,-730
1112,-729
1112,-728
1111,-727
1110,-726
1109,-725
1109,-724
1108,-723
1108,-722
1107,-721
1107,-720
1107,-719
1106,-718
1106,-717
1106,-716
1106,-715
1106,-714
1105,-713
1105,-712
1104,-711
1103,-710
1103,-709
1102,-708
1102,-707
1101,-706
1100,-706
1099,-706
1098,-705
1097,-705
1096,-705
1095,-705
1094,-704
1093,-704
1092,-704
1091,-704
1090,-703
1089,-703
1088,-703
1087,-703
1086,-703
1085,-702
1084,-702
1083,-702
1082,-702
1081,-702
1080,-701
1079,-701
1078,-701
1077,-701
1076,-701
1075,-701
1074,-701
1073,-700
1072,-700
1071,-700
1070,-700
1069,-700
1068,-700
1067,-700
1066,-700
1065,-700
1064,-699
1063,-699
1062,-699
1061,-699
1060,-699
1059,-699
1058,-699
1057,-699
1056,-699
1055,-699
1054,-699
1053,-699
1052,-698
1051,-698
1050,-698
1049,-698
1048,-698
1047,-698
1046,-698
1045,-698
1044,-698
1043,-698
1042,-698
1041,-698
1040,-698
1039,-698
1038,-698
1037,-698
1036,-698
1035,-698
1034,-698
1033,-698
1032,-698
1031,-698
1030,-698
1029,-698
1028,-698
1027,-698
1026,-698
1025,-698
1024,-698
1023,-698
1022,-698
1021,-698
1020,-698
1019,-698
1018,-698
1017,-698
1016,-698
1015,-698
1014,-698
1013,-698
1012,-698
1011,-698
1010,-698
1009,-698
1008,-698
1007,-698
1006,-698
1005,-698
1004,-698
1003,-698
1002,-698
1001,-698
1000,-698
999,-698
998,-698
997,-698
996,-698
995,-698
994,-698
993,-698
992,-698
991,-698
990,-698
989,-698
988,-698
987,-698
986,-698
985,-698
984,-698
983,-698
982,-698
981,-698
980,-698
979,-698
978,-698
977,-698
976,-698
975,-698
974,-698
973,-698
972,-698
971,-698
970,-698
969,-698
968,-698
967,-698
966,-698
965,-698
964,-698
963,-698
962,-698
961,-698
960,-698
959,-698
958,-698
957,-698
956,-698
955,-698
954,-698
953,-698
952,-698
951,-698
950,-698
949,-698
948,-698
947,-698
946,-698
945,-698
944,-698
943,-698
942,-698
941,-698
940,-697
939,-697
938,-697
937,-697
936,-697
935,-697
934,-697
933,-697
932,-697
931,-697
930,-697
929,-697
928,-697
927,-697
926,-696
925,-696
924,-696
923,-696
922,-696
921,-696
920,-696
919,-696
918,-696
917,-695
916,-695
915,-695
914,-695
913,-695
912,-695
911,-695
910,-695
909,-695
908,-694
907,-694
906,-694
905,-694
904,-693
903,-693
902,-693
901,-693
900,-692
899,-692
898,-691
897,-691
896,-691
895,-691
894,-690
893,-690
892,-690
891,-689
890,-689
889,-689
888,-688
887,-687
886,-687
885,-687
884,-686
883,-686
882,-685
881,-685
880,-684
879,-683
878,-683
877,-682
876,-682
875,-682
874,-681
873,-680
872,-680
871,-679
870,-679
869,-678
868,-677
867,-677
866,-677
865,-676
864,-675
863,-675
862,-675
861,-674
860,-674
859,-673
858,-673
857,-672
856,-671
855,-671
854,-670
853,-670
852,-669
851,-669
850,-668
849,-668
848,-667
847,-667
846,-667
845,-666
844,-665
843,-665
842,-665
841,-664
840,-664
839,-663
838,-663
837,-662
836,-662
835,-662
834,-661
833,-660
832,-660
831,-659
830,-659
829,-659
828,-658
827,-658
826,-657
825,-656
824,-656
823,-656
822,-655
821,-655
820,-654
819,-654
818,-653
817,-653
816,-652
815,-652
814,-651
813,-651
812,-651
811,-650
810,-650
809,-649
808,-649
807,-649
806,-648
805,-648
804,-647
803,-647
802,-646
801,-646
800,-646
799,-646
798,-646
797,-645
797,-644
796,-644
795,-644
794,-643
793,-643
792,-643
791,-642
790,-642
789,-641
788,-641
787,-641
786,-641
785,-640
784,-640
783,-639
782,-639
781,-639
780,-639
779,-638
778,-638
777,-638
776,-638
775,-638
774,-638
773,-638
772,-637
771,-637
770,-637
769,-636
768,-636
767,-636
766,-635
765,-635
764,-635
763,-635
762,-634
761,-634
760,-634
759,-634
758,-634
757,-633
756,-633
755,-633
754,-632
753,-632
752,-632
751,-632
750,-632
749,-631
748,-631
747,-631
746,-631
745,-631
744,-630
743,-630
742,-630
741,-630
740,-630
739,-630
738,-630
737,-630
736,-629
735,-629
734,-629
733,-629
732,-629
731,-629
730,-629
729,-629
728,-629
727,-628
726,-628
725,-628
724,-628
723,-628
722,-627
721,-627
720,-627
719,-627
718,-627
717,-627
716,-627
715,-627
714,-627
713,-627
712,-627
711,-627
710,-627
709,-627
708,-627
707,-627
706,-627
705,-627
704,-627
703,-627
702,-627
701,-627
700,-626
699,-626
698,-626
697,-626
696,-626
695,-626
694,-626
693,-626
692,-626
691,-626
690,-626
689,-626
688,-626
687,-626
686,-627
685,-627
684,-627
683,-627
682,-627
681,-627
680,-627
679,-627
678,-627
677,-627
676,-628
675,-628
674,-628
673,-628
672,-628
671,-628
670,-628
669,-628
668,-628
667,-629
666,-629
665,-629
664,-629
663,-629
662,-629
661,-629
660,-629
659,-629
658,-629
657,-630
656,-630
655,-630
654,-630
653,-630
652,-630
651,-630
650,-630
649,-630
648,-630
647,-631
646,-631
645,-631
644,-631
643,-631
642,-631
641,-631
640,-632
639,-632
638,-632
637,-633
636,-633
635,-633
634,-633
633,-633
632,-634
631,-634
630,-634
629,-634
628,-634
627,-634
626,-635
625,-635
624,-635
623,-635
622,-636
621,-636
620,-636
619,-636
618,-636
617,-637
616,-637
615,-638
614,-638
613,-638
612,-638
611,-638
610,-638
609,-638
608,-639
607,-639
606,-639
605,-640
604,-640
603,-641
602,-641
601,-641
600,-641
599,-642
598,-642
597,-643
596,-643
595,-643
594,-644
593,-644
592,-644
591,-644
590,-645
589,-645
588,-646
587,-646
586,-646
585,-647
584,-647
583,-647
582,-648
581,-648
580,-649
579,-649
578,-649
577,-650
576,-650
575,-650
574,-651
573,-651
572,-652
571,-652
570,-653
569,-653
568,-653
567,-653
566,-654
565,-654
564,-655
563,-655
562,-656
561,-656
560,-657
559,-657
558,-658
557,-658
556,-659
555,-659
554,-660
553,-660
552,-661
551,-661
550,-662
549,-662
548,-663
547,-663
546,-663
545,-664
544,-664
543,-665
542,-665
541,-666
540,-667
539,-667
538,-668
537,-668
536,-669
535,-669
534,-670
533,-670
532,-671
531,-671
530,-672
529,-672
528,-673
527,-674
526,-674
525,-674
524,-675
523,-676
522,-677
521,-677
520,-677
519,-678
518,-679
517,-679
516,-680
515,-680
514,-681
513,-681
512,-682
511,-682
510,-683
509,-683
508,-684
507,-685
506,-685
505,-686
504,-686
503,-687
502,-688
501,-688
500,-689
499,-689
498,-690
497,-691
496,-691
495,-692
494,-693
493,-693
492,-694
491,-694
490,-695
489,-696
488,-696
487,-697
486,-697
485,-698
484,-699
483,-699
482,-700
481,-701
480,-701
479,-702
478,-702
477,-703
476,-703
475,-704
474,-705
473,-705
472,-706
471,-706
470,-707
469,-707
468,-708
467,-709
466,-709
465,-710
464,-711
463,-711
462,-712
461,-712
460,-713
459,-714
458,-714
457,-715
456,-716
455,-716
454,-717
453,-717
452,-718
451,-718
450,-719
449,-720
448,-720
447,-721
446,-721
445,-722
444,-723
443,-724
442,-724
441,-725
440,-726
439,-726
438,-727
437,-727
436,-728
435,-729
434,-729
433,-730
432,-731
431,-731
430,-732
429,-732
428,-733
427,-733
426,-734
425,-734
424,-735
423,-736
422,-736
421,-737
420,-738
419,-738
418,-739
417,-739
416,-740
415,-740
414,-741
413,-742
412,-742
411,-743
410,-744
409,-745
408,-745
407,-746
406,-746
405,-747
404,-748
403,-748
402,-749
401,-750
400,-751
399,-752
398,-753
397,-753
396,-754
396,-755
395,-756
394,-756
393,-757
392,-758
391,-759
391,-760
390,-761
389,-762
388,-763
388,-764
387,-765
386,-766
385,-767
