487,-798
487,-799
487,-800
487,-801
487,-802
487,-803
488,-804
489,-804
490,-804
491,-804
492,-804
493,-804
493,-803
493,-802
494,-801
495,-801
496,-801
497,-802
497,-803
498,-804
499,-805
500,-805
501,-805
502,-805
503,-805
504,-805
505,-805
506,-805
507,-805
508,-805
509,-805
510,-805
511,-805
512,-805
513,-805
514,-805
515,-805
516,-805
517,-805
518,-805
519,-805
520,-805
521,-805
522,-805
523,-804
524,-803
525,-803
526,-803
527,-803
528,-803
529,-803
530,-803
531,-803
532,-803
533,-803
534,-802
535,-802
536,-802
537,-802
538,-802
539,-802
540,-802
541,-802
542,-802
543,-802
544,-802
545,-802
546,-802
547,-801
548,-801
549,-801
550,-801
551,-801
552,-801
553,-801
554,-801
555,-801
556,-801
557,-801
558,-801
559,-801
560,-801
561,-801
562,-801
563,-801
564,-801
565,-801
566,-801
567,-801
568,-801
569,-801
570,-801
571,-801
572,-801
573,-801
574,-801
575,-801
576,-801
577,-801
578,-801
579,-801
580,-801
581,-801
582,-801
583,-801
584,-801
585,-801
586,-801
587,-801
588,-800
589,-800
590,-800
591,-801
592,-801
593,-801
594,-801
595,-801
596,-801
597,-801
598,-801
599,-801
600,-801
601,-801
602,-801
603,-801
604,-801
605,-801
606,-801
607,-801
608,-801
609,-801
610,-801
611,-801
612,-801
613,-801
614,-801
615,-801
616,-801
617,-801
618,-801
619,-801
620,-801
621,-801
622,-801
623,-801
624,-801
625,-801
626,-801
627,-802
628,-802
629,-802
630,-802
631,-802
632,-802
633,-802
634,-802
635,-802
636,-802
637,-802
638,-802
639,-802
640,-802
641,-802
642,-802
643,-802
644,-802
645,-803
646,-803
647,-803
648,-803
649,-803
650,-803
651,-803
652,-803
653,-803
654,-803
655,-804
656,-804
657,-804
658,-804
659,-804
660,-804
661,-804
662,-804
663,-804
664,-804
665,-804
666,-804
667,-805
668,-805
669,-805
670,-805
671,-805
672,-806
673,-806
674,-807
675,-807
676,-808
677,-809
678,-809
679,-810
680,-811
681,-811
682,-811
683,-812
683,-813
684,-813
685,-813
686,-813
687,-814
688,-814
689,-815
690,-815
691,-816
692,-817
693,-817
694,-818
694,-819
695,-819
696,-819
697,-820
698,-820
699,-821
700,-822
700,-823
700,-824
701,-825
702,-826
702,-827
703,-827
704,-827
705,-827
706,-828
707,-829
707,-830
707,-831
708,-831
709,-831
710,-831
711,-832
712,-832
713,-832
714,-832
715,-832
716,-832
717,-833
717,-834
718,-835
719,-835
720,-835
721,-835
722,-835
723,-835
724,-836
725,-837
726,-837
727,-837
728,-838
729,-838
730,-838
731,-838
732,-838
733,-838
734,-838
735,-838
736,-839
737,-839
738,-839
739,-839
740,-839
741,-839
742,-839
743,-839
744,-839
745,-839
746,-839
747,-839
748,-839
749,-839
750,-839
751,-839
752,-839
753,-840
754,-840
755,-840
756,-840
757,-840
758,-840
759,-840
760,-840
761,-840
762,-840
763,-840
764,-840
765,-840
766,-840
767,-840
768,-840
769,-840
770,-840
771,-839
772,-839
773,-839
774,-839
775,-839
776,-839
777,-839
778,-839
779,-839
780,-839
781,-839
782,-839
783,-838
784,-838
785,-838
786,-838
787,-838
788,-838
789,-837
790,-837
791,-837
792,-837
793,-837
794,-837
795,-837
796,-837
797,-836
798,-836
799,-836
800,-836
801,-836
802,-836
803,-836
804,-836
805,-835
806,-835
807,-835
808,-834
809,-834
810,-834
811,-834
812,-833
813,-833
814,-833
815,-833
816,-832
817,-832
818,-832
819,-832
820,-831
821,-831
822,-831
823,-831
824,-831
825,-830
826,-830
827,-830
828,-830
829,-829
830,-829
831,-829
832,-828
833,-828
834,-828
835,-828
836,-827
837,-827
838,-827
839,-826
840,-826
841,-825
842,-825
843,-825
844,-825
845,-824
846,-824
847,-823
848,-823
849,-822
850,-822
851,-822
852,-821
853,-821
854,-821
855,-821
856,-821
857,-821
858,-820
859,-819
860,-819
861,-819
862,-818
863,-818
864,-817
865,-817
866,-817
867,-817
868,-817
869,-817
869,-816
870,-815
871,-815
872,-815
873,-815
874,-814
875,-814
876,-813
877,-813
878,-813
879,-813
880,-812
881,-811
882,-811
883,-811
884,-810
885,-809
886,-809
887,-808
888,-808
889,-807
890,-807
891,-806
892,-806
893,-806
894,-805
895,-804
896,-804
896,-803
897,-802
898,-802
899,-802
900,-802
900,-801
901,-800
902,-799
903,-799
904,-798
905,-797
906,-797
907,-796
908,-795
909,-795
910,-795
911,-794
912,-793
913,-793
914,-792
915,-791
916,-791
916,-790
917,-789
918,-788
919,-787
920,-787
921,-786
922,-786
922,-785
923,-784
924,-784
925,-783
926,-782
927,-781
928,-781
929,-780
930,-779
931,-778
932,-778
933,-777
934,-776
935,-775
936,-775
937,-774
938,-774
939,-773
940,-773
940,-772
941,-771
942,-771
943,-770
944,-769
945,-768
946,-767
947,-766
948,-766
949,-766
949,-765
950,-764
951,-763
952,-762
953,-761
954,-760
955,-759
956,-759
957,-758
958,-757
959,-756
959,-755
960,-754
961,-753
962,-753
963,-752
964,-751
964,-750
965,-749
966,-748
967,-748
967,-747
968,-746
969,-746
969,-745
970,-744
971,-743
972,-743
973,-742
974,-741
975,-740
976,-739
977,-738
978,-737
979,-737
980,-736
981,-736
981,-735
982,-734
983,-733
984,-732
985,-732
986,-731
987,-730
988,-730
989,-729
990,-728
991,-727
992,-727
993,-726
994,-725
995,-724
996,-723
997,-723
998,-722
999,-721
1000,-720
1001,-720
1001,-719
1001,-718
1002,-717
1003,-717
1003,-716
1004,-715
1005,-715
1006,-715
1007,-715
1008,-715
1008,-714
1008,-713
1008,-712
1009,-711
1010,-711
1011,-710
1012,-709
1012,-708
1012,-707
1012,-706
1012,-705
1012,-704
1012,-703
1012,-702
1012,-701
1012,-700
1012,-699
1012,-698
1012,-697
1012,-696
1013,-695
1014,-694
1014,-693
1014,-692
1014,-691
1014,-690
1013,-690
1012,-689
1011,-689
1010,-688
1009,-688
1008,-687
1007,-687
1006,-686
1005,-686
1004,-685
1003,-685
1002,-684
1001,-684
1000,-683
999,-683
998,-682
997,-682
996,-681
995,-681
994,-681
993,-681
992,-681
991,-680
990,-680
989,-680
988,-680
987,-679
986,-679
985,-679
984,-679
983,-678
982,-678
981,-678
980,-678
979,-677
978,-677
977,-677
976,-677
975,-677
974,-676
973,-676
972,-676
971,-676
970,-675
969,-675
968,-675
967,-675
966,-675
965,-675
964,-674
963,-674
962,-674
961,-674
960,-673
959,-673
958,-673
957,-673
956,-673
955,-673
954,-673
953,-672
952,-672
951,-672
950,-671
949,-671
948,-671
947,-670
946,-670
945,-670
944,-669
943,-669
942,-669
941,-669
940,-668
939,-668
938,-668
937,-668
936,-668
935,-668
934,-667
933,-667
932,-667
931,-667
930,-667
929,-667
928,-667
927,-667
926,-667
925,-666
924,-666
923,-666
922,-666
921,-666
920,-666
919,-666
918,-665
917,-665
916,-665
915,-665
914,-665
913,-665
912,-665
911,-664
910,-664
909,-664
908,-664
907,-664
906,-664
905,-664
904,-664
903,-664
902,-663
901,-663
900,-663
899,-663
898,-663
897,-663
896,-663
895,-663
894,-663
893,-663
892,-663
891,-663
890,-662
889,-662
888,-662
887,-662
886,-662
885,-662
884,-662
883,-662
882,-662
881,-662
880,-662
879,-662
878,-662
877,-662
876,-662
875,-662
874,-662
873,-662
872,-662
871,-662
870,-662
869,-662
868,-662
867,-662
866,-662
865,-662
864,-662
863,-662
862,-662
861,-662
860,-662
859,-662
858,-662
857,-662
856,-662
855,-662
854,-662
853,-662
852,-662
851,-662
850,-662
849,-662
848,-662
847,-663
846,-663
845,-663
844,-663
843,-663
842,-663
841,-663
840,-663
839,-663
838,-663
837,-664
836,-664
835,-664
834,-664
833,-664
832,-664
831,-664
830,-664
829,-664
828,-665
827,-665
826,-665
825,-665
824,-665
823,-666
822,-666
821,-666
820,-666
819,-666
818,-667
817,-667
816,-667
815,-667
814,-667
813,-668
812,-668
811,-669
810,-669
809,-669
808,-669
807,-669
806,-670
805,-670
804,-670
803,-670
802,-670
801,-671
800,-671
799,-672
798,-672
797,-672
796,-672
795,-673
794,-673
793,-674
792,-674
791,-674
790,-674
789,-674
788,-675
787,-675
786,-675
785,-675
784,-676
783,-676
782,-676
781,-677
780,-677
779,-677
778,-678
777,-679
776,-679
775,-680
774,-680
773,-680
772,-680
772,-681
771,-682
770,-682
769,-682
768,-682
767,-682
766,-683
765,-683
764,-684
763,-684
762,-685
761,-685
761,-686
760,-687
759,-687
758,-687
757,-687
756,-688
755,-688
754,-689
753,-690
752,-691
751,-691
750,-691
749,-692
748,-692
747,-693
746,-693
745,-694
744,-695
743,-696
742,-696
741,-696
740,-697
739,-698
739,-699
738,-700
737,-700
736,-700
735,-701
734,-701
733,-702
732,-703
731,-703
730,-704
729,-704
728,-705
727,-705
726,-706
725,-707
724,-708
723,-709
722,-710
721,-711
720,-712
719,-712
718,-713
717,-714
716,-715
715,-716
714,-717
713,-718
712,-719
711,-720
710,-721
709,-722
708,-723
707,-724
706,-725
705,-725
704,-726
703,-727
702,-728
701,-729
700,-730
699,-731
698,-732
697,-733
697,-734
696,-735
695,-736
694,-737
693,-738
692,-739
691,-740
690,-741
690,-742
689,-743
688,-744
687,-745
687,-746
686,-747
685,-748
684,-749
683,-750
683,-751
682,-752
681,-753
680,-753
680,-754
679,-755
678,-755
677,-756
676,-757
675,-758
674,-758
673,-759
672,-760
671,-760
670,-761
669,-761
668,-761
667,-762
666,-762
665,-763
664,-763
663,-764
662,-764
661,-764
660,-764
659,-765
658,-765
657,-765
656,-765
655,-766
654,-767
653,-767
652,-767
651,-767
650,-767
649,-767
648,-767
647,-767
646,-768
645,-768
644,-768
643,-768
642,-768
641,-768
640,-768
639,-769
638,-769
637,-769
636,-769
635,-769
634,-769
633,-769
632,-769
631,-769
630,-769
629,-769
628,-769
627,-769
626,-769
625,-769
624,-769
623,-770
622,-770
621,-770
620,-770
619,-770
618,-770
617,-770
616,-770
615,-770
614,-770
613,-770
612,-770
611,-770
611,-771
610,-772
609,-772
608,-772
607,-772
606,-772
605,-772
604,-772
603,-772
602,-772
601,-772
600,-772
599,-772
598,-772
597,-771
596,-771
595,-771
594,-771
593,-771
592,-771
591,-771
590,-772
589,-772
588,-772
587,-771
586,-771
585,-771
584,-771
583,-771
582,-771
581,-771
580,-771
579,-771
578,-771
577,-771
576,-771
575,-771
574,-771
573,-771
572,-771
571,-771
570,-771
569,-771
568,-771
567,-771
566,-771
565,-771
564,-772
563,-772
562,-772
561,-772
560,-772
559,-772
558,-772
557,-772
556,-772
555,-772
554,-772
553,-772
552,-772
551,-772
550,-772
549,-772
548,-772
547,-773
546,-773
545,-773
544,-773
543,-773
542,-773
541,-773
540,-773
539,-773
538,-773
537,-773
536,-773
535,-773
534,-773
533,-773
532,-773
531,-773
530,-773
529,-773
528,-773
527,-773
526,-773
525,-773
524,-773
523,-773
522,-774
521,-774
520,-774
520,-775
520,-776
519,-777
518,-777
517,-777
516,-777
515,-777
514,-777
513,-777
512,-777
511,-777
510,-778
509,-778
508,-778
507,-779
506,-779
506,-780
505,-781
504,-782
503,-783
502,-783
501,-783
500,-783
499,-783
498,-783
497,-783
496,-783
496,-784
496,-785
496,-786
496,-787
495,-788
495,-789
495,-790
495,-791
495,-792
495,-793
495,-794
495,-795
495,-796
495,-797
495,-798
494,-799
493,-799
492,-799
491,-798
490,-798
489,-798
488,-798
487,-798
