486,-808
486,-809
486,-810
486,-811
486,-812
486,-813
487,-813
488,-813
489,-814
490,-815
490,-816
491,-816
492,-816
493,-817
494,-818
495,-818
496,-818
497,-818
498,-819
499,-819
500,-820
500,-821
501,-822
502,-822
503,-823
504,-824
505,-824
506,-824
507,-824
508,-824
509,-824
510,-824
511,-824
512,-824
513,-824
514,-824
515,-824
516,-824
517,-824
518,-824
519,-824
520,-824
521,-824
522,-824
523,-823
524,-823
525,-823
526,-823
527,-823
528,-823
529,-823
530,-823
531,-823
532,-822
533,-822
534,-822
535,-822
536,-822
537,-822
538,-822
539,-822
540,-822
541,-822
542,-821
543,-821
544,-821
545,-821
546,-821
547,-821
548,-821
549,-821
550,-821
551,-821
552,-821
553,-821
554,-821
555,-821
556,-821
557,-821
558,-820
559,-820
560,-820
561,-820
562,-820
563,-820
564,-820
565,-820
566,-820
567,-820
568,-820
569,-819
570,-819
571,-819
572,-819
573,-819
574,-819
575,-819
576,-819
577,-819
578,-819
579,-819
580,-819
581,-818
582,-818
583,-818
584,-818
585,-818
586,-818
587,-818
588,-817
589,-817
590,-817
591,-817
592,-817
593,-817
594,-817
595,-817
596,-817
597,-816
598,-816
599,-816
600,-816
601,-815
602,-815
603,-815
604,-815
605,-815
606,-815
607,-815
608,-815
609,-815
610,-815
611,-814
611,-813
611,-812
612,-811
613,-811
614,-811
615,-811
616,-811
617,-811
618,-812
619,-812
620,-812
621,-812
622,-812
623,-812
624,-811
625,-811
626,-811
627,-811
628,-811
629,-811
630,-810
631,-809
632,-809
633,-809
634,-809
635,-809
636,-809
637,-809
638,-808
639,-808
640,-808
641,-807
642,-807
643,-807
644,-807
645,-807
646,-807
647,-807
648,-807
649,-806
650,-806
651,-806
652,-805
653,-805
654,-805
655,-805
656,-804
657,-804
658,-804
659,-804
660,-803
661,-803
662,-803
663,-803
664,-802
665,-802
666,-802
667,-802
668,-802
669,-801
670,-801
671,-801
672,-801
673,-801
674,-801
675,-801
676,-802
677,-802
678,-802
679,-802
680,-802
681,-802
682,-803
682,-804
683,-804
684,-804
685,-804
686,-804
687,-804
688,-804
689,-805
689,-806
690,-806
691,-807
692,-807
693,-807
694,-807
695,-808
695,-809
696,-809
697,-809
698,-810
699,-811
700,-812
701,-812
702,-813
703,-813
704,-814
705,-815
706,-815
707,-816
708,-816
709,-817
710,-817
711,-818
712,-818
713,-819
714,-819
715,-820
715,-821
716,-821
717,-821
718,-822
719,-822
720,-822
721,-823
722,-823
723,-824
723,-825
724,-825
725,-825
726,-825
727,-826
728,-826
729,-826
730,-826
731,-826
732,-826
733,-826
734,-826
735,-827
735,-828
735,-829
735,-830
735,-831
736,-831
737,-831
738,-831
739,-831
740,-831
741,-831
742,-832
742,-833
742,-834
743,-834
744,-834
745,-834
746,-834
747,-834
748,-835
749,-835
750,-835
751,-835
752,-835
753,-835
754,-835
755,-835
756,-835
757,-835
758,-836
759,-836
760,-836
761,-836
762,-836
763,-836
764,-836
765,-836
766,-836
767,-836
768,-836
769,-836
770,-836
771,-836
772,-836
773,-836
774,-836
775,-836
776,-836
777,-836
778,-836
779,-836
780,-836
781,-836
782,-836
783,-836
784,-836
785,-836
786,-836
787,-836
788,-836
789,-836
790,-836
791,-836
792,-836
793,-836
794,-836
795,-836
796,-836
797,-836
798,-836
799,-836
800,-835
801,-835
802,-835
803,-835
804,-835
805,-835
806,-835
807,-834
808,-834
809,-834
810,-835
811,-835
812,-835
813,-835
814,-835
815,-834
816,-834
817,-833
818,-833
819,-832
820,-832
821,-832
822,-832
823,-832
824,-832
825,-831
826,-831
827,-831
828,-831
829,-831
830,-831
831,-831
832,-831
833,-830
834,-830
835,-830
836,-830
837,-830
838,-830
839,-829
840,-829
841,-829
842,-828
843,-827
844,-827
845,-827
846,-827
847,-827
848,-827
849,-827
850,-827
851,-826
852,-826
853,-826
854,-826
855,-826
856,-825
857,-825
858,-825
859,-824
860,-823
861,-823
862,-823
863,-823
864,-822
865,-822
866,-822
867,-822
868,-822
869,-822
870,-822
871,-821
872,-821
873,-821
873,-820
874,-819
875,-819
876,-819
877,-819
878,-818
879,-818
880,-817
881,-817
882,-816
883,-816
884,-816
885,-815
886,-815
887,-814
888,-814
889,-813
890,-813
891,-812
892,-812
893,-811
894,-811
895,-811
896,-811
897,-810
898,-810
899,-809
900,-808
901,-807
902,-807
903,-806
904,-805
905,-805
906,-805
907,-805
907,-804
908,-803
909,-803
910,-803
911,-802
912,-801
913,-801
914,-800
915,-799
916,-798
917,-798
918,-797
919,-796
920,-796
921,-795
922,-795
923,-794
923,-793
924,-792
925,-792
926,-792
927,-791
928,-790
929,-790
930,-789
931,-788
932,-787
933,-786
934,-785
934,-784
935,-783
936,-783
937,-783
938,-782
939,-781
940,-780
941,-779
942,-779
943,-778
944,-778
945,-777
946,-776
947,-776
948,-775
949,-775
950,-774
951,-773
952,-772
953,-771
954,-771
955,-770
956,-769
957,-769
958,-768
959,-768
960,-767
961,-767
962,-766
963,-765
964,-764
965,-763
966,-762
967,-762
968,-762
968,-761
969,-760
970,-760
971,-759
972,-759
972,-758
973,-757
974,-757
975,-756
976,-756
977,-755
978,-754
979,-753
980,-753
981,-752
982,-752
983,-751
984,-750
985,-750
986,-749
987,-749
988,-749
988,-748
989,-747
990,-746
991,-746
992,-745
992,-744
993,-743
994,-743
995,-742
996,-741
997,-740
998,-740
999,-739
1000,-739
1001,-739
1002,-738
1003,-737
1004,-737
1005,-737
1006,-736
1007,-735
1008,-735
1009,-734
1010,-733
1011,-732
1012,-731
1013,-731
1013,-730
1014,-729
1014,-728
1014,-727
1015,-726
1016,-726
1016,-725
1016,-724
1016,-723
1016,-722
1016,-721
1015,-720
1014,-719
1014,-718
1014,-717
1014,-716
1014,-715
1014,-714
1014,-713
1014,-712
1014,-711
1013,-710
1012,-710
1011,-709
1010,-709
1009,-708
1008,-707
1007,-707
1006,-706
1005,-705
1004,-705
1003,-704
1002,-704
1001,-704
1000,-703
999,-702
998,-702
997,-702
996,-701
995,-701
994,-700
993,-700
992,-699
991,-699
990,-699
989,-698
988,-698
987,-698
986,-697
985,-697
984,-697
983,-696
982,-696
981,-695
980,-695
979,-695
978,-694
977,-694
976,-694
975,-694
974,-693
973,-693
972,-693
971,-692
970,-692
969,-692
968,-691
967,-691
966,-691
965,-690
964,-690
963,-690
962,-689
961,-689
960,-689
959,-688
958,-688
957,-687
956,-687
955,-687
954,-687
953,-686
952,-686
951,-685
950,-685
949,-684
948,-684
947,-683
946,-683
945,-682
944,-682
943,-682
942,-682
941,-681
940,-681
939,-681
938,-680
937,-680
936,-679
935,-679
934,-679
933,-679
932,-679
931,-678
930,-678
929,-678
928,-677
927,-677
926,-677
925,-676
924,-676
923,-676
922,-676
921,-676
920,-675
919,-675
918,-675
917,-675
916,-675
915,-674
914,-674
913,-674
912,-674
911,-674
910,-674
909,-674
908,-674
907,-674
906,-673
905,-673
904,-673
903,-673
902,-672
901,-672
900,-672
899,-672
898,-672
897,-672
896,-672
895,-671
894,-671
893,-671
892,-671
891,-671
890,-671
889,-670
888,-670
887,-670
886,-669
885,-669
884,-668
883,-668
882,-668
881,-668
880,-668
879,-668
878,-668
877,-668
876,-667
875,-667
874,-667
873,-667
872,-667
871,-667
870,-667
869,-666
868,-666
867,-666
866,-666
865,-666
864,-666
863,-666
862,-666
861,-666
860,-666
859,-666
858,-666
857,-666
856,-665
855,-665
854,-665
853,-665
852,-665
851,-665
850,-665
849,-665
848,-665
847,-665
846,-666
845,-666
844,-666
843,-666
842,-666
841,-666
840,-666
839,-666
838,-666
837,-666
836,-666
835,-666
834,-666
833,-666
832,-666
831,-666
830,-666
829,-667
828,-667
827,-667
826,-667
825,-667
824,-667
823,-667
822,-668
821,-668
820,-668
819,-668
818,-668
817,-668
816,-668
815,-669
814,-669
813,-669
812,-669
811,-669
810,-669
809,-670
808,-670
807,-670
806,-670
805,-670
804,-670
803,-670
802,-670
801,-670
800,-671
799,-671
798,-671
797,-671
796,-671
795,-671
794,-672
793,-672
792,-672
791,-672
790,-672
789,-673
788,-673
787,-673
786,-673
785,-674
784,-674
783,-674
782,-674
781,-674
780,-674
779,-674
778,-675
777,-675
776,-675
775,-675
774,-675
773,-675
772,-676
771,-676
770,-676
769,-677
768,-677
767,-677
766,-678
765,-678
764,-678
763,-679
762,-679
761,-679
760,-679
759,-679
758,-680
757,-680
756,-680
755,-681
754,-682
753,-682
752,-682
751,-683
750,-683
749,-683
748,-683
747,-683
746,-684
745,-684
744,-684
743,-685
742,-685
741,-686
740,-686
739,-687
738,-687
737,-687
736,-688
735,-689
734,-689
733,-690
732,-690
731,-690
730,-691
729,-691
728,-691
727,-692
726,-693
725,-693
724,-694
723,-695
722,-695
721,-696
720,-696
719,-697
718,-698
717,-699
716,-699
715,-700
714,-701
713,-701
713,-702
712,-703
711,-703
710,-703
709,-704
708,-705
707,-706
706,-707
705,-707
704,-708
703,-709
702,-710
701,-711
700,-711
699,-712
699,-713
698,-714
697,-715
696,-715
695,-716
695,-717
694,-718
693,-719
692,-720
691,-721
690,-721
690,-722
689,-723
688,-724
688,-725
687,-726
686,-727
685,-728
685,-729
684,-730
683,-731
682,-732
682,-733
681,-734
680,-735
679,-736
678,-737
678,-738
678,-739
677,-740
676,-741
675,-742
675,-743
674,-744
674,-745
673,-746
672,-747
671,-748
671,-749
670,-750
669,-750
669,-751
668,-752
667,-753
666,-754
665,-755
664,-755
663,-756
662,-756
662,-757
661,-758
660,-758
659,-759
658,-760
657,-760
656,-761
655,-761
654,-762
653,-762
652,-762
651,-763
650,-764
649,-764
648,-765
647,-765
646,-766
645,-766
644,-766
643,-767
642,-767
641,-768
640,-768
639,-769
638,-769
637,-769
636,-770
635,-770
634,-770
633,-771
632,-772
631,-772
630,-772
629,-772
628,-773
627,-773
626,-773
625,-774
624,-774
623,-774
622,-775
621,-775
620,-775
619,-775
618,-776
617,-776
616,-777
615,-777
614,-777
613,-777
612,-778
611,-778
610,-778
609,-778
608,-779
607,-779
606,-779
605,-780
604,-780
603,-781
602,-781
601,-781
600,-781
600,-782
600,-783
599,-784
598,-784
597,-784
596,-783
596,-782
595,-782
594,-782
593,-782
592,-782
591,-782
590,-782
589,-783
588,-783
587,-783
586,-783
585,-783
584,-784
583,-784
582,-784
581,-784
580,-784
579,-784
578,-784
577,-785
576,-785
575,-785
574,-785
573,-785
572,-785
571,-786
570,-786
569,-786
568,-786
567,-786
566,-787
565,-787
564,-787
563,-787
562,-787
561,-787
560,-788
559,-788
558,-788
557,-788
556,-788
555,-788
554,-788
553,-788
552,-789
551,-789
550,-789
549,-789
548,-789
547,-790
546,-790
545,-790
544,-790
543,-790
542,-790
541,-791
540,-791
539,-791
538,-791
537,-791
536,-792
535,-792
534,-792
533,-792
532,-792
531,-792
530,-792
529,-792
528,-793
527,-793
526,-793
525,-793
524,-793
523,-794
522,-794
521,-794
520,-794
519,-794
518,-794
517,-794
516,-795
515,-795
514,-795
513,-795
512,-795
511,-795
510,-796
509,-796
508,-796
507,-796
506,-796
505,-796
504,-796
503,-796
502,-797
501,-797
501,-798
500,-799
499,-799
498,-799
497,-799
496,-799
495,-799
494,-799
493,-799
492,-800
491,-801
490,-802
489,-802
489,-803
489,-804
489,-805
489,-806
489,-807
488,-808
487,-808
486,-808
