523,-952
523,-953
523,-954
523,-955
523,-956
524,-957
524,-958
525,-959
526,-959
527,-959
528,-959
529,-959
530,-960
530,-961
530,-962
530,-963
530,-964
530,-965
530,-966
530,-967
530,-968
530,-969
530,-970
529,-971
528,-971
527,-971
526,-971
525,-971
524,-971
523,-971
523,-972
523,-973
523,-974
523,-975
524,-976
524,-977
525,-977
526,-977
527,-977
528,-977
529,-977
530,-978
530,-979
530,-980
530,-981
530,-982
530,-983
531,-984
531,-985
532,-985
533,-986
534,-986
535,-986
536,-986
537,-986
538,-986
539,-986
540,-986
541,-986
542,-987
542,-988
542,-989
543,-990
543,-991
544,-991
545,-992
546,-992
547,-992
548,-992
549,-992
550,-992
551,-992
552,-992
553,-992
554,-992
555,-992
556,-992
557,-992
558,-992
559,-992
560,-992
561,-991
562,-991
562,-990
563,-989
563,-988
563,-987
563,-986
563,-985
564,-984
565,-984
566,-984
567,-984
568,-984
569,-984
570,-984
571,-984
571,-983
571,-982
571,-981
571,-980
572,-979
573,-979
573,-978
573,-977
574,-976
574,-975
575,-974
576,-974
577,-974
578,-974
578,-973
578,-972
578,-971
579,-970
580,-970
580,-969
581,-968
582,-968
583,-968
584,-967
585,-967
586,-967
587,-967
588,-967
589,-967
589,-966
589,-965
589,-964
589,-963
589,-962
590,-961
590,-960
590,-959
591,-958
591,-957
592,-956
593,-956
594,-956
595,-955
596,-955
596,-954
597,-953
597,-952
597,-951
598,-950
599,-950
600,-950
601,-949
601,-948
601,-947
601,-946
601,-945
600,-944
600,-943
600,-942
600,-941
601,-940
602,-940
602,-939
602,-938
602,-937
602,-936
603,-935
604,-934
605,-934
605,-933
605,-932
606,-931
607,-931
608,-931
609,-931
610,-930
611,-929
611,-928
612,-927
613,-927
614,-926
615,-926
616,-926
617,-926
617,-925
617,-924
617,-923
617,-922
618,-921
619,-920
620,-920
621,-919
622,-918
623,-917
624,-917
625,-917
626,-917
627,-917
628,-917
629,-917
630,-917
630,-916
630,-915
631,-914
632,-914
633,-914
634,-914
635,-914
636,-914
636,-913
636,-912
636,-911
636,-910
636,-909
636,-908
636,-907
636,-906
636,-905
637,-904
638,-904
639,-904
639,-903
639,-902
640,-901
641,-901
642,-901
643,-901
643,-900
643,-899
644,-898
645,-898
646,-897
647,-897
648,-897
649,-897
649,-896
649,-895
649,-894
650,-893
651,-892
652,-891
653,-891
653,-890
653,-889
654,-888
655,-888
656,-888
657,-887
658,-887
659,-886
659,-885
659,-884
660,-883
661,-882
662,-882
662,-881
663,-880
664,-880
665,-880
665,-879
666,-878
667,-877
668,-877
668,-876
669,-875
670,-875
671,-875
671,-874
672,-873
673,-872
674,-871
675,-871
676,-870
677,-870
677,-869
678,-868
679,-867
680,-866
681,-865
682,-865
683,-865
684,-864
684,-863
685,-862
686,-862
687,-862
687,-861
688,-860
689,-860
690,-859
691,-858
692,-858
693,-858
694,-858
695,-858
695,-857
696,-856
697,-855
698,-854
699,-854
700,-854
701,-853
702,-852
703,-852
704,-852
705,-852
706,-852
707,-851
708,-851
709,-851
710,-851
711,-851
712,-851
713,-850
714,-850
715,-850
716,-850
717,-850
718,-850
719,-850
720,-849
721,-849
722,-849
723,-849
724,-849
725,-849
726,-849
727,-849
728,-848
729,-848
730,-848
731,-848
732,-847
733,-847
734,-847
735,-847
736,-847
737,-847
738,-846
739,-845
740,-845
741,-845
742,-845
743,-845
744,-845
745,-845
746,-844
747,-843
748,-843
749,-843
750,-843
750,-842
751,-841
752,-841
753,-841
754,-841
755,-840
756,-840
757,-839
758,-838
759,-838
760,-838
760,-837
761,-836
762,-836
763,-835
764,-835
765,-835
766,-835
766,-834
767,-833
768,-833
769,-833
770,-833
771,-833
771,-832
772,-831
773,-831
774,-831
774,-830
775,-829
776,-829
777,-829
778,-829
779,-829
780,-829
781,-829
782,-828
783,-828
784,-827
784,-826
785,-825
786,-825
787,-825
788,-824
789,-824
790,-823
791,-823
792,-823
792,-822
793,-821
794,-820
795,-819
796,-819
797,-819
798,-819
799,-818
800,-817
800,-816
801,-815
802,-815
803,-815
804,-814
805,-813
806,-813
807,-812
808,-812
809,-812
809,-811
809,-810
809,-809
809,-808
808,-808
807,-807
807,-806
807,-805
808,-804
809,-804
810,-803
811,-803
812,-802
813,-801
814,-801
815,-801
816,-801
817,-800
818,-800
819,-799
819,-798
820,-797
821,-796
822,-796
823,-796
824,-796
825,-795
826,-794
827,-793
828,-793
828,-792
828,-791
829,-790
830,-790
831,-790
832,-790
832,-789
833,-788
834,-788
835,-787
836,-786
837,-786
837,-785
837,-784
837,-783
838,-782
839,-782
840,-781
841,-781
841,-780
842,-779
843,-779
844,-779
845,-778
846,-777
847,-776
848,-776
849,-776
850,-776
851,-776
852,-776
853,-775
854,-775
855,-774
855,-773
855,-772
855,-771
855,-770
856,-769
857,-769
858,-769
858,-768
858,-767
859,-766
860,-765
861,-764
861,-763
861,-762
861,-761
861,-760
862,-759
863,-759
864,-759
865,-759
865,-758
865,-757
866,-756
867,-756
868,-756
869,-756
870,-755
871,-754
872,-754
873,-753
873,-752
874,-751
875,-750
876,-750
877,-749
878,-749
878,-748
878,-747
878,-746
879,-745
880,-745
881,-745
882,-745
883,-744
883,-743
883,-742
883,-741
883,-740
883,-739
884,-738
884,-737
885,-736
886,-736
887,-735
888,-735
889,-734
889,-733
890,-732
891,-732
892,-732
893,-731
893,-730
894,-729
894,-728
895,-727
895,-726
895,-725
895,-724
895,-723
895,-722
896,-721
897,-721
898,-721
899,-721
900,-720
901,-720
901,-719
901,-718
902,-717
903,-716
904,-715
904,-714
904,-713
905,-712
906,-711
906,-710
907,-709
908,-709
908,-708
908,-707
909,-706
909,-705
910,-704
911,-703
912,-702
912,-701
913,-700
913,-699
914,-698
914,-697
915,-696
915,-695
916,-694
916,-693
917,-692
918,-691
918,-690
918,-689
918,-688
918,-687
918,-686
919,-685
920,-685
921,-684
922,-683
922,-682
923,-681
923,-680
924,-679
924,-678
925,-677
925,-676
926,-675
926,-674
926,-673
927,-672
927,-671
927,-670
927,-669
927,-668
927,-667
928,-666
929,-666
930,-666
930,-665
931,-664
932,-663
932,-662
932,-661
933,-660
933,-659
933,-658
934,-657
934,-656
935,-655
935,-654
935,-653
935,-652
935,-651
936,-650
937,-650
937,-649
937,-648
938,-647
939,-646
939,-645
939,-644
939,-643
940,-642
940,-641
941,-640
942,-639
942,-638
942,-637
942,-636
942,-635
942,-634
942,-633
942,-632
942,-631
942,-630
943,-629
944,-629
944,-628
945,-627
946,-626
946,-625
947,-624
948,-623
948,-622
948,-621
949,-620
949,-619
949,-618
950,-617
951,-616
951,-615
951,-614
951,-613
951,-612
952,-611
952,-610
953,-609
953,-608
954,-607
954,-606
954,-605
954,-604
955,-603
956,-602
956,-601
956,-600
956,-599
957,-598
957,-597
957,-596
958,-595
958,-594
958,-593
959,-592
959,-591
959,-590
960,-589
960,-588
960,-587
961,-586
962,-585
962,-584
962,-583
963,-582
963,-581
963,-580
964,-579
964,-578
965,-577
966,-577
967,-577
968,-577
969,-576
970,-576
970,-575
970,-574
970,-573
970,-572
970,-571
970,-570
969,-569
969,-568
969,-567
969,-566
969,-565
969,-564
969,-563
970,-562
970,-561
971,-560
971,-559
971,-558
971,-557
972,-556
972,-555
972,-554
972,-553
973,-552
973,-551
974,-550
974,-549
974,-548
974,-547
975,-546
976,-546
976,-545
976,-544
976,-543
976,-542
976,-541
976,-540
976,-539
976,-538
976,-537
976,-536
977,-535
977,-534
977,-533
977,-532
977,-531
977,-530
977,-529
977,-528
978,-527
978,-526
978,-525
978,-524
978,-523
978,-522
978,-521
978,-520
978,-519
978,-518
978,-517
978,-516
978,-515
978,-514
978,-513
978,-512
978,-511
978,-510
977,-509
976,-509
975,-509
974,-509
973,-509
972,-509
971,-509
970,-510
969,-510
968,-510
967,-510
966,-510
965,-511
964,-511
963,-511
962,-512
961,-512
960,-512
959,-512
958,-513
957,-513
956,-514
955,-514
954,-515
953,-515
952,-515
951,-516
950,-516
949,-516
948,-517
947,-517
946,-518
945,-518
944,-518
943,-519
942,-519
941,-520
940,-520
939,-521
938,-521
937,-521
936,-522
935,-522
934,-522
933,-523
932,-523
931,-524
930,-524
929,-524
928,-525
927,-525
926,-526
925,-526
924,-527
923,-527
922,-528
921,-528
920,-528
919,-529
918,-529
917,-530
916,-530
915,-531
914,-531
913,-532
912,-532
911,-533
910,-533
909,-533
908,-534
907,-534
906,-535
905,-535
904,-536
903,-536
902,-537
901,-537
900,-537
899,-538
898,-538
897,-539
896,-539
895,-540
894,-540
893,-541
892,-541
891,-541
890,-542
889,-542
888,-542
887,-543
886,-543
885,-544
884,-544
883,-544
882,-545
881,-545
880,-546
879,-546
878,-547
877,-547
876,-548
875,-548
874,-548
873,-549
872,-549
871,-549
870,-550
869,-550
868,-551
867,-551
866,-551
865,-552
864,-552
863,-552
862,-553
861,-553
860,-553
859,-554
858,-554
857,-554
856,-555
855,-555
854,-556
853,-556
852,-557
851,-557
850,-558
849,-558
848,-558
847,-558
846,-559
845,-560
844,-560
843,-560
842,-561
841,-561
840,-561
839,-562
838,-562
837,-562
836,-563
835,-563
834,-564
833,-564
832,-565
831,-565
830,-565
829,-566
828,-566
827,-567
826,-568
825,-568
824,-568
823,-569
822,-569
821,-570
820,-570
819,-571
818,-571
817,-572
816,-573
815,-573
814,-573
813,-573
812,-574
811,-575
810,-575
809,-576
809,-577
808,-578
807,-578
806,-578
805,-578
804,-578
803,-579
802,-580
801,-580
800,-581
799,-581
798,-582
797,-582
796,-583
795,-584
794,-584
794,-585
793,-586
792,-586
791,-586
790,-587
789,-587
788,-588
787,-588
786,-589
785,-589
784,-590
783,-591
782,-592
781,-593
780,-593
779,-594
778,-595
777,-595
776,-596
775,-597
774,-597
773,-598
772,-599
771,-599
770,-600
769,-601
768,-602
767,-602
766,-603
765,-604
764,-605
763,-606
762,-606
761,-607
760,-608
759,-609
758,-609
757,-610
756,-611
755,-612
754,-613
753,-613
752,-614
752,-615
751,-616
750,-616
749,-617
748,-618
747,-619
746,-620
745,-621
744,-622
743,-623
742,-624
741,-624
740,-625
740,-626
739,-627
738,-627
737,-628
736,-629
735,-630
735,-631
734,-632
733,-632
732,-633
731,-634
730,-635
730,-636
729,-637
728,-638
727,-639
726,-640
725,-641
724,-642
723,-643
722,-644
721,-645
721,-646
720,-647
719,-648
718,-649
717,-650
717,-651
716,-652
715,-653
714,-654
714,-655
713,-656
712,-657
711,-658
710,-659
709,-660
708,-661
708,-662
707,-663
706,-664
706,-665
705,-666
705,-667
704,-668
703,-669
702,-670
701,-671
701,-672
700,-673
699,-674
699,-675
698,-676
697,-677
696,-678
696,-679
695,-680
694,-681
694,-682
693,-683
693,-684
693,-685
692,-686
691,-687
690,-688
690,-689
689,-690
688,-691
688,-692
687,-693
686,-694
686,-695
685,-696
685,-697
684,-698
684,-699
683,-700
682,-701
682,-702
681,-703
681,-704
681,-705
680,-706
679,-707
679,-708
678,-709
678,-710
677,-711
677,-712
676,-713
675,-714
675,-715
675,-716
674,-717
674,-718
674,-719
673,-720
673,-721
672,-722
672,-723
672,-724
671,-725
671,-726
671,-727
670,-728
670,-729
669,-730
669,-731
669,-732
668,-733
668,-734
668,-735
667,-736
667,-737
666,-738
666,-739
665,-740
665,-741
665,-742
664,-743
664,-744
664,-745
664,-746
663,-747
663,-748
663,-749
662,-750
662,-751
662,-752
662,-753
661,-754
661,-755
661,-756
660,-757
660,-758
660,-759
660,-760
659,-761
659,-762
659,-763
658,-764
658,-765
658,-766
658,-767
658,-768
658,-769
657,-770
657,-771
657,-772
657,-773
657,-774
657,-775
656,-776
656,-777
655,-778
655,-779
655,-780
655,-781
654,-782
654,-783
654,-784
654,-785
653,-786
653,-787
653,-788
653,-789
652,-790
652,-791
652,-792
651,-793
651,-794
651,-795
650,-796
650,-797
650,-798
649,-799
649,-800
648,-801
648,-802
647,-803
647,-804
647,-805
646,-806
645,-807
645,-808
645,-809
644,-810
643,-811
643,-812
642,-813
642,-814
641,-815
641,-816
640,-817
639,-818
639,-819
638,-820
637,-821
637,-822
636,-823
635,-824
634,-824
634,-825
633,-826
633,-827
632,-828
631,-829
630,-830
629,-831
629,-832
628,-833
627,-833
626,-834
626,-835
625,-836
624,-837
623,-838
622,-839
621,-840
620,-841
619,-842
619,-843
618,-844
617,-845
616,-846
615,-847
614,-848
613,-849
613,-850
612,-851
611,-851
610,-852
610,-853
609,-854
608,-855
607,-855
606,-856
605,-857
604,-858
603,-859
602,-860
602,-861
601,-862
600,-863
599,-863
598,-864
597,-865
597,-866
596,-867
596,-868
595,-869
594,-870
593,-870
592,-871
591,-872
591,-873
590,-874
589,-874
588,-875
587,-875
587,-876
586,-877
585,-878
584,-878
583,-879
583,-880
582,-881
581,-882
580,-883
579,-884
579,-885
578,-886
577,-887
576,-888
575,-889
574,-890
573,-891
572,-892
571,-893
570,-894
570,-895
569,-896
568,-897
567,-898
566,-898
566,-899
565,-900
564,-900
564,-901
563,-902
562,-902
561,-903
560,-904
559,-904
559,-905
558,-906
558,-907
557,-908
556,-909
555,-910
555,-911
555,-912
555,-913
555,-914
555,-915
555,-916
555,-917
555,-918
555,-919
554,-920
553,-921
552,-921
551,-921
550,-922
549,-922
548,-923
547,-923
546,-923
546,-924
545,-925
544,-926
543,-926
542,-926
542,-927
542,-928
542,-929
542,-930
542,-931
542,-932
541,-933
540,-934
539,-934
538,-934
537,-934
537,-935
537,-936
537,-937
536,-938
536,-939
536,-940
535,-941
534,-941
533,-941
532,-942
531,-942
531,-943
530,-944
530,-945
529,-946
528,-946
527,-946
526,-946
525,-947
524,-948
524,-949
524,-950
524,-951
523,-952
