453,-664
453,-665
453,-666
453,-667
453,-668
453,-669
453,-670
453,-671
453,-672
454,-673
455,-673
456,-673
457,-674
458,-674
459,-674
460,-674
461,-674
462,-674
463,-674
464,-674
465,-674
466,-674
467,-675
467,-676
467,-677
467,-678
467,-679
467,-680
466,-681
465,-681
464,-681
463,-681
462,-681
461,-681
460,-681
459,-681
459,-682
459,-683
459,-684
459,-685
459,-686
459,-687
460,-688
461,-688
462,-688
463,-688
464,-689
464,-690
464,-691
464,-692
464,-693
464,-694
465,-695
466,-695
467,-695
468,-695
469,-696
469,-697
469,-698
470,-698
471,-698
472,-698
473,-699
474,-699
475,-700
475,-701
476,-701
477,-701
478,-701
479,-702
480,-703
481,-703
482,-703
483,-703
484,-704
485,-705
486,-705
487,-705
488,-705
489,-705
490,-705
491,-706
492,-706
493,-707
494,-707
495,-707
496,-707
497,-708
497,-709
498,-709
499,-709
500,-710
501,-710
502,-710
503,-710
504,-711
505,-711
506,-711
507,-711
508,-711
509,-711
510,-712
511,-712
512,-712
513,-712
514,-713
515,-713
516,-713
517,-713
518,-714
518,-715
519,-715
520,-715
521,-715
522,-715
523,-715
524,-716
525,-716
526,-716
527,-717
528,-717
529,-718
530,-718
531,-718
532,-719
533,-719
534,-719
535,-720
536,-720
537,-720
538,-721
539,-721
540,-721
541,-721
542,-721
543,-721
544,-721
545,-722
546,-722
547,-723
547,-724
548,-724
549,-724
550,-724
551,-724
552,-724
553,-724
554,-724
555,-725
555,-726
556,-727
557,-727
558,-727
559,-727
560,-728
561,-729
562,-729
563,-729
564,-729
565,-730
566,-730
567,-730
568,-730
569,-731
570,-731
571,-731
572,-731
573,-731
574,-732
575,-732
576,-732
577,-732
578,-733
579,-733
580,-733
581,-733
582,-733
583,-733
584,-733
585,-733
586,-734
587,-734
588,-734
589,-734
590,-734
591,-734
592,-734
593,-735
593,-736
594,-736
595,-736
596,-736
597,-736
598,-736
599,-737
600,-737
601,-737
602,-737
603,-738
604,-738
605,-739
606,-739
607,-739
608,-739
609,-740
610,-740
611,-740
612,-740
613,-740
614,-740
615,-740
616,-740
617,-740
618,-740
619,-740
620,-740
621,-740
622,-741
623,-741
624,-741
625,-741
626,-741
627,-741
628,-742
629,-742
630,-742
631,-742
632,-742
633,-743
634,-744
635,-745
636,-746
637,-746
638,-747
639,-748
639,-749
640,-749
641,-750
642,-751
642,-752
643,-753
644,-754
645,-755
646,-756
646,-757
647,-757
648,-757
649,-758
649,-759
649,-760
649,-761
650,-761
651,-762
652,-762
653,-763
653,-764
654,-764
655,-765
655,-766
656,-766
657,-767
657,-768
657,-769
657,-770
658,-771
659,-772
660,-773
661,-773
662,-774
662,-775
662,-776
662,-777
662,-778
662,-779
662,-780
662,-781
662,-782
662,-783
663,-784
664,-785
665,-786
665,-787
666,-788
666,-789
667,-790
667,-791
668,-792
668,-793
669,-793
670,-793
671,-794
671,-795
672,-795
673,-795
674,-795
675,-795
676,-795
677,-794
678,-793
679,-792
680,-791
681,-790
682,-790
683,-790
684,-790
685,-791
685,-792
685,-793
684,-794
683,-795
682,-796
681,-797
680,-798
679,-798
678,-799
678,-800
678,-801
678,-802
678,-803
679,-804
680,-804
681,-804
682,-805
682,-806
682,-807
683,-807
684,-807
685,-808
685,-809
685,-810
686,-811
687,-811
688,-812
689,-812
690,-813
690,-814
690,-815
691,-815
692,-815
693,-815
694,-815
695,-815
696,-815
697,-816
698,-816
699,-817
700,-818
700,-819
700,-820
701,-820
702,-821
703,-822
704,-822
705,-822
706,-822
707,-822
708,-823
709,-823
710,-823
711,-824
712,-825
713,-825
714,-826
714,-827
715,-828
716,-828
717,-828
718,-828
719,-829
720,-829
721,-829
722,-830
722,-831
723,-831
724,-832
725,-833
725,-834
726,-834
727,-835
728,-835
729,-836
730,-836
731,-836
732,-836
733,-836
734,-836
735,-836
736,-837
736,-838
737,-838
738,-838
739,-838
740,-838
741,-838
742,-838
743,-838
744,-838
745,-839
745,-840
745,-841
746,-842
747,-842
748,-842
749,-842
750,-842
751,-842
752,-842
753,-843
754,-844
755,-844
756,-844
757,-844
758,-844
759,-844
760,-845
761,-845
762,-845
763,-846
764,-846
765,-846
766,-846
767,-846
768,-846
769,-846
770,-846
771,-847
771,-848
772,-848
773,-848
774,-848
775,-848
776,-848
777,-848
778,-849
779,-849
780,-850
781,-850
782,-850
783,-850
784,-850
785,-851
786,-851
787,-851
788,-851
789,-851
790,-851
791,-851
792,-851
793,-851
794,-851
795,-851
796,-851
797,-851
798,-851
799,-851
800,-852
801,-853
802,-853
803,-853
804,-853
805,-853
806,-853
807,-853
808,-854
809,-854
810,-854
811,-854
812,-854
813,-854
814,-854
815,-854
816,-854
817,-855
818,-855
819,-855
820,-855
821,-855
822,-855
823,-855
824,-855
825,-855
826,-855
827,-855
828,-855
829,-855
830,-855
831,-855
832,-855
833,-855
834,-855
835,-855
836,-855
837,-855
838,-855
839,-855
840,-854
841,-854
842,-854
843,-854
844,-854
845,-854
846,-854
847,-854
848,-855
849,-855
850,-855
851,-855
852,-855
853,-855
854,-855
855,-855
856,-855
857,-855
858,-855
859,-854
860,-854
861,-854
862,-854
863,-854
864,-853
865,-853
866,-853
867,-852
867,-851
868,-850
869,-850
870,-850
871,-850
872,-850
873,-851
873,-852
873,-853
874,-853
875,-853
876,-853
877,-853
878,-853
879,-853
880,-853
881,-852
882,-852
883,-852
884,-852
885,-852
886,-852
887,-852
888,-852
889,-852
890,-852
891,-852
892,-852
893,-852
894,-852
895,-852
896,-852
897,-851
898,-851
899,-851
900,-851
901,-850
902,-850
903,-850
904,-850
905,-850
906,-850
907,-850
908,-850
909,-850
910,-849
911,-849
912,-849
913,-849
914,-848
915,-848
916,-848
917,-848
918,-848
919,-848
920,-848
921,-847
922,-847
923,-847
924,-847
925,-847
926,-847
927,-846
928,-846
929,-846
930,-845
931,-845
932,-845
933,-844
934,-844
935,-844
936,-844
937,-844
938,-844
939,-843
940,-843
941,-843
942,-843
943,-842
944,-842
945,-842
946,-841
947,-840
948,-840
949,-840
950,-840
951,-840
952,-840
953,-839
954,-839
955,-839
956,-839
957,-838
958,-838
959,-837
960,-837
960,-836
961,-835
962,-835
963,-835
964,-835
965,-835
966,-835
967,-835
968,-835
969,-835
970,-835
971,-834
972,-833
973,-832
974,-832
975,-831
976,-831
977,-831
978,-831
979,-831
980,-831
980,-830
981,-829
982,-829
983,-828
984,-827
985,-827
986,-827
987,-827
988,-826
989,-825
989,-824
990,-823
991,-823
992,-823
993,-823
994,-823
995,-823
996,-823
997,-822
998,-822
998,-821
999,-820
1000,-820
1001,-820
1002,-820
1003,-820
1004,-819
1005,-819
1006,-819
1007,-819
1008,-819
1008,-818
1009,-817
1010,-817
1011,-817
1012,-817
1013,-817
1014,-816
1015,-816
1016,-816
1017,-815
1018,-815
1019,-815
1020,-815
1021,-815
1022,-814
1023,-814
1024,-813
1025,-813
1026,-813
1027,-812
1028,-812
1029,-812
1030,-812
1031,-811
1032,-810
1033,-810
1034,-809
1035,-808
1036,-808
1037,-808
1038,-808
1038,-807
1038,-806
1039,-805
1040,-805
1041,-804
1042,-803
1043,-803
1044,-803
1044,-802
1045,-801
1046,-801
1047,-801
1047,-800
1048,-799
1048,-798
1048,-797
1048,-796
1048,-795
1048,-794
1049,-793
1049,-792
1049,-791
1049,-790
1049,-789
1049,-788
1049,-787
1048,-786
1048,-785
1048,-784
1048,-783
1048,-782
1048,-781
1048,-780
1048,-779
1047,-778
1046,-777
1045,-776
1044,-775
1043,-774
1042,-773
1041,-772
1040,-771
1039,-770
1038,-769
1037,-768
1036,-767
1035,-766
1034,-766
1033,-765
1033,-764
1032,-763
1031,-763
1030,-762
1029,-761
1028,-760
1028,-759
1027,-758
1026,-758
1025,-757
1024,-756
1023,-755
1023,-754
1022,-753
1021,-752
1020,-751
1019,-751
1018,-751
1017,-750
1017,-749
1016,-748
1015,-747
1014,-746
1013,-745
1012,-744
1012,-743
1011,-742
1010,-742
1009,-741
1008,-740
1008,-739
1007,-739
1006,-738
1005,-737
1004,-736
1003,-736
1002,-735
1001,-735
1000,-734
999,-733
999,-732
998,-731
997,-731
996,-730
995,-729
994,-728
993,-727
992,-727
991,-726
990,-725
989,-725
988,-724
988,-723
987,-723
986,-722
985,-721
984,-720
983,-719
982,-718
981,-717
980,-717
979,-716
978,-715
977,-714
976,-713
975,-712
974,-711
973,-710
972,-710
971,-709
970,-708
969,-707
968,-706
967,-706
966,-705
965,-704
964,-704
963,-703
962,-702
961,-702
960,-701
959,-700
958,-699
957,-699
956,-699
955,-698
954,-697
953,-697
952,-696
951,-695
950,-695
949,-695
948,-695
947,-694
946,-693
945,-693
944,-692
943,-691
942,-690
941,-690
940,-689
939,-688
938,-687
937,-687
936,-687
935,-686
934,-685
933,-684
932,-684
931,-684
930,-683
929,-682
928,-682
927,-681
926,-681
925,-680
924,-679
923,-679
922,-678
921,-678
920,-677
919,-677
918,-676
917,-676
916,-676
915,-675
914,-675
913,-674
912,-674
911,-674
910,-674
909,-673
908,-673
907,-672
906,-672
905,-672
904,-671
904,-670
903,-670
902,-670
901,-670
900,-670
899,-670
898,-669
898,-668
897,-668
896,-667
895,-667
894,-666
893,-666
892,-666
891,-665
890,-665
889,-664
888,-664
887,-664
886,-663
885,-663
884,-663
883,-662
882,-662
881,-662
880,-662
879,-661
878,-661
877,-661
876,-660
875,-660
874,-660
873,-659
872,-659
871,-658
870,-658
869,-658
868,-658
867,-657
866,-657
865,-657
864,-656
863,-656
862,-656
861,-656
860,-655
859,-655
858,-655
857,-655
856,-655
855,-654
854,-654
853,-654
852,-653
851,-653
850,-653
849,-653
848,-653
847,-652
846,-652
845,-652
844,-652
843,-652
842,-652
841,-651
840,-651
839,-651
838,-651
837,-651
836,-651
835,-650
834,-650
833,-650
832,-650
831,-650
830,-650
829,-650
828,-650
827,-650
826,-650
825,-650
824,-649
823,-649
822,-649
821,-649
820,-649
819,-649
818,-649
817,-649
816,-649
815,-648
814,-648
813,-648
812,-648
811,-648
810,-648
809,-648
808,-648
807,-648
806,-648
805,-648
804,-648
803,-648
802,-648
801,-648
800,-648
799,-648
798,-648
797,-648
796,-648
795,-648
794,-648
793,-648
792,-648
791,-648
790,-648
789,-649
788,-649
787,-649
786,-649
785,-649
784,-649
783,-649
782,-649
781,-649
780,-649
779,-649
778,-649
777,-649
776,-649
775,-649
774,-649
773,-649
772,-649
771,-650
770,-650
769,-650
768,-650
767,-650
766,-650
765,-650
764,-650
763,-650
762,-650
761,-650
760,-650
759,-650
758,-651
757,-651
756,-651
755,-651
754,-651
753,-651
752,-651
751,-651
750,-652
749,-652
748,-652
747,-652
746,-652
745,-652
744,-652
743,-653
742,-653
741,-653
740,-653
739,-653
738,-653
737,-654
736,-654
735,-654
734,-654
733,-654
732,-654
731,-654
730,-655
729,-655
728,-655
727,-655
726,-655
725,-656
724,-656
723,-656
722,-656
721,-656
720,-657
719,-657
718,-657
717,-658
716,-658
715,-658
714,-659
713,-659
712,-659
711,-660
710,-660
709,-660
708,-660
707,-661
706,-661
705,-662
704,-662
703,-662
702,-663
701,-663
700,-663
699,-664
698,-665
697,-665
696,-665
695,-666
694,-666
694,-667
693,-668
692,-668
691,-668
690,-668
690,-669
689,-670
688,-670
687,-671
686,-671
685,-671
684,-671
683,-672
682,-672
681,-673
680,-674
679,-674
678,-675
677,-676
676,-677
675,-678
674,-678
673,-678
672,-678
671,-678
670,-679
669,-679
668,-679
667,-680
666,-680
665,-680
664,-681
663,-681
662,-681
661,-682
660,-682
659,-682
658,-682
657,-683
656,-683
655,-683
654,-683
653,-684
652,-684
651,-684
650,-685
649,-685
648,-685
647,-685
646,-686
645,-686
644,-686
643,-686
642,-686
641,-686
640,-686
639,-686
638,-686
637,-687
636,-687
635,-687
634,-687
633,-688
632,-688
631,-688
630,-688
629,-688
628,-688
627,-688
626,-688
625,-688
624,-688
623,-688
622,-688
621,-687
620,-687
619,-687
618,-687
617,-686
616,-686
615,-686
614,-686
613,-685
612,-685
611,-685
610,-685
609,-684
608,-684
607,-683
606,-683
605,-683
604,-682
603,-682
602,-682
601,-681
600,-681
599,-681
598,-681
597,-680
596,-680
595,-680
594,-680
593,-680
592,-680
591,-679
590,-679
589,-679
588,-679
587,-679
586,-678
585,-678
584,-678
583,-678
582,-678
581,-677
580,-677
579,-677
578,-677
577,-677
576,-677
575,-676
574,-676
573,-676
572,-676
571,-675
570,-675
569,-675
568,-674
567,-674
566,-674
565,-674
564,-674
563,-673
562,-673
561,-673
560,-673
559,-672
558,-672
557,-672
556,-672
555,-671
554,-671
553,-670
552,-670
551,-670
550,-670
549,-670
548,-669
547,-669
546,-669
545,-668
544,-668
543,-668
542,-667
541,-667
540,-667
539,-666
538,-666
537,-666
536,-666
535,-665
534,-665
533,-665
532,-664
531,-664
530,-664
529,-664
528,-663
527,-663
526,-663
525,-662
524,-662
523,-662
522,-662
521,-662
520,-661
519,-661
518,-661
517,-660
516,-660
515,-660
514,-660
513,-659
512,-659
511,-659
510,-659
509,-658
508,-658
507,-658
506,-657
505,-657
504,-656
503,-656
502,-656
501,-655
500,-655
499,-654
498,-654
497,-654
496,-654
495,-653
494,-653
493,-652
492,-652
491,-652
490,-651
489,-651
488,-650
487,-650
486,-649
485,-649
484,-649
483,-649
482,-649
481,-649
480,-648
480,-647
479,-647
478,-647
477,-647
476,-647
476,-648
476,-649
476,-650
476,-651
477,-651
478,-651
479,-651
480,-651
481,-652
481,-653
481,-654
481,-655
482,-656
483,-657
483,-658
484,-659
484,-660
484,-661
484,-662
483,-663
483,-664
483,-665
483,-666
483,-667
482,-668
481,-669
480,-669
479,-669
478,-669
477,-669
476,-668
475,-668
474,-668
473,-668
472,-668
471,-667
471,-666
471,-665
471,-664
471,-663
471,-662
470,-662
469,-662
468,-662
467,-662
466,-662
465,-662
464,-662
463,-662
462,-662
461,-662
460,-661
459,-661
458,-660
457,-660
456,-660
455,-660
454,-660
454,-661
454,-662
454,-663
453,-664
