458,-831
458,-832
458,-833
458,-834
458,-835
458,-836
458,-837
458,-838
458,-839
459,-839
460,-840
460,-841
460,-842
460,-843
460,-844
460,-845
460,-846
460,-847
460,-848
460,-849
461,-849
462,-849
463,-849
464,-849
465,-849
466,-848
467,-848
468,-847
469,-847
470,-847
471,-847
472,-847
473,-847
474,-847
475,-847
475,-846
476,-845
476,-844
476,-843
477,-842
478,-842
479,-842
480,-842
481,-842
482,-842
483,-842
484,-842
485,-842
486,-842
486,-841
486,-840
487,-839
488,-839
489,-839
490,-839
491,-839
492,-839
493,-838
494,-838
495,-838
495,-837
496,-836
497,-836
498,-836
499,-835
500,-834
501,-834
502,-834
503,-834
504,-833
505,-833
506,-833
507,-833
508,-833
509,-833
510,-833
511,-833
512,-832
513,-832
514,-831
515,-831
516,-831
517,-831
518,-831
519,-830
520,-830
521,-830
522,-830
523,-830
524,-830
525,-830
526,-830
527,-830
528,-829
529,-829
530,-829
531,-829
532,-828
533,-828
534,-828
535,-828
536,-828
537,-828
538,-827
539,-827
540,-827
541,-827
542,-827
543,-826
544,-826
545,-826
546,-826
547,-826
547,-825
548,-824
549,-824
550,-824
551,-824
552,-824
553,-823
554,-823
555,-823
556,-822
557,-822
558,-822
559,-822
560,-822
561,-822
562,-822
563,-822
564,-821
565,-821
566,-821
567,-820
568,-820
569,-820
570,-820
571,-820
572,-820
573,-820
574,-820
575,-820
576,-820
577,-820
578,-820
579,-820
580,-819
581,-819
582,-819
583,-819
584,-819
585,-819
586,-819
587,-819
588,-819
589,-819
590,-818
591,-818
592,-818
593,-818
594,-818
595,-818
596,-818
597,-817
598,-817
599,-817
600,-817
601,-817
602,-817
603,-817
604,-817
605,-816
606,-816
607,-816
608,-816
609,-816
610,-816
611,-816
612,-816
613,-816
614,-816
615,-816
616,-816
617,-816
618,-816
619,-816
620,-816
621,-816
622,-816
623,-816
624,-816
625,-816
626,-817
627,-817
628,-817
629,-817
630,-817
631,-817
632,-818
633,-818
634,-818
635,-818
636,-818
637,-819
638,-819
639,-819
640,-819
641,-819
642,-819
643,-819
644,-819
645,-820
646,-820
647,-820
648,-820
649,-821
650,-821
651,-821
652,-821
653,-821
654,-820
655,-820
656,-820
657,-820
658,-820
659,-820
660,-820
661,-820
662,-820
663,-820
664,-820
665,-820
666,-820
667,-821
668,-821
669,-821
670,-822
671,-822
672,-822
673,-823
674,-823
675,-824
676,-825
677,-826
678,-826
679,-826
680,-827
681,-827
682,-828
683,-828
684,-829
684,-830
685,-830
686,-831
686,-832
687,-832
688,-832
689,-832
690,-832
691,-833
691,-834
692,-835
693,-835
694,-835
695,-835
696,-835
697,-836
698,-837
699,-837
700,-838
701,-839
702,-839
703,-839
704,-840
705,-840
706,-840
707,-840
708,-841
709,-842
710,-843
711,-843
712,-844
713,-844
714,-845
715,-845
716,-845
717,-845
718,-846
719,-846
720,-846
721,-846
722,-846
723,-847
724,-847
725,-848
726,-848
727,-849
728,-849
729,-849
730,-850
731,-850
732,-850
733,-850
734,-850
735,-850
736,-850
737,-850
738,-851
739,-851
740,-851
741,-851
742,-852
742,-853
743,-853
744,-853
745,-854
745,-855
746,-855
747,-855
748,-855
749,-855
750,-855
751,-855
752,-855
753,-855
754,-855
755,-855
756,-855
757,-855
758,-856
759,-856
760,-856
761,-856
762,-856
763,-856
764,-856
765,-856
766,-856
767,-856
768,-856
769,-856
770,-856
771,-856
772,-855
773,-854
774,-854
775,-854
776,-854
777,-854
778,-854
779,-854
780,-854
781,-854
782,-854
783,-855
784,-855
785,-855
786,-855
787,-855
788,-854
789,-854
790,-854
791,-854
792,-854
793,-853
794,-853
795,-853
796,-853
797,-853
798,-853
799,-852
800,-852
801,-852
802,-852
803,-852
804,-852
805,-852
806,-852
807,-851
808,-851
809,-851
810,-851
811,-851
812,-851
813,-851
814,-851
815,-851
816,-851
817,-851
818,-851
819,-851
820,-850
821,-850
822,-850
823,-850
824,-850
825,-850
826,-850
827,-849
828,-849
829,-849
830,-849
831,-849
832,-849
833,-849
834,-848
835,-848
836,-848
837,-847
838,-847
839,-847
840,-847
841,-847
842,-846
843,-846
844,-846
845,-846
846,-846
847,-845
848,-845
849,-845
850,-844
851,-844
852,-844
853,-844
854,-844
855,-843
856,-843
857,-842
858,-842
859,-842
860,-842
861,-841
862,-841
863,-841
864,-840
865,-840
866,-839
867,-839
868,-839
869,-839
870,-839
871,-839
872,-838
873,-838
874,-838
874,-837
875,-836
876,-836
877,-835
878,-835
879,-834
880,-834
881,-833
882,-833
883,-832
883,-831
884,-830
885,-830
886,-830
887,-830
888,-829
889,-829
890,-829
891,-829
892,-829
893,-829
894,-829
895,-828
896,-827
897,-827
898,-826
899,-825
900,-825
901,-824
902,-823
903,-822
904,-822
905,-821
906,-821
907,-820
908,-820
908,-819
909,-818
910,-818
911,-817
912,-816
913,-816
914,-815
915,-814
916,-814
917,-814
918,-814
919,-814
920,-814
921,-814
922,-814
923,-813
924,-813
925,-812
926,-811
927,-811
928,-811
929,-811
930,-811
931,-811
931,-810
931,-809
932,-808
933,-808
934,-808
935,-808
936,-808
937,-807
938,-806
939,-805
940,-804
941,-804
942,-803
943,-803
943,-802
944,-801
945,-801
946,-800
947,-800
948,-800
949,-799
950,-798
951,-798
952,-797
953,-796
954,-796
955,-795
956,-794
957,-794
958,-794
959,-793
959,-792
960,-791
961,-791
961,-790
962,-789
963,-789
964,-789
965,-788
966,-787
967,-787
968,-787
968,-786
968,-785
969,-784
970,-784
971,-784
972,-783
973,-782
974,-781
975,-780
975,-779
976,-778
977,-777
978,-776
978,-775
979,-774
980,-773
981,-773
982,-772
982,-771
983,-770
984,-770
985,-770
985,-769
986,-768
987,-767
988,-767
989,-766
990,-766
990,-765
991,-764
992,-763
993,-763
994,-763
994,-762
995,-761
996,-760
997,-760
998,-759
998,-758
999,-757
1000,-756
1001,-756
1002,-755
1003,-755
1004,-754
1005,-753
1006,-752
1007,-751
1008,-750
1009,-750
1010,-749
1011,-749
1011,-748
1012,-747
1013,-746
1014,-746
1015,-745
1016,-744
1016,-743
1017,-742
1018,-741
1019,-740
1020,-740
1021,-740
1022,-739
1023,-739
1023,-738
1023,-737
1024,-736
1025,-736
1026,-735
1027,-734
1028,-733
1029,-732
1030,-732
1030,-731
1031,-730
1032,-729
1033,-729
1034,-729
1035,-728
1036,-728
1036,-727
1037,-726
1038,-725
1039,-724
1039,-723
1039,-722
1039,-721
1039,-720
1039,-719
1040,-718
1041,-718
1041,-717
1042,-716
1043,-715
1043,-714
1043,-713
1043,-712
1044,-711
1044,-710
1044,-709
1044,-708
1044,-707
1043,-706
1042,-705
1042,-704
1041,-703
1040,-702
1039,-701
1038,-700
1037,-699
1036,-698
1035,-698
1034,-698
1033,-697
1032,-696
1031,-695
1030,-694
1029,-693
1028,-693
1027,-692
1026,-692
1025,-691
1024,-690
1023,-690
1022,-690
1021,-689
1020,-688
1019,-688
1018,-687
1017,-687
1016,-686
1015,-686
1014,-685
1013,-685
1012,-684
1011,-684
1010,-683
1009,-683
1008,-682
1007,-682
1006,-682
1005,-681
1004,-681
1003,-680
1002,-680
1001,-679
1000,-679
999,-678
998,-678
997,-678
996,-677
995,-677
994,-676
993,-675
992,-675
991,-675
990,-675
989,-674
988,-674
987,-673
986,-673
985,-672
984,-672
983,-671
982,-671
981,-670
980,-670
979,-669
978,-669
977,-668
976,-668
975,-668
974,-667
973,-667
972,-666
971,-666
970,-666
969,-666
968,-666
967,-665
966,-665
965,-665
964,-664
963,-664
962,-664
961,-663
960,-663
959,-662
958,-662
957,-662
956,-662
955,-662
954,-662
953,-662
952,-661
951,-661
950,-660
949,-659
948,-659
947,-659
946,-659
945,-658
944,-658
943,-658
942,-658
941,-657
940,-657
939,-656
938,-656
937,-656
936,-656
935,-655
934,-655
933,-655
932,-655
931,-654
930,-654
929,-654
928,-654
927,-654
926,-654
925,-654
924,-654
923,-653
922,-653
921,-652
920,-652
919,-652
918,-652
917,-651
916,-651
915,-651
914,-651
913,-651
912,-651
911,-651
910,-651
909,-650
908,-650
907,-650
906,-649
905,-649
904,-649
903,-649
902,-649
901,-649
900,-648
899,-648
898,-648
897,-648
896,-648
895,-647
894,-647
893,-647
892,-647
891,-647
890,-647
889,-647
888,-647
887,-646
886,-646
885,-646
884,-646
883,-646
882,-646
881,-646
880,-646
879,-646
878,-646
877,-646
876,-646
875,-646
874,-646
873,-646
872,-646
871,-646
870,-646
869,-646
868,-646
867,-646
866,-646
865,-646
864,-646
863,-646
862,-646
861,-646
860,-646
859,-646
858,-646
857,-646
856,-646
855,-646
854,-646
853,-646
852,-646
851,-646
850,-646
849,-646
848,-646
847,-646
846,-646
845,-646
844,-646
843,-646
842,-646
841,-646
840,-646
839,-646
838,-646
837,-646
836,-646
836,-647
835,-648
834,-648
833,-648
832,-648
831,-648
830,-648
829,-648
828,-648
827,-648
826,-648
825,-648
824,-648
823,-649
822,-649
821,-649
820,-649
819,-649
818,-649
817,-649
816,-649
815,-649
814,-650
813,-650
812,-650
811,-650
810,-650
809,-650
808,-650
807,-651
806,-651
805,-651
804,-650
803,-650
802,-650
801,-650
800,-650
799,-651
798,-651
797,-651
796,-651
795,-652
794,-652
793,-652
792,-652
791,-653
790,-653
789,-653
788,-654
787,-654
786,-654
785,-654
784,-654
783,-654
782,-654
781,-654
780,-655
779,-655
778,-655
777,-655
776,-655
775,-656
774,-656
773,-656
772,-657
771,-657
770,-657
769,-658
768,-658
767,-658
766,-658
765,-659
764,-659
763,-659
762,-660
761,-660
760,-660
759,-661
758,-661
757,-661
756,-661
755,-662
754,-663
753,-663
752,-663
751,-663
750,-663
749,-663
748,-664
747,-664
746,-664
745,-665
744,-666
743,-666
742,-666
741,-666
740,-667
739,-667
738,-667
737,-668
736,-669
735,-669
734,-670
733,-670
732,-670
731,-671
730,-671
729,-672
728,-672
727,-673
726,-673
725,-674
724,-674
723,-675
722,-675
721,-676
720,-676
719,-677
718,-677
717,-678
716,-678
715,-679
714,-679
713,-680
712,-680
711,-681
710,-681
709,-682
708,-682
707,-683
706,-684
705,-684
704,-685
703,-685
702,-686
701,-687
700,-687
699,-688
698,-689
697,-689
696,-690
695,-691
694,-691
693,-692
692,-692
692,-693
691,-694
690,-694
689,-695
688,-695
688,-696
687,-697
686,-698
685,-698
684,-699
683,-700
682,-700
682,-701
681,-702
680,-702
679,-703
678,-703
677,-704
676,-705
675,-706
674,-707
673,-708
672,-709
672,-710
671,-711
670,-711
669,-712
668,-713
667,-714
667,-715
666,-716
665,-716
664,-717
664,-718
663,-719
662,-719
661,-720
661,-721
660,-722
659,-723
658,-724
657,-725
656,-726
655,-727
655,-728
654,-729
653,-730
652,-731
651,-732
651,-733
650,-734
649,-735
648,-736
647,-737
646,-738
645,-739
645,-740
644,-741
643,-742
642,-743
642,-744
642,-745
641,-746
640,-746
640,-747
639,-748
638,-749
637,-750
636,-751
635,-751
634,-752
633,-753
632,-754
631,-754
630,-755
629,-756
628,-757
627,-757
626,-757
625,-758
624,-759
623,-759
622,-760
621,-760
620,-760
619,-761
618,-761
617,-762
616,-762
615,-763
614,-763
613,-763
612,-764
611,-764
610,-764
609,-765
608,-765
607,-765
606,-766
605,-766
604,-766
603,-766
602,-767
601,-767
600,-767
599,-768
598,-768
597,-768
596,-769
595,-769
594,-769
593,-769
592,-770
591,-770
590,-770
589,-770
588,-770
587,-771
586,-771
585,-771
584,-772
583,-772
582,-773
581,-773
580,-773
579,-773
578,-773
577,-774
576,-775
575,-775
574,-775
573,-775
572,-775
571,-775
570,-775
569,-776
568,-777
567,-777
566,-777
565,-777
564,-777
563,-777
562,-777
561,-777
560,-778
559,-778
558,-779
557,-779
556,-780
555,-781
554,-781
553,-781
552,-781
551,-781
550,-781
549,-782
548,-782
547,-782
546,-782
545,-782
544,-782
543,-782
542,-783
541,-783
540,-783
539,-783
538,-783
537,-783
536,-783
535,-784
534,-784
533,-784
532,-784
531,-784
530,-784
529,-785
528,-785
527,-785
526,-785
525,-786
524,-786
523,-786
522,-786
521,-787
520,-787
519,-787
518,-787
517,-788
516,-788
515,-788
514,-788
513,-788
512,-788
511,-788
510,-788
509,-789
508,-789
507,-790
506,-790
505,-790
504,-790
503,-790
502,-791
501,-791
500,-791
499,-791
498,-791
497,-791
496,-792
495,-792
494,-792
493,-792
492,-792
492,-793
492,-794
492,-795
492,-796
493,-796
494,-796
495,-796
496,-797
496,-798
496,-799
495,-800
494,-800
493,-800
492,-800
492,-801
491,-802
490,-802
490,-803
490,-804
490,-805
489,-806
488,-806
487,-806
486,-807
485,-808
484,-808
483,-808
483,-809
483,-810
482,-811
482,-812
481,-813
480,-813
479,-813
478,-814
477,-815
476,-816
475,-816
474,-816
474,-817
474,-818
474,-819
473,-820
472,-820
471,-820
471,-821
471,-822
470,-823
469,-823
468,-823
467,-823
466,-823
465,-823
464,-823
463,-823
462,-823
461,-824
461,-825
461,-826
461,-827
460,-828
459,-828
459,-829
459,-830
458,-831
