460,-935
460,-936
460,-937
460,-938
460,-939
461,-940
461,-941
461,-942
461,-943
461,-944
462,-944
463,-945
464,-945
465,-946
466,-946
467,-946
468,-946
469,-947
470,-947
471,-947
472,-947
473,-947
474,-947
475,-947
476,-948
477,-948
478,-948
479,-948
480,-948
481,-948
482,-948
483,-948
484,-948
485,-948
486,-948
487,-947
488,-947
489,-947
490,-947
491,-947
492,-947
493,-947
494,-947
495,-947
496,-947
497,-947
498,-947
499,-947
500,-947
501,-946
502,-946
503,-945
504,-945
505,-945
506,-945
507,-945
508,-944
509,-943
510,-943
511,-943
512,-943
513,-943
514,-943
515,-943
516,-943
517,-942
518,-941
519,-941
520,-941
521,-941
522,-941
523,-941
524,-941
525,-940
526,-940
527,-940
528,-940
529,-940
530,-939
531,-939
532,-939
533,-939
534,-938
535,-938
536,-938
537,-938
538,-938
539,-938
540,-938
541,-938
542,-937
543,-937
544,-937
545,-937
546,-937
547,-937
548,-937
549,-937
550,-936
551,-936
552,-936
553,-936
554,-935
555,-935
556,-935
557,-935
558,-935
559,-934
560,-934
561,-934
562,-934
563,-933
564,-933
565,-933
566,-933
567,-932
568,-932
569,-932
570,-932
571,-932
572,-932
573,-931
574,-931
575,-931
576,-930
577,-930
578,-930
579,-930
580,-929
581,-929
582,-929
583,-929
584,-929
585,-929
586,-929
587,-929
588,-928
589,-928
590,-928
591,-928
592,-927
593,-927
594,-927
595,-927
596,-927
597,-926
598,-926
599,-926
600,-926
601,-926
602,-925
603,-925
604,-925
605,-925
606,-925
607,-925
608,-924
609,-924
610,-923
611,-923
612,-923
613,-923
614,-922
615,-922
616,-921
617,-921
618,-921
619,-921
620,-921
621,-920
622,-920
623,-920
624,-920
625,-919
626,-918
627,-918
628,-918
629,-917
630,-917
631,-917
632,-917
633,-917
634,-916
635,-916
636,-916
637,-915
638,-914
639,-914
640,-914
641,-913
642,-913
643,-913
644,-913
645,-912
646,-912
647,-912
648,-912
649,-911
650,-910
651,-910
652,-910
653,-909
654,-909
655,-908
656,-908
657,-908
658,-907
659,-907
660,-907
661,-906
662,-905
663,-905
664,-905
665,-905
666,-905
667,-905
668,-904
669,-904
670,-904
670,-903
671,-902
672,-902
673,-901
674,-901
675,-901
676,-901
676,-900
677,-899
678,-899
679,-898
680,-898
681,-898
682,-897
683,-897
684,-897
685,-896
686,-896
687,-896
687,-895
688,-894
689,-893
690,-893
691,-893
692,-893
693,-893
693,-892
694,-891
695,-890
696,-889
697,-888
698,-888
699,-888
700,-888
701,-887
702,-886
703,-886
704,-885
705,-885
706,-885
707,-884
708,-884
709,-883
710,-883
711,-883
711,-882
712,-881
713,-881
714,-880
715,-880
716,-880
717,-879
718,-878
719,-878
720,-877
721,-876
722,-876
723,-875
724,-875
725,-874
726,-874
726,-873
727,-872
728,-871
729,-871
730,-871
730,-870
731,-869
732,-869
733,-869
733,-868
734,-867
735,-866
736,-865
737,-865
737,-864
738,-863
739,-862
740,-862
741,-861
742,-861
742,-860
743,-859
744,-858
745,-858
746,-858
747,-857
748,-857
748,-856
749,-855
750,-854
751,-853
752,-852
753,-852
754,-851
755,-850
756,-849
757,-848
758,-847
759,-846
760,-845
761,-845
762,-844
763,-843
764,-842
765,-841
765,-840
765,-839
766,-838
767,-838
768,-837
769,-837
770,-836
770,-835
771,-834
772,-834
773,-833
774,-832
775,-831
776,-831
776,-830
777,-829
778,-828
779,-827
780,-826
781,-825
782,-824
783,-823
784,-822
785,-821
786,-820
787,-819
788,-818
789,-817
790,-816
790,-815
791,-814
792,-814
792,-813
793,-812
793,-811
794,-810
795,-810
796,-809
796,-808
797,-807
798,-806
798,-805
799,-804
800,-803
800,-802
801,-801
802,-800
803,-799
804,-798
804,-797
805,-796
806,-795
807,-794
808,-793
808,-792
809,-791
809,-790
810,-789
811,-788
812,-787
813,-786
813,-785
813,-784
814,-783
815,-783
816,-782
816,-781
816,-780
817,-779
818,-778
819,-777
820,-776
820,-775
820,-774
821,-773
822,-772
822,-771
823,-770
824,-770
824,-769
825,-768
825,-767
825,-766
826,-765
827,-764
827,-763
828,-762
829,-761
830,-760
830,-759
830,-758
831,-757
832,-756
832,-755
832,-754
833,-753
834,-752
834,-751
835,-750
835,-749
835,-748
835,-747
836,-746
836,-745
837,-744
837,-743
838,-742
838,-741
838,-740
839,-739
839,-738
839,-737
840,-736
840,-735
840,-734
840,-733
840,-732
841,-731
842,-731
842,-730
842,-729
842,-728
842,-727
843,-726
843,-725
844,-724
844,-723
844,-722
844,-721
845,-720
845,-719
845,-718
846,-717
846,-716
846,-715
846,-714
847,-713
848,-712
848,-711
848,-710
849,-709
849,-708
849,-707
849,-706
849,-705
850,-704
850,-703
850,-702
851,-701
851,-700
851,-699
851,-698
851,-697
852,-696
853,-695
854,-695
855,-695
856,-695
857,-695
858,-694
859,-694
860,-694
861,-693
861,-692
861,-691
862,-690
863,-689
864,-689
865,-688
865,-687
865,-686
866,-685
867,-685
868,-685
869,-684
870,-684
870,-683
871,-682
872,-682
873,-681
874,-681
875,-681
875,-680
876,-679
876,-678
877,-677
878,-677
879,-677
879,-676
880,-675
881,-674
882,-674
882,-673
883,-672
884,-672
885,-671
886,-671
886,-670
887,-669
888,-669
889,-668
889,-667
890,-666
891,-665
892,-665
893,-664
893,-663
894,-662
895,-662
896,-662
897,-661
898,-660
899,-659
900,-658
901,-658
902,-658
903,-658
903,-657
903,-656
903,-655
904,-654
905,-654
906,-654
907,-654
907,-653
908,-652
909,-652
910,-652
911,-652
912,-652
913,-651
914,-651
914,-650
914,-649
915,-648
916,-647
917,-647
918,-647
919,-646
920,-645
921,-645
922,-644
923,-644
924,-643
925,-643
926,-643
927,-642
928,-642
928,-641
929,-640
930,-640
931,-639
932,-639
933,-639
933,-638
934,-637
935,-637
936,-636
937,-636
938,-636
939,-636
940,-635
941,-634
942,-633
943,-633
944,-632
945,-632
946,-631
947,-631
948,-631
949,-630
950,-630
951,-629
952,-629
953,-628
954,-627
955,-627
956,-627
957,-626
958,-626
959,-626
960,-625
961,-625
962,-624
963,-624
964,-624
965,-623
966,-623
967,-622
968,-622
969,-622
970,-621
971,-621
972,-621
973,-620
974,-620
975,-619
976,-619
977,-619
978,-618
979,-618
980,-617
981,-617
982,-616
983,-616
984,-616
985,-616
985,-615
986,-614
987,-614
988,-614
989,-613
990,-613
991,-613
992,-613
993,-612
994,-612
995,-612
996,-612
997,-611
998,-611
999,-610
1000,-610
1001,-609
1002,-609
1003,-608
1004,-608
1005,-608
1006,-607
1007,-607
1008,-607
1009,-606
1010,-605
1011,-605
1012,-605
1013,-604
1014,-604
1015,-603
1016,-603
1017,-602
1018,-602
1019,-601
1020,-600
1021,-600
1022,-599
1023,-599
1024,-598
1025,-597
1026,-597
1027,-597
1028,-596
1029,-595
1030,-595
1031,-595
1032,-594
1033,-594
1034,-593
1035,-592
1035,-591
1036,-590
1037,-590
1038,-590
1039,-589
1040,-588
1041,-587
1041,-586
1041,-585
1041,-584
1041,-583
1041,-582
1040,-581
1039,-580
1039,-579
1039,-578
1039,-577
1039,-576
1039,-575
1039,-574
1039,-573
1039,-572
1039,-571
1038,-570
1037,-570
1036,-570
1035,-570
1034,-570
1033,-570
1032,-570
1032,-571
1031,-572
1030,-572
1029,-572
1028,-573
1027,-573
1026,-573
1025,-573
1024,-572
1024,-571
1024,-570
1023,-570
1022,-570
1021,-570
1020,-570
1019,-569
1018,-568
1018,-567
1018,-566
1019,-565
1020,-565
1021,-564
1022,-563
1023,-563
1024,-563
1025,-563
1025,-562
1025,-561
1025,-560
1025,-559
1024,-558
1024,-557
1024,-556
1023,-555
1023,-554
1022,-554
1021,-554
1020,-554
1019,-554
1018,-554
1017,-555
1016,-556
1015,-556
1014,-556
1013,-557
1012,-557
1011,-558
1010,-559
1009,-559
1008,-560
1007,-560
1006,-561
1005,-561
1004,-562
1003,-562
1002,-563
1001,-563
1000,-564
999,-564
998,-565
997,-565
996,-566
995,-566
994,-567
993,-567
992,-567
991,-567
990,-568
989,-568
988,-569
987,-569
986,-570
985,-570
984,-570
983,-571
982,-571
981,-572
980,-572
979,-572
978,-573
977,-573
976,-574
975,-574
974,-574
973,-574
972,-575
971,-575
970,-576
969,-576
968,-576
967,-577
966,-577
965,-577
964,-578
963,-578
962,-578
961,-579
960,-579
959,-579
958,-580
957,-580
956,-581
955,-581
954,-581
953,-581
952,-582
951,-582
950,-583
949,-583
948,-583
947,-584
946,-584
945,-584
944,-585
943,-585
942,-586
941,-586
940,-586
939,-587
938,-587
937,-587
936,-588
935,-588
934,-589
933,-589
932,-590
931,-590
930,-591
929,-591
928,-591
927,-592
926,-592
925,-592
924,-593
923,-593
922,-593
921,-594
920,-594
919,-595
918,-596
917,-596
916,-596
915,-597
914,-597
913,-597
912,-598
911,-598
910,-599
909,-599
908,-600
907,-601
906,-601
905,-601
904,-601
903,-602
902,-603
901,-603
900,-604
899,-604
898,-604
897,-605
896,-605
895,-606
894,-606
893,-606
892,-607
891,-607
890,-608
889,-608
888,-609
887,-609
886,-610
885,-611
884,-612
883,-613
882,-613
881,-614
880,-615
879,-615
878,-616
877,-616
876,-617
875,-618
874,-619
873,-619
872,-620
871,-620
870,-621
869,-621
868,-622
867,-622
866,-623
865,-623
864,-623
863,-624
862,-624
861,-624
860,-625
859,-626
858,-626
857,-626
856,-627
855,-627
854,-627
853,-628
852,-628
851,-628
850,-628
849,-629
848,-629
847,-629
846,-629
845,-629
844,-629
843,-630
842,-630
841,-630
840,-630
839,-630
838,-630
837,-630
836,-630
835,-630
834,-631
833,-632
832,-632
831,-632
830,-632
829,-632
828,-632
827,-632
826,-632
825,-632
824,-632
823,-632
822,-633
821,-633
820,-633
819,-633
818,-633
817,-633
816,-633
815,-633
814,-633
813,-633
812,-633
811,-633
810,-633
809,-633
808,-633
807,-633
806,-633
805,-633
804,-633
803,-633
802,-632
801,-632
800,-632
799,-632
798,-632
797,-632
796,-632
795,-632
794,-632
793,-632
792,-632
791,-632
790,-632
789,-632
788,-632
787,-632
786,-632
785,-632
784,-632
783,-632
782,-632
781,-632
780,-632
779,-632
778,-632
777,-632
776,-632
775,-632
774,-632
773,-632
772,-632
771,-632
770,-632
769,-632
768,-632
767,-632
766,-632
765,-632
764,-632
763,-632
762,-632
761,-632
760,-632
759,-632
758,-632
757,-632
756,-632
755,-632
754,-632
753,-632
752,-632
751,-633
750,-633
749,-633
748,-633
747,-633
746,-633
745,-633
744,-633
743,-633
742,-634
741,-634
740,-634
739,-634
738,-634
737,-634
736,-634
735,-635
734,-635
733,-635
732,-635
731,-636
730,-636
729,-636
728,-636
727,-636
726,-636
725,-636
724,-636
723,-637
722,-637
721,-637
720,-637
719,-637
718,-637
717,-638
716,-638
715,-639
714,-639
713,-639
712,-639
711,-639
710,-640
709,-640
708,-640
707,-640
706,-640
705,-641
704,-641
703,-641
702,-641
701,-642
700,-642
699,-643
698,-643
697,-643
696,-644
695,-644
694,-644
693,-644
692,-645
691,-645
690,-646
689,-646
688,-646
687,-647
686,-647
685,-647
684,-648
683,-648
682,-648
681,-649
680,-649
679,-649
678,-650
677,-650
676,-651
675,-651
674,-652
673,-652
672,-653
671,-653
670,-654
669,-654
668,-655
667,-655
666,-656
665,-656
664,-657
663,-657
662,-658
661,-659
660,-659
659,-660
658,-660
657,-661
656,-661
655,-661
654,-662
653,-663
652,-663
651,-664
650,-664
649,-665
648,-666
647,-666
646,-667
645,-667
644,-668
643,-668
642,-668
641,-669
640,-670
639,-671
638,-671
637,-672
636,-672
635,-673
634,-673
633,-674
632,-675
631,-675
630,-676
629,-676
628,-677
627,-678
626,-678
625,-679
624,-680
623,-680
622,-681
621,-681
620,-682
619,-683
618,-683
617,-684
616,-684
615,-685
614,-686
613,-686
613,-687
612,-688
611,-688
610,-688
609,-689
608,-690
607,-691
606,-691
605,-692
604,-692
603,-693
602,-694
601,-695
600,-696
599,-697
598,-698
597,-699
596,-699
595,-700
594,-701
593,-702
592,-703
591,-703
590,-704
589,-705
588,-705
588,-706
587,-707
586,-708
585,-709
584,-710
583,-711
582,-711
581,-712
580,-712
580,-713
579,-714
578,-715
577,-715
576,-716
575,-717
574,-718
573,-719
572,-720
571,-720
570,-721
570,-722
569,-723
568,-724
567,-724
567,-725
566,-726
565,-727
564,-728
563,-729
562,-730
561,-731
560,-732
559,-733
559,-734
558,-735
557,-735
556,-736
555,-737
555,-738
554,-739
553,-740
552,-740
552,-741
551,-742
551,-743
550,-744
549,-744
548,-745
548,-746
547,-747
546,-747
545,-748
544,-749
544,-750
543,-751
542,-752
541,-753
540,-753
540,-754
539,-755
538,-756
537,-757
537,-758
536,-759
535,-760
534,-761
533,-762
532,-763
531,-764
531,-765
530,-766
529,-767
528,-768
527,-769
527,-770
526,-771
525,-772
524,-773
524,-774
523,-775
522,-776
521,-777
521,-778
520,-779
520,-780
519,-781
518,-782
518,-783
517,-784
516,-785
516,-786
515,-787
515,-788
514,-789
513,-790
512,-791
512,-792
511,-793
511,-794
510,-795
509,-796
508,-797
508,-798
508,-799
507,-800
506,-801
506,-802
505,-803
505,-804
504,-805
504,-806
503,-807
503,-808
502,-809
501,-810
501,-811
500,-812
500,-813
499,-814
498,-815
498,-816
498,-817
497,-818
496,-819
496,-820
496,-821
495,-822
495,-823
495,-824
494,-825
493,-826
493,-827
492,-828
492,-829
492,-830
491,-831
491,-832
490,-833
489,-834
489,-835
489,-836
489,-837
488,-838
488,-839
487,-840
487,-841
486,-842
486,-843
485,-844
484,-845
484,-846
484,-847
484,-848
484,-849
483,-850
483,-851
483,-852
483,-853
482,-854
482,-855
481,-856
481,-857
480,-858
480,-859
480,-860
479,-861
479,-862
479,-863
478,-864
478,-865
478,-866
477,-867
477,-868
476,-869
476,-870
476,-871
475,-872
475,-873
475,-874
475,-875
474,-876
474,-877
474,-878
473,-879
473,-880
472,-881
472,-882
472,-883
471,-884
471,-885
471,-886
471,-887
470,-888
470,-889
470,-890
470,-891
469,-892
469,-893
468,-894
468,-895
468,-896
467,-897
467,-898
467,-899
467,-900
467,-901
467,-902
466,-903
466,-904
466,-905
465,-906
465,-907
465,-908
465,-909
465,-910
464,-911
464,-912
464,-913
464,-914
464,-915
463,-916
463,-917
463,-918
463,-919
462,-920
462,-921
462,-922
462,-923
462,-924
462,-925
462,-926
462,-927
462,-928
462,-929
462,-930
461,-931
461,-932
461,-933
461,-934
460,-935
