453,-912
453,-913
453,-914
453,-915
453,-916
453,-917
454,-917
455,-917
456,-917
457,-917
458,-918
459,-918
460,-918
461,-918
462,-918
463,-918
464,-918
464,-917
464,-916
465,-915
466,-915
467,-915
468,-915
469,-915
470,-916
471,-916
472,-916
473,-916
474,-916
475,-916
476,-916
477,-916
478,-916
479,-916
479,-915
479,-914
480,-913
481,-913
482,-913
483,-912
484,-912
485,-912
485,-911
485,-910
486,-909
487,-909
488,-909
488,-908
488,-907
489,-906
490,-906
491,-906
491,-905
492,-904
493,-904
494,-904
495,-904
495,-903
495,-902
496,-901
497,-900
498,-900
499,-899
500,-899
501,-899
502,-899
502,-898
503,-897
503,-896
504,-895
505,-895
506,-895
507,-894
508,-893
509,-893
510,-893
511,-893
512,-893
512,-892
513,-891
514,-891
514,-890
515,-889
516,-889
517,-888
518,-887
519,-887
520,-887
521,-887
522,-886
523,-885
524,-884
525,-884
526,-884
527,-883
528,-882
529,-882
530,-882
531,-882
532,-882
533,-882
533,-881
534,-880
535,-879
536,-879
537,-879
538,-879
539,-879
540,-879
540,-878
541,-877
542,-877
543,-876
544,-876
545,-876
546,-876
547,-875
548,-875
549,-875
550,-875
551,-874
552,-874
553,-874
554,-873
555,-872
556,-872
557,-871
558,-871
559,-870
560,-870
561,-870
562,-869
563,-869
564,-869
565,-869
566,-868
567,-868
568,-867
569,-867
570,-866
571,-866
572,-866
573,-865
574,-865
575,-864
576,-864
577,-864
578,-864
579,-864
580,-863
581,-863
582,-862
583,-862
584,-861
585,-861
586,-861
587,-860
588,-860
589,-859
590,-859
591,-859
592,-858
593,-858
594,-858
595,-858
596,-857
597,-857
598,-856
599,-856
600,-856
601,-855
602,-855
603,-855
604,-854
605,-854
606,-854
607,-854
608,-853
609,-852
610,-852
611,-851
612,-851
613,-851
614,-851
615,-850
616,-850
617,-850
618,-849
619,-849
620,-848
621,-847
622,-847
623,-847
624,-847
625,-846
626,-846
627,-845
628,-845
629,-844
630,-844
631,-844
632,-843
633,-843
634,-843
635,-842
636,-842
637,-842
638,-841
639,-840
640,-840
641,-840
642,-839
643,-839
644,-838
645,-838
646,-838
647,-838
648,-838
649,-837
650,-836
651,-836
652,-835
653,-835
654,-835
655,-834
656,-834
657,-834
658,-834
659,-834
660,-834
661,-834
662,-834
663,-833
664,-832
665,-832
666,-832
667,-832
668,-832
669,-831
670,-830
671,-830
672,-830
673,-830
674,-830
675,-830
676,-829
677,-829
678,-829
679,-829
680,-828
681,-828
682,-828
683,-828
684,-827
685,-827
686,-827
687,-827
688,-827
689,-827
690,-827
691,-827
692,-827
693,-826
694,-826
695,-826
696,-826
697,-826
698,-826
699,-827
700,-827
701,-827
702,-827
703,-827
704,-827
705,-827
706,-827
707,-827
708,-827
709,-828
710,-828
711,-828
712,-828
713,-829
714,-829
715,-829
716,-829
717,-829
718,-829
719,-829
720,-830
721,-830
722,-830
723,-830
724,-831
725,-831
726,-831
727,-831
728,-831
729,-832
730,-832
731,-832
732,-832
733,-832
734,-832
735,-832
736,-832
737,-832
738,-832
739,-832
740,-833
741,-833
742,-833
743,-833
744,-833
745,-833
746,-833
747,-834
748,-834
749,-834
750,-834
751,-835
752,-835
753,-835
754,-835
755,-836
756,-836
757,-837
757,-838
758,-838
759,-838
760,-838
761,-839
762,-839
763,-839
764,-839
765,-840
765,-841
766,-841
767,-841
768,-841
769,-842
770,-842
771,-842
772,-843
773,-843
774,-843
775,-843
776,-843
777,-843
778,-843
779,-843
780,-843
781,-843
782,-843
783,-843
784,-843
785,-843
786,-843
787,-843
788,-843
789,-842
790,-842
791,-842
792,-842
793,-842
794,-842
795,-841
796,-841
797,-841
798,-841
799,-840
800,-840
801,-840
802,-840
803,-840
804,-840
805,-839
806,-839
806,-838
807,-837
808,-837
809,-837
810,-837
811,-836
812,-836
813,-835
814,-835
815,-835
816,-835
816,-834
816,-833
817,-832
818,-832
819,-832
820,-832
821,-831
822,-831
823,-830
824,-830
825,-830
826,-830
827,-829
828,-828
829,-828
830,-828
831,-828
831,-827
832,-826
833,-826
834,-826
835,-825
836,-824
837,-824
838,-824
839,-824
840,-824
841,-823
842,-823
843,-822
844,-821
845,-821
846,-820
847,-820
848,-819
849,-819
850,-819
851,-818
852,-817
853,-817
854,-816
855,-816
856,-815
857,-815
858,-814
859,-814
860,-813
861,-813
862,-813
863,-812
864,-811
865,-811
866,-810
867,-810
868,-810
869,-809
870,-809
871,-808
872,-807
873,-807
874,-807
875,-806
876,-805
877,-805
878,-805
879,-804
880,-804
881,-803
882,-802
883,-801
884,-801
885,-801
886,-800
887,-800
888,-799
889,-799
890,-798
891,-797
892,-796
893,-795
894,-794
895,-794
896,-794
897,-793
898,-793
899,-792
900,-791
901,-790
902,-790
903,-789
904,-788
905,-788
906,-788
906,-787
907,-786
908,-786
909,-785
910,-784
911,-784
912,-783
913,-782
914,-782
915,-781
916,-780
917,-779
918,-779
919,-778
920,-777
921,-776
922,-776
923,-775
924,-774
925,-774
926,-773
927,-772
928,-771
929,-770
930,-769
931,-769
931,-768
932,-767
933,-766
934,-766
935,-765
936,-764
937,-763
938,-762
939,-761
940,-761
940,-760
941,-759
942,-759
943,-759
943,-758
944,-757
945,-756
946,-755
947,-754
948,-753
949,-752
950,-751
951,-750
952,-749
953,-748
954,-748
955,-747
955,-746
956,-745
957,-744
958,-743
959,-742
960,-741
961,-740
962,-739
963,-738
963,-737
964,-736
965,-735
966,-734
967,-733
967,-732
967,-731
968,-730
969,-730
970,-729
970,-728
971,-727
972,-726
972,-725
972,-724
973,-723
974,-723
975,-722
976,-721
976,-720
977,-719
978,-718
979,-717
979,-716
980,-715
980,-714
981,-713
982,-712
983,-711
983,-710
984,-709
984,-708
985,-707
986,-707
987,-707
987,-706
987,-705
988,-704
989,-703
990,-703
990,-702
990,-701
990,-700
991,-699
992,-698
992,-697
993,-696
994,-695
994,-694
995,-693
996,-692
996,-691
997,-690
997,-689
998,-688
999,-687
999,-686
999,-685
1000,-684
1001,-683
1002,-683
1003,-682
1003,-681
1003,-680
1004,-679
1005,-678
1005,-677
1006,-676
1006,-675
1007,-674
1008,-673
1008,-672
1009,-671
1010,-670
1010,-669
1011,-668
1012,-667
1012,-666
1012,-665
1013,-664
1013,-663
1014,-662
1014,-661
1015,-660
1016,-660
1016,-659
1017,-658
1018,-657
1018,-656
1019,-655
1020,-654
1021,-653
1021,-652
1021,-651
1022,-650
1023,-649
1024,-648
1025,-647
1026,-646
1027,-645
1028,-645
1028,-644
1028,-643
1029,-642
1030,-641
1030,-640
1030,-639
1031,-638
1031,-637
1031,-636
1031,-635
1032,-634
1033,-634
1033,-633
1033,-632
1034,-631
1035,-631
1035,-630
1036,-629
1036,-628
1036,-627
1036,-626
1036,-625
1037,-624
1038,-624
1039,-623
1039,-622
1039,-621
1039,-620
1040,-619
1041,-619
1042,-619
1043,-619
1044,-619
1045,-619
1045,-618
1045,-617
1045,-616
1045,-615
1044,-614
1044,-613
1044,-612
1045,-611
1046,-611
1047,-611
1048,-611
1048,-610
1048,-609
1048,-608
1048,-607
1048,-606
1048,-605
1047,-605
1046,-604
1045,-603
1045,-602
1045,-601
1046,-600
1046,-599
1047,-598
1047,-597
1047,-596
1047,-595
1047,-594
1048,-593
1048,-592
1048,-591
1048,-590
1048,-589
1048,-588
1047,-587
1046,-587
1045,-587
1044,-587
1043,-587
1042,-587
1041,-587
1040,-587
1039,-587
1038,-587
1037,-586
1036,-586
1035,-586
1034,-586
1033,-586
1032,-586
1031,-586
1030,-586
1029,-586
1028,-586
1027,-586
1026,-585
1025,-585
1024,-585
1023,-585
1022,-585
1021,-585
1020,-585
1019,-585
1018,-585
1017,-585
1016,-585
1015,-585
1014,-585
1013,-585
1012,-585
1011,-585
1010,-585
1009,-585
1008,-584
1007,-584
1006,-584
1005,-584
1004,-584
1003,-584
1002,-584
1001,-584
1000,-584
999,-584
998,-584
997,-584
996,-584
995,-584
994,-584
993,-584
992,-584
991,-584
990,-584
989,-584
988,-584
987,-584
986,-584
985,-584
984,-584
983,-584
982,-584
981,-584
980,-584
979,-585
978,-585
977,-585
976,-585
975,-585
974,-585
973,-585
972,-585
971,-585
970,-585
969,-585
968,-585
967,-585
966,-585
965,-585
964,-585
963,-585
962,-585
961,-585
960,-586
959,-586
958,-586
957,-586
956,-586
955,-586
954,-587
953,-587
952,-587
951,-587
950,-587
949,-587
948,-587
947,-587
946,-587
945,-587
944,-587
943,-587
942,-587
941,-587
940,-587
939,-587
938,-588
937,-588
936,-588
935,-588
934,-588
933,-588
932,-588
931,-588
930,-588
929,-588
928,-589
927,-589
926,-589
925,-590
924,-590
923,-590
922,-590
921,-591
920,-591
919,-591
918,-591
917,-591
916,-591
915,-591
914,-591
913,-592
912,-592
911,-592
910,-592
909,-592
908,-593
907,-593
906,-593
905,-593
904,-593
903,-594
902,-594
901,-594
900,-594
899,-595
898,-595
897,-595
896,-595
895,-596
894,-596
893,-596
892,-596
891,-596
890,-597
889,-597
888,-598
887,-598
886,-598
885,-598
884,-599
883,-599
882,-599
881,-599
880,-600
879,-600
878,-600
877,-600
876,-600
875,-600
874,-601
873,-601
872,-602
871,-602
870,-602
869,-602
868,-603
867,-603
866,-603
865,-604
864,-604
863,-604
862,-605
861,-605
860,-606
859,-606
858,-607
857,-607
856,-607
855,-607
854,-608
853,-608
852,-608
851,-608
850,-609
849,-609
848,-609
847,-610
846,-610
845,-610
844,-610
843,-610
842,-611
841,-611
840,-612
839,-612
838,-612
837,-612
836,-612
835,-613
834,-613
833,-614
832,-614
831,-615
830,-615
829,-615
828,-616
827,-616
826,-617
825,-617
824,-617
823,-617
822,-617
821,-618
820,-618
819,-619
818,-620
817,-620
816,-621
815,-621
814,-621
813,-622
812,-622
811,-623
810,-623
809,-624
808,-624
807,-625
806,-625
805,-626
804,-626
803,-627
802,-627
801,-628
800,-629
799,-629
798,-630
797,-631
796,-631
795,-631
794,-632
793,-633
792,-634
791,-634
790,-635
789,-635
788,-636
787,-636
786,-636
785,-637
784,-638
783,-638
782,-639
781,-639
780,-640
779,-641
778,-642
777,-643
776,-643
775,-644
774,-644
773,-645
772,-645
771,-646
770,-647
769,-648
768,-648
767,-649
766,-650
765,-650
764,-651
763,-652
762,-652
761,-653
760,-654
759,-654
758,-655
757,-656
756,-657
755,-657
754,-658
753,-659
752,-659
751,-659
751,-660
750,-661
749,-661
748,-662
747,-663
746,-664
745,-664
745,-665
744,-666
743,-666
742,-667
741,-668
740,-669
739,-670
738,-671
737,-672
736,-672
735,-673
734,-674
733,-675
732,-676
731,-677
731,-678
730,-679
729,-679
728,-680
727,-680
727,-681
726,-682
725,-683
724,-684
723,-684
723,-685
722,-686
721,-687
720,-688
719,-689
718,-690
718,-691
717,-692
716,-692
715,-693
714,-694
713,-695
713,-696
712,-697
711,-698
710,-699
709,-700
708,-701
708,-702
707,-703
706,-704
706,-705
705,-706
705,-707
704,-708
703,-708
702,-709
702,-710
701,-711
701,-712
700,-713
699,-714
698,-715
698,-716
698,-717
697,-718
697,-719
696,-720
695,-721
694,-722
694,-723
694,-724
694,-725
693,-726
693,-727
692,-728
692,-729
691,-730
691,-731
690,-732
690,-733
690,-734
690,-735
689,-736
689,-737
688,-738
688,-739
687,-740
687,-741
687,-742
686,-743
686,-744
685,-745
685,-746
684,-747
684,-748
683,-749
683,-750
682,-751
682,-752
681,-753
681,-754
681,-755
680,-756
680,-757
679,-758
678,-759
678,-760
677,-761
676,-762
676,-763
675,-764
674,-765
673,-766
673,-767
673,-768
672,-769
671,-770
670,-771
670,-772
669,-773
668,-774
667,-775
666,-776
665,-777
664,-778
663,-778
662,-779
661,-779
660,-780
659,-780
658,-781
657,-782
656,-783
655,-784
654,-784
653,-785
652,-786
651,-787
650,-787
649,-788
648,-789
647,-789
646,-790
645,-791
644,-791
643,-792
642,-793
641,-793
640,-794
639,-795
638,-795
637,-796
636,-796
635,-797
634,-797
633,-798
632,-799
631,-799
630,-800
629,-800
628,-801
627,-801
626,-802
625,-802
624,-802
623,-803
622,-803
621,-804
620,-804
619,-805
618,-805
617,-806
616,-806
615,-807
614,-807
613,-808
612,-808
611,-808
610,-809
609,-809
608,-810
607,-811
606,-811
605,-811
604,-812
603,-812
602,-813
601,-813
600,-814
599,-814
598,-815
597,-815
596,-815
595,-815
594,-816
593,-816
592,-817
591,-818
590,-818
589,-819
588,-819
587,-819
586,-820
585,-820
584,-820
583,-820
582,-821
581,-821
580,-822
579,-822
578,-823
577,-824
576,-824
575,-824
574,-824
573,-825
572,-826
571,-826
570,-826
569,-827
568,-827
567,-827
566,-828
565,-829
564,-829
563,-829
562,-829
561,-829
560,-829
559,-829
558,-830
557,-830
556,-831
555,-831
554,-832
553,-832
552,-832
551,-833
550,-833
549,-834
548,-834
547,-835
546,-835
545,-835
544,-836
543,-836
542,-837
541,-837
540,-838
539,-838
538,-838
537,-839
536,-839
535,-839
534,-839
533,-840
532,-841
531,-841
530,-841
529,-842
528,-842
527,-843
526,-843
526,-844
526,-845
526,-846
526,-847
527,-848
528,-849
528,-850
529,-850
530,-851
530,-852
530,-853
531,-853
532,-854
532,-855
532,-856
531,-857
530,-857
529,-857
528,-857
527,-857
526,-857
525,-857
524,-857
523,-858
522,-858
522,-859
522,-860
522,-861
521,-862
520,-863
519,-864
518,-864
517,-864
517,-865
516,-866
515,-866
514,-867
513,-867
512,-867
511,-867
510,-867
509,-867
508,-868
508,-869
507,-870
506,-870
505,-870
504,-871
503,-871
502,-871
501,-871
500,-871
499,-871
498,-872
497,-872
496,-873
495,-873
494,-873
494,-874
493,-875
492,-875
491,-875
491,-876
490,-877
489,-878
488,-878
487,-878
486,-879
485,-879
484,-879
483,-880
482,-881
481,-881
480,-882
479,-883
478,-884
477,-885
477,-886
476,-887
475,-888
474,-888
473,-889
473,-890
473,-891
472,-892
471,-892
470,-892
470,-893
470,-894
470,-895
470,-896
469,-897
468,-898
468,-899
467,-900
467,-901
466,-902
465,-902
465,-903
465,-904
465,-905
464,-906
463,-906
462,-906
461,-907
460,-907
460,-908
459,-909
458,-909
457,-909
456,-910
455,-911
454,-912
453,-912
