533,-489
533,-490
533,-491
533,-492
533,-493
533,-494
533,-495
533,-496
533,-497
533,-498
533,-499
534,-499
535,-500
535,-501
535,-502
536,-503
536,-504
536,-505
537,-506
537,-507
538,-507
539,-508
539,-509
539,-510
540,-511
540,-512
540,-513
540,-514
540,-515
540,-516
540,-517
540,-518
540,-519
540,-520
540,-521
540,-522
540,-523
540,-524
540,-525
540,-526
541,-527
541,-528
542,-528
543,-529
544,-530
545,-530
546,-531
547,-532
547,-533
548,-534
548,-535
548,-536
549,-537
549,-538
549,-539
550,-540
550,-541
551,-542
552,-543
552,-544
552,-545
552,-546
552,-547
552,-548
552,-549
552,-550
552,-551
552,-552
552,-553
552,-554
552,-555
553,-555
554,-556
555,-556
556,-557
556,-558
557,-559
557,-560
558,-560
559,-561
559,-562
559,-563
559,-564
560,-564
561,-564
562,-565
562,-566
563,-567
564,-568
564,-569
565,-570
565,-571
566,-572
567,-573
568,-574
568,-575
568,-576
568,-577
569,-577
570,-578
571,-578
572,-579
572,-580
572,-581
572,-582
572,-583
573,-584
574,-584
575,-584
576,-585
576,-586
576,-587
576,-588
577,-588
578,-589
578,-590
579,-590
580,-591
581,-592
581,-593
582,-594
582,-595
583,-595
584,-595
585,-596
586,-597
586,-598
586,-599
586,-600
587,-601
588,-602
588,-603
588,-604
589,-605
590,-606
590,-607
591,-608
592,-609
593,-609
594,-610
595,-611
595,-612
596,-613
597,-614
597,-615
597,-616
597,-617
598,-617
599,-618
599,-619
600,-620
601,-620
602,-621
603,-622
603,-623
603,-624
603,-625
603,-626
603,-627
603,-628
604,-628
605,-628
606,-628
607,-629
607,-630
607,-631
608,-631
609,-632
609,-633
609,-634
609,-635
610,-636
611,-636
612,-637
612,-638
613,-639
613,-640
614,-640
615,-641
615,-642
615,-643
616,-643
617,-644
617,-645
617,-646
618,-647
619,-648
619,-649
620,-650
621,-651
621,-652
622,-653
623,-653
624,-654
625,-655
625,-656
626,-657
627,-658
627,-659
627,-660
627,-661
628,-661
629,-662
630,-663
631,-664
632,-665
633,-666
633,-667
633,-668
634,-668
635,-668
636,-669
636,-670
636,-671
637,-672
637,-673
638,-673
639,-674
639,-675
640,-676
641,-677
641,-678
641,-679
642,-680
643,-681
644,-682
645,-683
645,-684
645,-685
645,-686
646,-687
647,-688
648,-689
648,-690
649,-691
650,-691
651,-692
651,-693
651,-694
652,-695
652,-696
653,-697
654,-698
654,-699
655,-700
656,-701
656,-702
657,-703
657,-704
658,-705
659,-706
659,-707
659,-708
659,-709
659,-710
660,-710
661,-711
661,-712
662,-712
663,-713
663,-714
663,-715
663,-716
664,-717
664,-718
665,-719
665,-720
666,-721
666,-722
666,-723
667,-724
667,-725
668,-726
668,-727
669,-728
669,-729
669,-730
669,-731
670,-732
670,-733
671,-734
672,-735
672,-736
672,-737
672,-738
673,-739
674,-740
675,-741
675,-742
675,-743
675,-744
675,-745
675,-746
675,-747
675,-748
675,-749
675,-750
676,-751
676,-752
676,-753
676,-754
676,-755
676,-756
676,-757
676,-758
677,-759
677,-760
677,-761
678,-762
678,-763
678,-764
678,-765
678,-766
678,-767
678,-768
678,-769
678,-770
678,-771
677,-772
677,-773
676,-774
676,-775
676,-776
676,-777
676,-778
676,-779
676,-780
676,-781
676,-782
677,-782
678,-783
678,-784
678,-785
678,-786
678,-787
679,-788
680,-789
680,-790
680,-791
680,-792
681,-793
681,-794
681,-795
681,-796
681,-797
681,-798
681,-799
682,-800
682,-801
682,-802
682,-803
682,-804
682,-805
683,-806
683,-807
683,-808
683,-809
684,-810
684,-811
684,-812
684,-813
684,-814
684,-815
685,-816
685,-817
686,-818
686,-819
686,-820
687,-821
687,-822
687,-823
688,-824
688,-825
689,-826
689,-827
690,-828
690,-829
690,-830
690,-831
690,-832
690,-833
690,-834
691,-834
692,-835
692,-836
692,-837
693,-838
693,-839
694,-840
694,-841
694,-842
694,-843
695,-844
696,-845
697,-846
697,-847
697,-848
697,-849
697,-850
698,-851
699,-852
700,-853
700,-854
701,-855
701,-856
701,-857
701,-858
702,-859
703,-860
704,-861
704,-862
705,-863
706,-864
706,-865
706,-866
707,-867
707,-868
708,-868
709,-869
710,-870
710,-871
710,-872
711,-873
711,-874
712,-875
712,-876
713,-877
714,-878
715,-879
716,-880
716,-881
717,-882
718,-883
718,-884
719,-884
720,-884
721,-884
722,-885
722,-886
722,-887
722,-888
722,-889
723,-890
724,-891
725,-891
726,-892
726,-893
727,-894
728,-895
728,-896
729,-896
730,-897
731,-898
731,-899
732,-900
733,-901
734,-901
735,-901
736,-901
737,-901
738,-901
739,-901
740,-902
740,-903
740,-904
741,-905
741,-906
741,-907
741,-908
741,-909
742,-910
743,-911
743,-912
744,-912
745,-912
746,-913
746,-914
746,-915
747,-915
748,-915
749,-916
749,-917
750,-918
751,-919
752,-920
753,-921
753,-922
754,-922
755,-923
756,-924
756,-925
757,-925
758,-926
758,-927
759,-927
760,-928
761,-929
762,-930
763,-930
764,-931
765,-932
765,-933
766,-933
767,-934
768,-935
768,-936
768,-937
769,-937
770,-937
771,-937
772,-937
773,-938
773,-939
773,-940
774,-940
775,-941
776,-941
777,-941
778,-942
779,-943
780,-944
780,-945
781,-946
782,-946
783,-947
784,-947
785,-948
785,-949
786,-949
787,-949
788,-949
789,-950
789,-951
789,-952
790,-952
791,-953
792,-953
793,-954
794,-954
795,-954
796,-955
797,-956
797,-957
798,-957
799,-957
800,-957
801,-958
802,-958
803,-959
804,-960
805,-960
806,-960
807,-960
808,-961
809,-961
810,-962
810,-963
811,-964
812,-964
813,-964
814,-965
815,-965
816,-966
817,-967
818,-968
819,-968
820,-969
821,-969
822,-969
823,-970
824,-970
825,-971
826,-971
827,-971
828,-972
829,-972
830,-972
831,-973
832,-974
833,-974
834,-975
835,-975
836,-976
837,-976
838,-976
839,-977
840,-977
841,-977
842,-977
843,-977
844,-977
845,-977
846,-977
847,-977
848,-978
848,-979
849,-980
850,-981
851,-981
852,-981
853,-981
854,-982
855,-982
856,-982
857,-983
858,-984
859,-984
860,-985
861,-985
862,-985
863,-985
864,-985
865,-985
866,-985
867,-986
868,-986
869,-987
870,-987
871,-988
872,-988
873,-988
874,-989
874,-990
875,-990
876,-990
877,-990
878,-991
879,-991
880,-992
881,-992
882,-992
883,-993
884,-993
885,-994
886,-995
886,-996
886,-997
886,-998
886,-999
886,-1000
887,-1000
888,-1000
889,-1000
890,-1000
891,-1000
892,-999
893,-998
894,-998
895,-998
896,-999
897,-999
898,-1000
899,-1001
900,-1001
901,-1001
902,-1001
903,-1001
904,-1002
905,-1002
906,-1002
907,-1002
908,-1003
909,-1003
910,-1004
910,-1005
911,-1005
912,-1006
913,-1006
914,-1007
915,-1007
916,-1008
917,-1008
918,-1008
919,-1009
920,-1010
921,-1011
922,-1012
923,-1012
924,-1013
925,-1013
926,-1013
927,-1013
928,-1013
929,-1014
930,-1014
931,-1015
932,-1016
932,-1017
933,-1017
934,-1017
935,-1017
936,-1017
937,-1017
938,-1017
939,-1018
940,-1019
940,-1020
940,-1021
941,-1021
942,-1021
943,-1021
944,-1021
945,-1021
946,-1021
947,-1021
948,-1021
949,-1021
950,-1022
951,-1022
952,-1022
953,-1022
954,-1022
955,-1022
956,-1022
957,-1022
958,-1021
959,-1020
960,-1020
961,-1020
962,-1020
963,-1020
964,-1020
965,-1020
966,-1020
967,-1020
968,-1020
968,-1019
968,-1018
968,-1017
968,-1016
967,-1016
966,-1015
966,-1014
965,-1013
965,-1012
965,-1011
965,-1010
965,-1009
965,-1008
965,-1007
965,-1006
965,-1005
965,-1004
965,-1003
965,-1002
965,-1001
964,-1000
964,-999
964,-998
963,-997
963,-996
962,-995
962,-994
962,-993
962,-992
962,-991
962,-990
962,-989
962,-988
962,-987
962,-986
962,-985
961,-984
961,-983
961,-982
960,-981
960,-980
960,-979
960,-978
959,-977
959,-976
959,-975
959,-974
959,-973
959,-972
959,-971
959,-970
959,-969
959,-968
958,-967
958,-966
958,-965
958,-964
958,-963
958,-962
957,-961
957,-960
957,-959
957,-958
957,-957
957,-956
956,-955
956,-954
956,-953
956,-952
956,-951
955,-950
955,-949
955,-948
955,-947
955,-946
955,-945
955,-944
954,-943
954,-942
954,-941
954,-940
953,-939
953,-938
953,-937
952,-936
952,-935
952,-934
952,-933
952,-932
951,-931
951,-930
951,-929
950,-928
950,-927
950,-926
950,-925
950,-924
950,-923
950,-922
949,-921
949,-920
949,-919
948,-918
948,-917
948,-916
947,-915
947,-914
947,-913
947,-912
947,-911
946,-910
946,-909
946,-908
945,-907
945,-906
945,-905
945,-904
945,-903
944,-902
944,-901
944,-900
944,-899
944,-898
943,-897
943,-896
942,-895
942,-894
942,-893
942,-892
942,-891
941,-890
941,-889
941,-888
941,-887
940,-886
940,-885
939,-884
939,-883
939,-882
938,-881
938,-880
937,-879
937,-878
937,-877
936,-876
936,-875
935,-874
935,-873
934,-872
934,-871
934,-870
933,-869
933,-868
933,-867
932,-866
932,-865
931,-864
931,-863
930,-862
930,-861
930,-860
929,-859
929,-858
929,-857
928,-856
927,-855
927,-854
926,-853
926,-852
926,-851
925,-850
925,-849
924,-848
924,-847
923,-846
922,-845
922,-844
921,-843
921,-842
920,-841
920,-840
919,-839
919,-838
918,-837
918,-836
917,-835
917,-834
917,-833
916,-832
915,-831
914,-830
914,-829
913,-828
913,-827
912,-826
912,-825
911,-824
910,-823
910,-822
909,-821
908,-820
907,-819
906,-818
906,-817
905,-816
905,-815
904,-814
904,-813
903,-812
902,-811
901,-810
901,-809
900,-808
899,-808
898,-807
898,-806
897,-805
896,-804
895,-803
895,-802
894,-801
894,-800
894,-799
893,-798
892,-797
892,-796
891,-795
890,-794
889,-793
888,-792
887,-791
886,-790
885,-789
884,-788
883,-787
882,-786
882,-785
881,-784
880,-783
879,-782
878,-781
877,-780
876,-780
875,-779
874,-778
873,-777
873,-776
872,-775
871,-774
871,-773
870,-772
869,-771
868,-770
867,-769
866,-768
865,-767
864,-766
863,-766
862,-765
861,-764
860,-763
859,-762
858,-761
857,-760
856,-760
855,-759
854,-758
853,-757
852,-756
851,-755
850,-755
849,-754
848,-753
847,-752
846,-751
845,-751
844,-750
843,-749
842,-748
841,-747
840,-747
839,-746
838,-745
837,-745
836,-744
835,-743
834,-742
833,-741
832,-741
831,-740
830,-740
829,-739
828,-738
827,-738
826,-737
825,-736
824,-736
823,-735
822,-734
821,-734
820,-733
819,-733
818,-733
817,-732
816,-731
815,-731
814,-730
813,-729
812,-728
811,-728
810,-728
809,-727
809,-726
808,-726
807,-726
806,-725
805,-725
804,-724
803,-724
802,-724
801,-723
801,-722
800,-722
799,-721
798,-720
797,-720
796,-720
795,-719
794,-718
793,-718
792,-717
791,-717
790,-716
789,-716
788,-715
787,-715
786,-715
785,-714
784,-714
783,-714
782,-714
781,-713
780,-712
779,-712
778,-712
777,-711
776,-711
775,-711
774,-711
773,-711
772,-710
771,-710
770,-709
769,-709
768,-709
767,-709
766,-709
765,-709
764,-708
763,-707
762,-707
761,-707
760,-707
759,-706
758,-706
757,-706
756,-706
755,-706
754,-706
753,-705
752,-705
751,-705
750,-705
749,-705
748,-705
747,-705
746,-705
745,-705
744,-704
743,-704
742,-704
741,-704
740,-703
739,-703
738,-703
737,-703
736,-703
735,-703
734,-703
733,-702
732,-702
731,-702
730,-702
729,-702
728,-701
727,-701
726,-701
725,-701
724,-700
723,-700
722,-700
721,-700
720,-700
719,-700
718,-699
717,-699
716,-699
715,-698
714,-698
713,-697
712,-696
711,-696
710,-695
709,-695
708,-694
707,-693
706,-692
705,-692
704,-691
703,-690
702,-689
701,-688
700,-688
699,-687
698,-686
697,-686
696,-686
695,-685
694,-684
693,-683
692,-682
691,-681
690,-680
690,-679
689,-678
688,-677
687,-676
686,-675
686,-674
685,-673
684,-672
684,-671
683,-670
683,-669
682,-668
681,-667
681,-666
680,-665
679,-664
678,-663
678,-662
677,-661
676,-660
675,-659
675,-658
674,-657
673,-656
673,-655
672,-654
671,-653
671,-652
670,-651
670,-650
669,-650
668,-649
668,-648
667,-647
666,-646
666,-645
665,-644
665,-643
664,-642
663,-641
663,-640
663,-639
662,-639
661,-639
660,-638
660,-637
659,-636
658,-635
657,-634
657,-633
656,-632
655,-631
654,-630
654,-629
653,-628
652,-627
652,-626
651,-625
650,-624
650,-623
649,-622
648,-621
647,-620
646,-619
646,-618
645,-617
644,-616
644,-615
643,-614
643,-613
642,-612
641,-611
641,-610
640,-609
639,-608
638,-607
638,-606
637,-605
637,-604
636,-603
636,-602
635,-602
634,-601
634,-600
633,-599
632,-598
632,-597
631,-596
631,-595
630,-594
630,-593
629,-592
628,-591
627,-590
627,-589
626,-588
626,-587
625,-587
624,-586
623,-585
622,-584
622,-583
621,-582
621,-581
620,-580
619,-579
618,-578
618,-577
617,-576
617,-575
616,-575
615,-574
615,-573
614,-572
614,-571
613,-570
613,-569
612,-568
611,-567
610,-566
610,-565
609,-564
609,-563
608,-562
607,-561
606,-560
606,-559
605,-558
604,-557
603,-556
603,-555
602,-554
602,-553
601,-552
600,-551
599,-550
598,-549
598,-548
597,-547
596,-546
596,-545
595,-544
595,-543
594,-542
593,-541
593,-540
592,-539
592,-538
591,-537
590,-536
589,-535
588,-534
588,-533
588,-532
587,-532
586,-532
585,-531
584,-531
583,-530
583,-529
583,-528
582,-527
582,-526
581,-525
580,-525
579,-525
578,-524
577,-524
576,-523
576,-522
576,-521
576,-520
575,-519
574,-518
574,-517
573,-516
572,-515
571,-514
571,-513
570,-512
569,-511
568,-510
567,-509
567,-508
567,-507
566,-506
565,-505
564,-504
564,-503
563,-502
562,-502
561,-501
561,-500
560,-500
559,-499
558,-498
557,-498
556,-497
556,-496
556,-495
556,-494
556,-493
555,-492
554,-491
554,-490
554,-489
553,-489
552,-489
551,-489
550,-489
549,-489
548,-489
547,-489
546,-489
545,-488
545,-487
545,-486
545,-485
545,-484
544,-484
543,-483
543,-482
543,-481
543,-480
542,-480
541,-480
540,-480
539,-480
538,-481
537,-481
536,-481
535,-481
535,-482
535,-483
535,-484
535,-485
534,-486
534,-487
534,-488
533,-489
