465,-756
465,-757
465,-758
465,-759
465,-760
465,-761
465,-762
465,-763
465,-764
466,-764
467,-765
467,-766
467,-767
468,-767
469,-767
470,-767
471,-767
472,-767
473,-767
474,-767
475,-767
476,-766
477,-766
478,-765
479,-765
480,-765
481,-765
482,-766
483,-766
484,-766
485,-767
486,-767
487,-767
488,-767
489,-767
490,-767
491,-767
492,-767
493,-767
494,-766
495,-766
496,-766
497,-766
498,-766
499,-766
500,-766
501,-766
502,-766
503,-766
504,-767
505,-767
506,-767
507,-767
508,-767
509,-766
510,-766
511,-766
512,-766
513,-766
514,-765
515,-764
516,-764
517,-764
518,-764
519,-764
520,-764
521,-764
522,-764
523,-764
524,-764
525,-764
526,-764
527,-764
528,-764
529,-764
530,-764
531,-764
532,-764
533,-764
534,-764
535,-764
536,-764
537,-764
538,-764
539,-764
540,-764
541,-764
542,-764
543,-764
544,-764
545,-764
546,-764
547,-764
548,-764
549,-764
550,-764
551,-764
552,-764
553,-765
554,-765
555,-765
556,-765
557,-765
558,-766
559,-766
560,-766
561,-766
562,-766
563,-766
564,-766
565,-766
566,-766
567,-766
568,-765
569,-765
570,-765
571,-765
572,-766
573,-766
574,-766
575,-766
576,-766
577,-766
578,-766
579,-766
580,-766
581,-766
582,-766
583,-767
584,-767
585,-767
586,-767
587,-767
588,-767
589,-767
590,-767
591,-767
592,-767
593,-767
594,-767
595,-767
596,-767
597,-767
598,-767
599,-767
600,-767
601,-768
602,-768
603,-768
604,-768
605,-768
606,-768
607,-768
608,-768
609,-768
610,-768
611,-768
612,-769
613,-769
614,-769
615,-769
616,-769
617,-769
618,-769
619,-769
620,-770
621,-770
622,-770
623,-770
624,-770
625,-770
626,-770
627,-770
628,-770
629,-770
630,-770
631,-771
632,-771
633,-771
634,-771
635,-771
636,-772
637,-772
638,-772
639,-772
640,-773
641,-773
642,-773
643,-773
644,-773
645,-773
646,-774
647,-774
648,-775
649,-775
650,-775
651,-775
652,-776
653,-776
654,-776
655,-776
656,-776
657,-777
658,-777
659,-777
660,-777
661,-778
662,-778
663,-778
664,-779
665,-779
666,-779
667,-779
668,-780
669,-780
670,-781
671,-781
672,-782
673,-782
674,-783
675,-784
675,-785
676,-785
677,-786
678,-787
679,-787
680,-788
681,-789
682,-790
683,-790
684,-791
685,-791
686,-791
687,-792
687,-793
688,-793
689,-794
690,-795
691,-796
691,-797
692,-798
693,-798
694,-798
695,-799
695,-800
696,-801
697,-802
698,-802
699,-802
700,-803
701,-804
702,-805
702,-806
702,-807
703,-807
704,-808
705,-809
706,-810
707,-811
708,-812
709,-813
710,-813
711,-814
712,-814
713,-815
713,-816
714,-817
715,-817
716,-817
717,-818
718,-819
718,-820
719,-821
720,-821
721,-821
722,-822
723,-823
724,-824
725,-824
726,-825
727,-825
728,-826
729,-826
730,-826
731,-826
732,-827
733,-827
734,-828
734,-829
735,-829
736,-829
737,-829
738,-830
739,-830
740,-830
741,-830
742,-831
743,-832
744,-832
745,-832
746,-833
747,-833
748,-834
749,-835
750,-836
751,-836
752,-836
753,-836
754,-836
755,-836
756,-836
757,-836
758,-837
759,-837
760,-838
761,-838
762,-838
763,-838
764,-838
765,-838
766,-838
767,-839
768,-839
769,-839
770,-839
771,-839
772,-839
773,-839
774,-839
775,-839
776,-839
777,-840
778,-840
779,-840
780,-841
781,-841
782,-841
783,-841
784,-841
785,-841
786,-841
787,-841
788,-841
789,-841
790,-842
791,-842
792,-842
793,-842
794,-842
795,-842
796,-842
797,-842
798,-842
799,-842
800,-842
801,-842
802,-842
803,-842
804,-842
805,-842
806,-842
807,-842
808,-842
809,-842
810,-842
811,-842
812,-842
813,-842
814,-842
815,-842
816,-842
817,-842
818,-842
819,-842
820,-842
821,-842
822,-842
823,-842
824,-842
825,-842
826,-842
827,-842
828,-842
829,-842
830,-841
831,-841
832,-841
833,-841
834,-840
835,-840
836,-840
837,-840
838,-840
839,-840
840,-840
841,-840
842,-839
843,-839
844,-839
845,-839
846,-839
847,-839
848,-839
849,-838
850,-838
851,-838
852,-838
853,-837
854,-837
855,-837
856,-837
857,-837
858,-837
859,-837
860,-836
861,-836
862,-835
863,-835
864,-835
865,-835
866,-835
867,-835
868,-835
869,-834
870,-834
871,-834
872,-834
873,-833
874,-833
875,-833
876,-833
877,-832
878,-832
879,-832
879,-831
880,-830
881,-830
882,-830
883,-830
884,-830
885,-830
886,-829
887,-829
888,-828
889,-828
890,-827
891,-827
892,-827
893,-827
894,-827
895,-827
895,-826
896,-825
897,-825
898,-825
899,-825
900,-824
901,-824
902,-824
903,-824
904,-823
905,-823
906,-823
907,-822
908,-821
909,-821
910,-820
911,-820
912,-820
913,-819
914,-818
915,-817
916,-817
917,-817
918,-816
919,-816
920,-816
921,-815
922,-814
923,-814
924,-813
925,-813
926,-812
927,-812
928,-811
929,-810
930,-810
931,-809
932,-809
933,-809
934,-808
935,-807
936,-807
937,-806
938,-806
939,-805
940,-804
941,-804
942,-803
943,-802
944,-802
945,-802
945,-801
946,-800
947,-800
948,-799
949,-799
950,-798
951,-798
952,-798
953,-798
954,-797
955,-796
956,-796
957,-795
958,-794
959,-794
960,-794
961,-793
962,-792
963,-792
963,-791
964,-790
965,-789
966,-789
967,-788
968,-788
969,-788
970,-787
971,-786
972,-786
972,-785
973,-784
974,-783
975,-782
976,-782
977,-782
978,-781
979,-780
980,-780
980,-779
981,-778
982,-778
983,-778
984,-777
985,-776
986,-775
987,-774
987,-773
988,-772
989,-772
990,-771
991,-771
992,-771
993,-770
994,-769
995,-768
996,-767
997,-767
998,-767
999,-767
1000,-766
1001,-765
1002,-765
1002,-764
1003,-763
1004,-762
1005,-762
1006,-761
1007,-761
1008,-760
1009,-759
1010,-759
1011,-758
1012,-757
1013,-756
1014,-756
1015,-756
1016,-755
1017,-755
1018,-755
1018,-754
1019,-753
1020,-753
1021,-753
1022,-753
1022,-752
1023,-751
1024,-750
1025,-749
1026,-749
1027,-749
1028,-748
1029,-747
1030,-746
1031,-745
1032,-745
1033,-745
1034,-745
1034,-744
1034,-743
1034,-742
1034,-741
1035,-740
1036,-740
1037,-740
1037,-739
1037,-738
1037,-737
1037,-736
1037,-735
1036,-734
1035,-733
1035,-732
1035,-731
1034,-731
1033,-730
1032,-729
1031,-728
1030,-727
1029,-726
1028,-725
1027,-725
1026,-724
1025,-723
1024,-722
1023,-722
1022,-721
1021,-720
1020,-720
1019,-719
1019,-718
1018,-718
1017,-717
1016,-717
1015,-716
1015,-715
1014,-715
1013,-714
1012,-713
1011,-713
1010,-713
1009,-712
1008,-711
1007,-711
1006,-710
1005,-709
1004,-709
1003,-709
1002,-709
1001,-709
1000,-709
999,-709
998,-708
998,-707
997,-707
996,-707
995,-707
994,-707
993,-707
992,-708
991,-708
990,-708
989,-707
989,-706
989,-705
989,-704
989,-703
989,-702
988,-702
987,-701
986,-701
985,-701
984,-700
983,-700
982,-700
981,-699
980,-698
979,-698
978,-697
977,-697
976,-697
975,-696
974,-696
973,-696
972,-696
971,-695
971,-694
970,-694
969,-693
968,-693
967,-692
966,-692
965,-691
964,-691
963,-690
962,-690
961,-689
960,-689
959,-689
958,-689
957,-688
956,-688
955,-688
954,-688
953,-687
952,-687
951,-686
950,-686
949,-685
948,-685
947,-684
946,-684
945,-684
944,-684
943,-683
942,-683
941,-682
940,-682
939,-682
938,-681
937,-681
936,-680
935,-680
934,-680
933,-679
932,-679
931,-679
930,-678
929,-678
928,-678
927,-677
926,-677
925,-677
924,-677
923,-676
923,-675
922,-675
921,-675
920,-674
919,-674
918,-674
917,-674
916,-673
915,-673
914,-673
913,-672
912,-672
911,-672
910,-671
909,-671
908,-671
907,-670
906,-670
905,-670
904,-670
903,-670
902,-670
901,-670
900,-669
899,-669
898,-669
897,-669
896,-668
895,-668
894,-668
893,-667
892,-667
891,-667
890,-667
889,-667
888,-667
887,-667
886,-666
885,-666
884,-666
883,-666
882,-666
881,-666
880,-666
879,-665
878,-665
877,-665
876,-664
875,-664
874,-664
873,-664
872,-663
871,-663
870,-663
869,-663
868,-663
867,-662
866,-662
865,-662
864,-662
863,-662
862,-662
861,-662
860,-661
859,-661
858,-661
857,-661
856,-661
855,-661
854,-661
853,-660
852,-660
851,-660
850,-660
849,-660
848,-660
847,-660
846,-660
845,-660
844,-660
843,-660
842,-660
841,-660
840,-660
839,-660
838,-660
837,-660
836,-660
835,-660
834,-660
833,-660
832,-660
831,-660
830,-660
829,-660
828,-660
827,-660
826,-660
825,-660
824,-660
823,-660
822,-660
821,-661
820,-661
819,-661
818,-661
817,-661
816,-661
815,-661
814,-661
813,-661
812,-661
811,-661
810,-661
809,-662
808,-662
807,-662
806,-662
805,-662
804,-662
803,-662
802,-662
801,-663
800,-663
799,-663
798,-663
797,-663
796,-664
795,-664
794,-664
793,-665
792,-665
791,-665
790,-665
789,-665
788,-666
787,-666
786,-666
785,-666
784,-667
783,-667
782,-668
781,-668
780,-668
779,-668
778,-669
777,-669
776,-669
775,-669
774,-669
773,-669
772,-670
771,-670
770,-670
769,-670
768,-670
767,-670
766,-671
765,-671
764,-671
763,-672
762,-672
761,-673
760,-673
759,-674
758,-674
757,-674
756,-675
755,-675
754,-676
753,-676
752,-677
751,-677
750,-678
749,-678
748,-678
747,-678
746,-679
745,-680
744,-680
743,-681
742,-681
741,-681
740,-681
739,-682
738,-682
737,-683
736,-683
735,-684
734,-684
733,-685
732,-685
731,-686
730,-686
729,-686
728,-687
727,-688
726,-688
725,-689
724,-689
723,-690
722,-690
721,-691
720,-692
719,-693
718,-693
717,-694
716,-694
715,-695
714,-696
713,-697
712,-697
711,-698
710,-698
709,-699
709,-700
708,-701
707,-701
706,-702
705,-703
704,-703
703,-704
702,-705
701,-706
700,-706
699,-707
699,-708
698,-709
697,-709
696,-710
695,-710
694,-711
693,-712
692,-713
691,-714
690,-715
689,-715
689,-716
688,-717
687,-718
686,-718
685,-719
684,-720
683,-720
682,-721
681,-722
680,-723
679,-723
678,-724
677,-725
676,-725
675,-725
674,-726
673,-727
672,-727
671,-728
670,-728
669,-729
668,-729
667,-729
666,-730
665,-730
664,-730
663,-730
662,-730
661,-731
660,-731
659,-731
658,-731
657,-731
656,-731
655,-731
654,-731
653,-731
652,-731
651,-731
650,-731
649,-731
648,-731
647,-731
646,-731
645,-731
644,-731
643,-731
642,-731
641,-731
640,-731
639,-731
638,-731
637,-731
636,-731
635,-732
634,-732
633,-732
632,-731
631,-731
630,-731
629,-731
628,-731
627,-731
626,-731
625,-731
624,-731
623,-731
622,-731
621,-731
620,-731
619,-730
618,-730
617,-730
616,-730
615,-730
614,-730
613,-730
612,-730
611,-730
610,-730
609,-730
608,-730
607,-730
606,-730
605,-730
604,-730
603,-730
602,-730
601,-730
600,-730
599,-730
598,-730
597,-730
596,-730
595,-730
594,-730
593,-730
592,-729
591,-729
590,-729
589,-729
588,-729
587,-729
586,-729
585,-729
584,-729
583,-729
582,-728
581,-728
580,-728
579,-728
578,-728
577,-728
576,-728
575,-728
574,-728
573,-728
572,-728
571,-728
570,-728
569,-728
568,-728
567,-728
566,-728
565,-728
564,-728
563,-727
562,-727
561,-727
560,-727
559,-727
558,-727
557,-727
556,-727
555,-727
554,-727
553,-727
552,-727
551,-727
550,-727
549,-727
548,-727
547,-727
546,-727
545,-727
544,-727
543,-727
542,-727
541,-727
540,-727
539,-726
538,-726
537,-726
536,-726
535,-726
534,-726
533,-726
532,-726
531,-726
530,-726
529,-726
528,-726
527,-726
526,-727
525,-727
525,-728
525,-729
525,-730
525,-731
524,-732
524,-733
524,-734
524,-735
523,-736
522,-737
521,-737
520,-737
519,-737
519,-738
519,-739
518,-740
517,-740
516,-740
515,-740
514,-740
513,-740
512,-740
511,-740
510,-740
509,-740
508,-741
507,-741
506,-742
505,-742
504,-742
503,-742
502,-743
501,-744
500,-745
499,-745
498,-745
497,-745
496,-745
495,-745
494,-745
493,-745
492,-745
491,-744
490,-743
489,-742
488,-742
487,-742
486,-742
485,-742
484,-742
483,-742
482,-742
481,-741
480,-741
479,-741
478,-741
477,-741
476,-742
475,-742
474,-742
473,-742
473,-743
473,-744
473,-745
472,-746
471,-746
471,-747
471,-748
471,-749
471,-750
471,-751
471,-752
470,-753
469,-754
468,-755
467,-756
466,-756
465,-756
