505,-749
505,-750
505,-751
505,-752
505,-753
506,-754
507,-755
508,-756
509,-757
510,-758
511,-759
511,-760
512,-760
513,-761
514,-762
515,-762
516,-763
517,-763
518,-764
519,-764
520,-765
521,-765
522,-766
523,-767
524,-767
525,-768
526,-768
527,-769
528,-769
529,-769
530,-770
531,-770
532,-771
533,-771
534,-772
535,-772
536,-773
537,-774
538,-774
539,-774
540,-775
541,-775
542,-776
543,-776
544,-777
545,-777
546,-777
547,-777
548,-778
549,-778
550,-778
551,-779
552,-780
553,-780
554,-780
555,-780
556,-781
557,-781
558,-781
559,-781
560,-782
561,-783
562,-783
563,-783
564,-784
565,-784
566,-785
567,-785
568,-785
569,-786
570,-786
571,-787
572,-787
573,-787
574,-787
575,-788
576,-789
577,-789
578,-789
579,-789
580,-790
580,-791
581,-791
582,-791
583,-792
584,-792
585,-793
585,-794
586,-794
587,-794
588,-794
589,-794
590,-794
591,-794
592,-794
593,-795
594,-795
595,-795
596,-795
597,-795
598,-795
599,-794
600,-794
601,-794
602,-794
603,-794
604,-795
604,-796
605,-796
606,-796
607,-797
608,-797
609,-797
610,-797
611,-798
611,-799
612,-799
613,-799
614,-799
615,-799
616,-799
617,-800
618,-801
618,-802
619,-802
620,-802
621,-802
622,-803
623,-803
624,-803
625,-804
626,-804
627,-804
628,-805
629,-806
630,-806
631,-806
632,-806
633,-807
634,-807
635,-807
636,-807
637,-807
638,-807
639,-807
640,-808
641,-809
642,-810
643,-810
644,-810
645,-810
646,-810
647,-810
648,-811
649,-811
650,-811
651,-811
652,-811
653,-811
654,-811
655,-812
655,-813
656,-813
657,-813
658,-813
659,-813
660,-814
661,-814
662,-814
663,-814
664,-814
665,-814
666,-814
667,-814
668,-815
669,-815
670,-815
671,-815
672,-816
673,-816
674,-816
675,-816
676,-816
677,-816
678,-816
679,-817
680,-817
681,-817
682,-818
683,-818
684,-818
685,-818
686,-818
687,-818
688,-819
689,-819
690,-819
691,-819
692,-819
693,-819
694,-819
695,-820
696,-820
697,-820
698,-820
699,-820
700,-820
701,-820
702,-819
703,-819
704,-819
705,-819
706,-819
707,-819
708,-819
709,-819
710,-820
711,-820
712,-820
713,-820
714,-820
715,-820
716,-820
717,-820
718,-820
719,-820
720,-820
721,-820
722,-820
723,-820
724,-820
725,-820
726,-820
727,-820
728,-819
729,-819
730,-819
731,-819
732,-818
733,-818
734,-818
735,-817
736,-817
737,-817
738,-817
739,-817
740,-816
741,-816
742,-816
743,-815
744,-815
745,-815
746,-814
747,-814
748,-814
749,-814
750,-814
751,-814
752,-814
753,-814
754,-813
755,-813
756,-813
756,-812
757,-811
758,-811
759,-811
760,-811
761,-811
762,-811
763,-811
764,-811
765,-810
766,-810
767,-810
768,-809
769,-809
770,-809
771,-808
772,-808
773,-808
774,-807
775,-807
776,-807
777,-806
778,-806
779,-806
780,-805
781,-805
781,-804
782,-803
783,-803
784,-802
785,-802
786,-802
787,-802
788,-802
789,-802
790,-802
791,-802
792,-801
793,-800
794,-800
795,-799
796,-798
797,-798
798,-798
799,-798
799,-797
800,-796
801,-796
802,-795
803,-794
804,-794
805,-794
806,-794
807,-793
808,-792
809,-792
810,-791
811,-791
812,-790
813,-790
814,-789
815,-788
816,-788
817,-788
817,-787
818,-786
819,-786
820,-786
821,-785
822,-784
823,-784
824,-783
825,-782
826,-782
827,-782
828,-781
829,-781
830,-780
831,-780
831,-779
832,-778
833,-777
834,-777
835,-777
836,-776
837,-776
838,-776
838,-775
839,-774
840,-774
841,-773
842,-773
843,-772
844,-772
845,-772
846,-771
847,-770
848,-770
849,-769
850,-769
851,-768
852,-768
853,-768
854,-767
855,-767
856,-766
857,-766
858,-766
859,-766
859,-765
860,-764
861,-764
862,-764
863,-764
864,-763
865,-762
866,-762
867,-761
868,-761
869,-760
870,-760
871,-760
872,-760
873,-760
874,-760
875,-760
876,-760
877,-760
878,-759
879,-759
880,-759
881,-759
882,-759
883,-759
884,-759
885,-759
886,-758
887,-758
888,-758
889,-758
890,-758
891,-758
892,-758
893,-759
894,-759
895,-759
896,-759
897,-759
898,-759
899,-759
900,-759
901,-759
902,-759
903,-760
904,-760
905,-760
906,-760
907,-760
908,-760
909,-760
910,-761
911,-761
912,-761
913,-761
914,-761
915,-761
916,-761
917,-761
918,-761
919,-761
920,-761
921,-761
922,-761
923,-762
924,-762
925,-762
926,-762
927,-762
928,-762
929,-762
930,-763
931,-763
932,-763
933,-763
934,-763
935,-763
936,-763
937,-763
938,-763
939,-763
940,-763
941,-763
942,-763
943,-763
944,-763
945,-763
946,-763
947,-763
948,-764
948,-765
949,-765
950,-765
951,-765
952,-765
953,-765
954,-765
955,-765
956,-765
957,-766
958,-766
959,-766
960,-766
961,-766
962,-767
963,-767
964,-767
965,-767
966,-767
967,-768
968,-768
969,-768
970,-768
971,-768
972,-768
973,-768
974,-768
975,-768
976,-769
977,-769
978,-769
979,-769
980,-769
981,-769
982,-769
983,-769
984,-769
985,-769
986,-769
987,-769
988,-769
989,-768
990,-768
991,-768
992,-768
993,-768
994,-768
995,-768
995,-767
995,-766
995,-765
995,-764
996,-763
996,-762
996,-761
996,-760
996,-759
997,-758
997,-757
997,-756
997,-755
997,-754
997,-753
997,-752
997,-751
997,-750
997,-749
997,-748
996,-748
995,-748
994,-748
993,-748
992,-748
991,-748
990,-748
989,-748
988,-748
987,-747
986,-746
985,-745
984,-745
983,-745
982,-745
981,-744
980,-744
979,-744
978,-744
977,-743
976,-743
975,-743
974,-743
973,-742
972,-742
971,-741
971,-740
971,-739
970,-739
969,-739
968,-739
967,-739
966,-739
965,-739
964,-739
963,-738
962,-737
962,-736
961,-736
960,-736
959,-736
958,-736
957,-735
957,-734
957,-733
956,-733
955,-733
954,-733
953,-733
952,-733
951,-733
950,-733
949,-732
948,-732
947,-732
946,-732
945,-731
945,-730
945,-729
944,-728
943,-727
943,-726
943,-725
943,-724
943,-723
942,-723
941,-722
940,-721
939,-721
938,-721
937,-720
936,-720
935,-720
934,-720
933,-720
932,-720
931,-720
930,-720
929,-720
928,-720
927,-720
926,-720
925,-720
924,-720
923,-720
922,-720
921,-720
920,-719
919,-719
918,-719
917,-719
916,-719
915,-719
914,-719
913,-719
912,-719
911,-719
910,-719
909,-719
908,-719
907,-718
906,-718
905,-718
904,-718
903,-717
902,-717
901,-717
900,-717
899,-717
898,-717
897,-717
896,-717
895,-717
894,-717
893,-717
892,-717
891,-717
890,-717
889,-717
888,-717
887,-717
886,-717
885,-717
884,-717
883,-717
882,-717
881,-716
880,-716
879,-716
878,-716
877,-716
876,-716
875,-715
874,-715
873,-715
872,-715
871,-714
870,-714
869,-714
868,-713
867,-713
866,-713
865,-713
864,-712
863,-712
862,-712
861,-712
860,-712
859,-711
858,-711
857,-710
856,-710
855,-710
854,-710
853,-709
852,-709
851,-709
850,-708
849,-708
848,-708
847,-708
846,-708
845,-708
844,-707
843,-707
842,-706
841,-706
840,-705
839,-705
838,-705
837,-704
836,-703
835,-703
834,-703
833,-703
832,-702
831,-701
830,-701
829,-701
828,-701
827,-700
827,-699
826,-699
825,-698
824,-698
823,-697
822,-697
821,-696
820,-696
819,-696
818,-695
817,-695
816,-694
815,-694
814,-694
813,-693
812,-693
811,-692
810,-692
809,-692
808,-692
807,-691
806,-691
805,-691
804,-691
803,-690
802,-690
801,-690
800,-690
799,-689
798,-689
797,-689
796,-689
795,-688
794,-688
793,-688
792,-688
791,-688
790,-687
789,-687
788,-687
787,-687
786,-687
785,-687
784,-687
783,-687
782,-687
781,-687
780,-686
779,-686
778,-686
777,-686
776,-686
775,-686
774,-686
773,-685
772,-685
771,-685
770,-685
769,-685
768,-685
767,-685
766,-685
765,-684
764,-684
763,-684
762,-684
761,-684
760,-684
759,-684
758,-684
757,-684
756,-684
755,-683
754,-683
753,-683
752,-683
751,-683
750,-683
749,-683
748,-683
747,-683
746,-683
745,-683
744,-683
743,-683
742,-683
741,-682
740,-682
739,-682
738,-682
737,-682
736,-682
735,-682
734,-682
733,-682
732,-682
731,-682
730,-682
729,-682
728,-682
727,-682
726,-682
725,-682
724,-682
723,-682
722,-682
721,-682
720,-682
719,-682
718,-682
717,-682
716,-682
715,-682
714,-682
713,-682
712,-682
711,-682
710,-682
709,-682
708,-682
707,-682
706,-682
705,-682
704,-682
703,-682
702,-682
701,-682
700,-682
699,-682
698,-682
697,-682
696,-682
695,-682
694,-682
693,-682
692,-682
691,-682
690,-682
689,-682
688,-682
687,-683
686,-683
685,-683
684,-683
683,-683
682,-683
681,-683
680,-683
679,-683
678,-683
677,-683
676,-683
675,-684
674,-684
673,-684
672,-684
671,-684
670,-684
669,-684
668,-684
667,-685
666,-685
665,-685
664,-685
663,-685
662,-686
661,-686
660,-686
659,-686
658,-686
657,-686
656,-687
655,-687
654,-687
653,-687
652,-687
651,-687
650,-687
649,-687
648,-688
647,-688
646,-688
645,-688
644,-688
643,-689
642,-689
641,-689
640,-689
639,-690
638,-690
637,-690
636,-690
635,-690
634,-691
633,-691
632,-691
631,-691
630,-691
629,-692
628,-692
627,-692
626,-692
625,-692
624,-693
623,-693
622,-693
621,-694
620,-694
619,-694
618,-694
617,-694
616,-695
615,-695
614,-695
613,-695
612,-696
611,-696
610,-696
610,-697
609,-698
609,-699
609,-700
608,-701
607,-701
606,-701
605,-700
605,-699
605,-698
604,-698
603,-698
602,-698
601,-698
600,-699
599,-700
598,-700
597,-700
596,-700
595,-700
594,-700
593,-701
592,-701
591,-701
590,-702
589,-702
588,-702
587,-703
586,-703
585,-703
584,-704
583,-704
582,-704
581,-705
580,-705
579,-706
578,-706
577,-707
576,-707
575,-707
574,-708
573,-708
572,-709
571,-709
570,-709
569,-710
568,-710
567,-711
566,-712
565,-712
564,-713
563,-713
562,-713
561,-714
560,-714
559,-715
558,-715
557,-716
556,-716
555,-717
554,-718
553,-718
552,-719
551,-719
550,-720
549,-721
548,-721
547,-722
546,-722
545,-723
544,-724
543,-724
542,-725
541,-725
540,-726
539,-726
538,-727
537,-727
536,-728
535,-728
534,-729
533,-729
532,-730
531,-730
530,-731
529,-732
528,-732
527,-733
526,-733
525,-734
524,-734
523,-735
522,-736
521,-736
520,-736
519,-737
518,-737
517,-738
516,-738
515,-739
514,-739
513,-740
512,-740
511,-740
510,-741
509,-742
508,-742
507,-743
506,-744
506,-745
506,-746
506,-747
506,-748
505,-749
