502,-753
502,-754
502,-755
502,-756
502,-757
503,-758
503,-759
504,-759
505,-759
506,-759
507,-760
508,-760
509,-760
510,-760
511,-760
512,-760
513,-760
514,-760
515,-760
516,-761
517,-761
518,-761
519,-761
520,-761
521,-761
522,-761
523,-761
524,-761
525,-761
526,-762
527,-762
528,-762
529,-762
530,-762
531,-762
532,-762
533,-762
534,-763
535,-763
536,-763
537,-763
538,-763
539,-763
540,-764
541,-764
542,-764
543,-764
544,-764
545,-764
546,-764
547,-764
548,-764
549,-764
550,-765
551,-765
552,-765
553,-765
554,-765
555,-765
556,-766
557,-766
558,-766
559,-767
560,-767
561,-767
562,-767
563,-767
564,-767
565,-767
566,-767
567,-768
568,-768
569,-769
570,-769
571,-769
572,-769
573,-770
573,-771
574,-771
575,-771
576,-771
577,-771
578,-771
579,-771
580,-771
581,-772
582,-772
583,-772
584,-773
585,-773
586,-774
587,-774
588,-774
589,-775
590,-775
591,-775
592,-776
593,-777
594,-777
595,-777
596,-777
597,-778
598,-778
599,-779
599,-780
599,-781
600,-781
601,-781
602,-781
603,-782
604,-783
605,-783
606,-783
607,-784
608,-784
609,-785
610,-785
611,-786
612,-787
613,-788
614,-788
615,-789
616,-789
617,-790
617,-791
618,-791
619,-791
620,-792
621,-792
622,-793
623,-794
624,-795
625,-796
626,-797
627,-797
628,-798
629,-798
630,-799
631,-799
632,-800
633,-801
634,-802
635,-803
636,-803
637,-804
638,-805
639,-805
640,-806
641,-807
641,-808
642,-808
643,-808
644,-809
645,-810
646,-811
647,-811
648,-811
649,-812
650,-813
651,-813
652,-814
653,-815
654,-815
655,-816
656,-817
657,-817
658,-818
659,-819
660,-819
661,-820
662,-820
663,-820
664,-820
665,-821
666,-821
667,-822
668,-823
669,-823
670,-824
671,-824
672,-824
673,-824
674,-824
675,-824
676,-825
677,-825
678,-826
679,-826
680,-827
681,-828
682,-828
683,-828
684,-828
685,-828
686,-828
687,-829
688,-829
689,-829
690,-830
690,-831
691,-831
692,-831
693,-831
694,-831
695,-831
696,-831
697,-832
698,-832
699,-833
700,-833
701,-833
702,-833
703,-833
704,-834
705,-834
706,-834
707,-835
708,-835
709,-835
710,-835
711,-835
712,-836
713,-836
714,-836
715,-836
716,-836
717,-837
718,-838
719,-839
720,-839
721,-840
722,-840
723,-840
724,-840
725,-840
726,-840
727,-840
728,-840
729,-840
730,-840
731,-840
732,-840
733,-841
734,-841
735,-841
736,-841
737,-841
738,-841
739,-841
740,-841
741,-841
742,-841
743,-841
744,-841
745,-841
746,-841
747,-841
748,-841
749,-841
750,-841
751,-841
752,-841
753,-842
754,-842
755,-842
756,-842
757,-842
758,-842
759,-842
760,-842
761,-842
762,-842
763,-842
764,-842
765,-842
766,-842
767,-842
768,-841
769,-841
770,-841
771,-841
772,-841
773,-841
774,-841
775,-841
776,-841
777,-841
778,-841
779,-841
780,-841
781,-841
782,-840
783,-840
784,-840
785,-840
786,-840
787,-840
788,-840
789,-840
790,-840
791,-840
792,-840
793,-840
794,-840
795,-839
796,-839
797,-839
798,-839
799,-839
800,-839
801,-839
802,-839
803,-838
804,-838
805,-837
806,-837
807,-837
808,-837
809,-836
810,-836
811,-836
812,-836
813,-836
814,-836
815,-836
816,-836
817,-835
818,-835
819,-835
820,-835
821,-834
822,-834
823,-834
824,-834
825,-834
826,-833
827,-833
828,-833
829,-833
830,-833
831,-832
832,-832
833,-832
834,-832
835,-832
836,-831
837,-831
838,-831
839,-831
840,-831
841,-831
842,-830
843,-830
844,-829
845,-829
846,-829
847,-829
848,-828
849,-828
850,-828
851,-828
852,-827
853,-827
854,-827
855,-826
856,-826
857,-826
858,-826
859,-825
860,-825
861,-824
862,-824
863,-824
864,-824
865,-823
866,-822
867,-822
868,-821
869,-821
870,-820
871,-820
872,-819
873,-819
874,-819
875,-818
876,-817
877,-817
878,-816
879,-816
880,-816
881,-816
882,-816
883,-815
884,-815
885,-814
886,-814
887,-813
888,-813
889,-812
890,-812
891,-811
892,-811
893,-810
894,-810
895,-809
896,-809
897,-808
898,-808
899,-808
900,-807
901,-807
902,-806
903,-805
904,-805
905,-805
906,-804
907,-804
908,-803
909,-803
910,-802
911,-802
912,-801
913,-800
914,-800
915,-799
916,-799
917,-799
918,-799
918,-798
919,-797
920,-797
921,-797
922,-797
923,-796
924,-795
925,-795
926,-795
927,-794
928,-794
929,-793
930,-793
930,-792
931,-791
932,-791
933,-791
934,-791
935,-790
936,-790
937,-789
938,-789
939,-788
940,-788
941,-787
942,-787
943,-786
944,-786
945,-786
945,-785
946,-784
947,-784
948,-784
949,-784
950,-784
951,-783
952,-783
953,-783
954,-783
955,-782
956,-781
957,-781
958,-780
959,-780
960,-779
961,-779
962,-779
963,-779
963,-778
964,-777
965,-776
966,-776
967,-776
968,-775
969,-774
970,-774
970,-773
971,-772
972,-771
973,-771
974,-770
975,-770
976,-770
977,-769
978,-769
979,-768
980,-767
981,-766
982,-766
983,-765
984,-764
985,-764
986,-764
987,-764
988,-763
989,-762
990,-762
991,-762
991,-761
992,-760
993,-759
994,-759
995,-759
996,-758
996,-757
997,-756
997,-755
997,-754
998,-753
999,-753
999,-752
999,-751
1000,-750
1000,-749
1000,-748
1000,-747
1000,-746
1000,-745
1000,-744
1000,-743
999,-743
998,-742
997,-741
996,-740
995,-739
994,-739
993,-738
992,-737
991,-736
990,-736
989,-735
988,-734
987,-734
986,-733
985,-733
984,-732
983,-731
982,-731
981,-730
980,-729
979,-728
978,-728
977,-727
976,-726
975,-726
974,-725
973,-725
972,-724
971,-723
970,-723
969,-722
968,-721
967,-721
966,-720
965,-719
964,-719
963,-718
962,-717
961,-717
960,-716
959,-716
958,-715
957,-715
956,-714
955,-713
954,-713
953,-712
952,-712
951,-711
950,-711
949,-710
948,-710
947,-709
946,-708
945,-708
944,-707
943,-707
942,-706
941,-705
940,-705
939,-704
938,-703
937,-703
936,-702
935,-702
934,-701
933,-700
932,-700
931,-699
930,-699
929,-699
928,-698
927,-698
926,-697
925,-697
924,-696
923,-696
922,-695
921,-695
920,-694
919,-694
918,-694
917,-693
916,-693
915,-692
914,-692
913,-691
912,-691
911,-690
910,-690
909,-690
908,-689
907,-689
906,-689
905,-688
904,-688
903,-688
902,-688
901,-687
900,-686
899,-686
898,-686
897,-686
896,-685
895,-685
894,-684
893,-684
892,-684
891,-683
890,-683
889,-683
888,-682
887,-682
886,-681
885,-681
884,-681
883,-680
882,-679
881,-679
880,-679
879,-679
878,-678
877,-678
876,-677
875,-677
874,-676
873,-676
872,-676
871,-675
870,-675
869,-675
868,-674
867,-674
866,-674
865,-674
864,-674
863,-674
862,-673
862,-672
861,-672
860,-672
859,-672
858,-671
857,-671
856,-671
855,-671
854,-670
853,-670
852,-670
851,-669
850,-669
849,-669
848,-668
847,-668
846,-668
845,-668
844,-667
843,-667
842,-667
841,-667
840,-667
839,-666
838,-666
837,-666
836,-666
835,-665
834,-665
833,-665
832,-665
831,-665
830,-665
829,-665
828,-664
827,-664
826,-664
825,-664
824,-664
823,-663
822,-663
821,-663
820,-663
819,-663
818,-663
817,-663
816,-663
815,-663
814,-663
813,-662
812,-662
811,-662
810,-662
809,-662
808,-662
807,-662
806,-662
805,-662
804,-662
803,-662
802,-662
801,-661
800,-661
799,-661
798,-661
797,-661
796,-661
795,-660
794,-660
793,-660
792,-660
791,-660
790,-660
789,-660
788,-660
787,-660
786,-660
785,-660
784,-660
783,-660
782,-660
781,-660
780,-660
779,-660
778,-660
777,-660
776,-660
775,-660
774,-660
773,-660
772,-660
771,-660
770,-660
769,-660
768,-660
767,-660
766,-660
765,-660
764,-660
763,-660
762,-660
761,-660
760,-660
759,-660
758,-660
757,-660
756,-660
755,-661
754,-661
753,-661
752,-661
751,-661
750,-661
749,-661
748,-661
747,-661
746,-661
745,-661
744,-661
743,-661
742,-662
741,-662
740,-662
739,-662
738,-662
737,-662
736,-663
735,-663
734,-663
733,-663
732,-664
731,-664
730,-664
729,-664
728,-664
727,-664
726,-664
725,-664
724,-665
723,-665
722,-666
721,-666
720,-666
719,-666
718,-666
717,-666
716,-666
715,-667
714,-667
713,-667
712,-667
711,-667
710,-667
709,-667
708,-668
707,-668
706,-668
705,-668
704,-668
703,-669
702,-669
701,-669
700,-670
699,-670
698,-670
697,-670
696,-670
695,-671
694,-671
693,-671
692,-672
691,-672
690,-672
689,-672
688,-673
687,-674
686,-674
685,-674
684,-674
683,-675
682,-675
681,-675
680,-675
679,-675
678,-676
677,-676
676,-677
675,-677
674,-677
673,-677
673,-678
672,-679
671,-679
670,-679
669,-679
668,-679
667,-679
666,-680
665,-680
664,-681
663,-681
662,-682
661,-682
660,-683
659,-683
658,-683
657,-684
656,-684
655,-684
654,-685
653,-685
652,-686
651,-686
650,-687
649,-687
648,-687
647,-688
646,-689
645,-689
644,-690
643,-691
642,-691
641,-691
640,-692
639,-693
638,-693
638,-694
637,-695
636,-695
635,-695
634,-695
633,-696
632,-696
631,-696
631,-697
630,-698
629,-698
628,-699
627,-699
626,-700
625,-701
624,-702
623,-702
622,-703
621,-703
620,-704
619,-704
618,-705
617,-706
616,-707
615,-707
614,-708
613,-709
612,-710
611,-710
610,-711
609,-711
608,-712
607,-712
606,-713
605,-714
604,-714
603,-714
602,-714
601,-715
600,-716
599,-716
598,-717
597,-718
596,-718
595,-718
594,-719
593,-719
592,-719
591,-719
590,-720
589,-720
588,-720
588,-721
587,-722
586,-722
585,-722
584,-723
583,-723
582,-724
581,-724
580,-724
579,-724
578,-724
577,-724
576,-724
575,-724
574,-724
573,-724
572,-724
571,-724
570,-724
569,-724
568,-724
567,-724
566,-724
565,-724
564,-724
563,-725
562,-725
561,-725
560,-725
559,-725
558,-725
557,-725
556,-725
555,-725
554,-725
553,-725
552,-726
551,-726
550,-726
549,-725
548,-725
547,-725
546,-725
545,-725
544,-725
543,-725
542,-725
541,-725
540,-725
539,-725
538,-725
537,-725
536,-725
535,-725
534,-724
533,-724
532,-724
531,-724
530,-724
529,-725
528,-725
527,-725
526,-724
525,-724
524,-724
523,-724
522,-724
521,-724
520,-724
519,-724
518,-723
517,-723
516,-723
515,-723
514,-722
513,-722
512,-722
511,-722
510,-722
509,-722
508,-723
508,-724
508,-725
508,-726
508,-727
507,-728
507,-729
507,-730
506,-731
506,-732
506,-733
505,-734
505,-735
505,-736
505,-737
505,-738
505,-739
505,-740
505,-741
504,-742
504,-743
504,-744
504,-745
504,-746
503,-747
503,-748
503,-749
503,-750
503,-751
503,-752
502,-753
