570,-547
570,-548
570,-549
570,-550
570,-551
570,-552
570,-553
570,-554
570,-555
570,-556
570,-557
571,-557
572,-558
572,-559
572,-560
572,-561
573,-562
574,-563
575,-564
575,-565
576,-566
576,-567
577,-568
577,-569
577,-570
578,-571
579,-572
579,-573
580,-574
581,-575
582,-576
583,-577
583,-578
584,-579
585,-580
585,-581
586,-582
586,-583
587,-584
588,-585
589,-586
590,-587
591,-588
591,-589
592,-590
592,-591
592,-592
593,-592
594,-593
594,-594
595,-595
596,-596
596,-597
597,-598
597,-599
598,-599
599,-600
599,-601
600,-602
601,-603
602,-604
603,-605
604,-606
604,-607
604,-608
604,-609
605,-609
606,-610
607,-611
608,-612
609,-613
609,-614
610,-615
611,-616
611,-617
612,-618
613,-619
614,-620
615,-621
615,-622
615,-623
616,-624
617,-625
617,-626
618,-627
619,-627
620,-628
620,-629
620,-630
621,-630
622,-631
622,-632
623,-633
623,-634
624,-634
625,-635
625,-636
625,-637
626,-638
627,-639
627,-640
627,-641
628,-641
629,-642
629,-643
630,-643
631,-644
631,-645
632,-645
633,-646
633,-647
633,-648
634,-649
635,-650
635,-651
635,-652
636,-653
637,-653
638,-654
638,-655
638,-656
639,-657
639,-658
639,-659
640,-660
641,-661
642,-662
642,-663
643,-664
644,-665
644,-666
645,-667
645,-668
645,-669
646,-670
647,-671
647,-672
648,-673
649,-674
649,-675
649,-676
650,-677
650,-678
650,-679
651,-680
651,-681
651,-682
652,-683
652,-684
652,-685
653,-686
653,-687
653,-688
654,-689
654,-690
654,-691
654,-692
654,-693
654,-694
654,-695
655,-696
655,-697
655,-698
656,-699
656,-700
656,-701
657,-702
657,-703
657,-704
657,-705
657,-706
657,-707
657,-708
657,-709
658,-710
658,-711
658,-712
658,-713
658,-714
658,-715
659,-716
659,-717
659,-718
659,-719
660,-720
660,-721
660,-722
660,-723
660,-724
661,-725
661,-726
661,-727
662,-728
662,-729
662,-730
662,-731
662,-732
663,-733
663,-734
663,-735
663,-736
664,-737
664,-738
665,-739
665,-740
665,-741
665,-742
665,-743
666,-744
666,-745
666,-746
667,-747
667,-748
668,-749
668,-750
668,-751
669,-752
669,-753
670,-754
671,-755
671,-756
671,-757
671,-758
672,-759
673,-760
673,-761
673,-762
673,-763
674,-764
674,-765
675,-766
675,-767
676,-768
676,-769
677,-770
677,-771
678,-772
678,-773
679,-774
679,-775
680,-776
681,-777
681,-778
682,-779
682,-780
683,-781
683,-782
684,-783
685,-784
685,-785
686,-786
687,-787
687,-788
687,-789
688,-789
689,-790
689,-791
690,-792
690,-793
691,-794
692,-795
692,-796
692,-797
693,-798
694,-799
694,-800
694,-801
695,-802
695,-803
696,-803
697,-804
697,-805
697,-806
698,-807
699,-808
699,-809
700,-809
701,-810
702,-811
702,-812
702,-813
703,-814
704,-815
704,-816
705,-817
706,-818
707,-819
707,-820
708,-821
709,-822
710,-823
711,-824
711,-825
712,-826
712,-827
713,-828
714,-829
715,-830
716,-831
717,-832
718,-833
719,-834
720,-835
721,-836
722,-837
723,-838
723,-839
724,-840
725,-841
725,-842
726,-842
727,-843
728,-843
729,-844
729,-845
730,-846
731,-847
732,-848
733,-848
734,-849
735,-850
736,-851
737,-852
738,-853
739,-854
740,-855
741,-855
742,-856
742,-857
743,-858
744,-858
745,-859
746,-860
747,-861
748,-861
749,-862
749,-863
750,-863
751,-864
752,-865
753,-866
754,-866
755,-867
755,-868
756,-868
757,-869
758,-870
759,-871
760,-872
761,-873
762,-873
763,-874
764,-875
765,-876
766,-876
767,-877
768,-878
769,-878
770,-879
771,-879
772,-880
773,-881
774,-882
775,-883
776,-883
777,-884
777,-885
778,-885
779,-886
780,-886
781,-887
782,-888
783,-888
784,-889
784,-890
785,-890
786,-890
787,-891
788,-892
789,-892
790,-893
791,-894
791,-895
792,-895
793,-896
794,-896
795,-897
796,-898
797,-899
798,-900
799,-900
800,-901
801,-901
802,-901
803,-902
804,-902
805,-903
805,-904
806,-904
807,-904
808,-904
809,-905
809,-906
810,-906
811,-906
812,-907
812,-908
813,-908
814,-908
815,-908
816,-908
817,-909
818,-909
819,-910
819,-911
820,-911
821,-911
822,-912
823,-912
824,-913
825,-913
826,-914
827,-914
828,-915
829,-916
830,-916
831,-917
832,-917
833,-918
834,-918
835,-919
836,-919
837,-920
838,-921
839,-921
840,-921
841,-922
842,-922
843,-922
844,-923
845,-924
846,-924
847,-925
848,-925
849,-925
850,-926
850,-927
851,-927
852,-928
853,-928
854,-928
855,-928
856,-929
856,-930
857,-930
858,-930
859,-930
860,-931
861,-932
862,-932
863,-933
864,-933
865,-934
865,-935
866,-935
867,-936
868,-936
869,-937
870,-938
871,-939
872,-939
873,-940
874,-940
875,-941
876,-941
877,-942
878,-942
879,-943
879,-944
880,-944
881,-944
882,-945
883,-946
883,-947
884,-947
885,-948
886,-948
887,-948
888,-948
889,-948
890,-949
891,-949
892,-950
892,-951
892,-952
893,-952
894,-952
895,-952
896,-953
897,-953
898,-954
899,-955
900,-955
901,-955
902,-956
902,-957
903,-957
904,-957
905,-958
906,-958
907,-959
908,-959
909,-960
909,-961
910,-961
911,-961
912,-961
913,-961
914,-961
915,-961
916,-962
917,-962
918,-962
919,-962
920,-962
921,-962
922,-962
923,-962
924,-962
925,-962
926,-962
927,-962
928,-962
929,-961
930,-961
931,-960
931,-959
931,-958
931,-957
931,-956
932,-955
932,-954
932,-953
932,-952
932,-951
932,-950
932,-949
932,-948
932,-947
932,-946
932,-945
932,-944
932,-943
932,-942
932,-941
932,-940
932,-939
932,-938
932,-937
932,-936
932,-935
932,-934
932,-933
931,-932
931,-931
931,-930
931,-929
931,-928
930,-927
930,-926
930,-925
930,-924
930,-923
930,-922
930,-921
929,-920
929,-919
928,-918
928,-917
928,-916
927,-915
927,-914
926,-913
926,-912
926,-911
926,-910
925,-909
925,-908
925,-907
924,-906
924,-905
924,-904
923,-903
923,-902
923,-901
923,-900
922,-899
922,-898
922,-897
921,-896
921,-895
920,-894
920,-893
920,-892
919,-891
919,-890
919,-889
918,-888
918,-887
918,-886
917,-885
917,-884
916,-883
916,-882
916,-881
915,-880
915,-879
915,-878
914,-877
914,-876
913,-875
913,-874
912,-873
912,-872
912,-871
912,-870
911,-869
911,-868
911,-867
910,-866
910,-865
909,-864
909,-863
909,-862
908,-861
908,-860
908,-859
907,-858
907,-857
907,-856
906,-855
905,-854
905,-853
905,-852
905,-851
904,-850
904,-849
903,-848
903,-847
902,-846
902,-845
901,-844
901,-843
900,-842
900,-841
899,-840
899,-839
898,-838
898,-837
897,-836
897,-835
896,-834
896,-833
895,-832
895,-831
895,-830
894,-829
893,-828
893,-827
892,-826
892,-825
891,-824
891,-823
891,-822
890,-821
889,-820
888,-819
888,-818
888,-817
887,-816
887,-815
886,-814
885,-813
884,-812
884,-811
884,-810
883,-809
883,-808
882,-807
881,-806
880,-805
879,-804
879,-803
878,-802
878,-801
877,-800
876,-799
876,-798
875,-797
875,-796
874,-795
873,-794
873,-793
872,-792
871,-791
870,-790
870,-789
869,-788
868,-787
867,-786
867,-785
867,-784
866,-783
865,-782
864,-781
864,-780
863,-779
862,-778
862,-777
861,-776
860,-775
860,-774
859,-773
858,-772
858,-771
857,-770
856,-769
855,-768
855,-767
854,-766
853,-765
852,-764
852,-763
851,-762
850,-761
850,-760
849,-759
848,-758
848,-757
847,-756
846,-755
845,-754
845,-753
844,-752
843,-751
843,-750
842,-749
841,-748
840,-747
840,-746
839,-745
838,-744
837,-743
837,-742
836,-741
835,-740
834,-739
834,-738
833,-738
832,-737
832,-736
831,-735
830,-734
829,-733
828,-732
827,-731
826,-730
825,-729
825,-728
824,-727
823,-726
822,-725
821,-724
821,-723
820,-722
819,-721
818,-720
817,-719
816,-718
816,-717
815,-716
814,-715
813,-714
812,-713
811,-712
810,-711
809,-711
808,-710
807,-709
807,-708
806,-707
805,-706
804,-706
803,-705
803,-704
802,-704
801,-703
800,-702
799,-701
798,-700
797,-699
796,-698
795,-697
794,-697
793,-696
792,-695
791,-695
790,-694
789,-693
788,-692
787,-691
786,-691
785,-690
784,-689
783,-689
782,-688
781,-687
780,-686
779,-685
778,-684
777,-684
776,-683
775,-682
774,-681
773,-681
772,-680
771,-680
770,-679
769,-678
768,-678
767,-677
766,-676
765,-676
764,-675
763,-675
762,-675
761,-674
760,-673
759,-673
758,-672
757,-672
756,-671
755,-671
754,-670
753,-669
752,-669
751,-669
750,-668
749,-668
748,-667
747,-667
746,-666
745,-666
744,-665
743,-664
742,-664
741,-664
740,-664
739,-664
738,-663
737,-663
736,-662
735,-661
734,-661
733,-661
732,-660
731,-660
730,-659
729,-659
728,-658
727,-658
726,-658
725,-658
724,-657
723,-657
722,-657
721,-657
720,-656
719,-656
718,-656
717,-656
716,-656
715,-656
714,-656
713,-655
712,-655
711,-655
710,-654
709,-654
708,-654
707,-653
706,-653
705,-653
704,-652
703,-652
702,-651
701,-651
700,-651
699,-651
698,-650
697,-650
696,-649
696,-648
695,-648
694,-647
693,-647
692,-647
691,-647
690,-646
689,-645
688,-644
687,-643
686,-642
685,-641
684,-640
683,-639
682,-639
681,-638
681,-637
680,-636
679,-636
678,-635
677,-634
676,-633
675,-632
674,-631
673,-630
672,-629
672,-628
671,-627
670,-626
669,-625
668,-624
667,-623
667,-622
666,-621
665,-620
664,-619
663,-618
662,-617
661,-616
661,-615
660,-614
659,-613
659,-612
658,-611
657,-610
656,-609
656,-608
655,-607
654,-606
654,-605
653,-604
652,-603
652,-602
651,-601
650,-600
649,-599
648,-598
648,-597
647,-596
646,-595
645,-594
645,-593
644,-592
643,-591
643,-590
642,-589
641,-588
640,-587
639,-586
639,-585
638,-584
637,-583
636,-582
635,-581
635,-580
634,-579
633,-578
632,-577
632,-576
631,-575
630,-574
629,-573
629,-572
628,-571
627,-570
627,-569
627,-568
627,-567
626,-566
625,-565
624,-564
624,-563
623,-563
622,-562
622,-561
621,-560
620,-559
619,-558
619,-557
619,-556
618,-556
617,-555
616,-554
616,-553
615,-552
615,-551
614,-550
613,-549
612,-548
612,-547
611,-546
611,-545
610,-544
609,-543
608,-542
608,-541
607,-541
606,-540
605,-540
604,-540
603,-540
602,-540
602,-541
602,-542
602,-543
602,-544
601,-545
600,-545
600,-546
599,-547
598,-548
597,-548
596,-548
595,-548
594,-548
593,-548
592,-547
592,-546
591,-546
590,-545
589,-544
588,-543
587,-543
586,-543
585,-543
584,-543
583,-543
582,-543
581,-544
580,-544
579,-544
578,-544
577,-545
576,-545
575,-545
574,-546
573,-546
572,-546
571,-546
570,-547
