506,-708
506,-709
506,-710
506,-711
506,-712
506,-713
507,-713
508,-713
509,-714
510,-714
511,-715
511,-716
511,-717
511,-718
511,-719
511,-720
511,-721
512,-722
512,-723
513,-723
514,-723
515,-723
516,-724
517,-724
518,-724
519,-724
520,-724
521,-724
522,-725
523,-725
524,-725
525,-725
526,-725
527,-725
528,-725
529,-726
530,-726
531,-727
532,-727
533,-727
534,-727
535,-727
536,-727
537,-727
538,-727
539,-727
540,-727
541,-727
542,-727
543,-728
544,-728
545,-728
546,-728
547,-729
548,-729
549,-729
550,-729
551,-729
552,-730
553,-731
554,-731
555,-731
556,-731
557,-731
558,-731
559,-732
560,-733
561,-733
562,-734
563,-734
564,-735
565,-735
566,-735
567,-735
568,-736
568,-737
568,-738
569,-738
570,-738
571,-739
572,-739
573,-740
574,-740
575,-741
575,-742
576,-742
577,-743
578,-743
579,-743
580,-744
580,-745
581,-745
582,-745
583,-745
584,-745
585,-746
585,-747
586,-748
587,-748
588,-748
589,-748
590,-748
591,-748
592,-749
592,-750
592,-751
592,-752
592,-753
593,-753
594,-753
595,-753
596,-753
597,-754
597,-755
598,-756
599,-757
599,-758
599,-759
600,-759
601,-759
602,-759
603,-759
604,-759
605,-759
606,-759
607,-759
608,-760
609,-761
610,-761
611,-762
612,-762
613,-762
614,-763
614,-764
615,-765
616,-766
616,-767
617,-767
618,-768
618,-769
618,-770
618,-771
618,-772
619,-772
620,-772
621,-772
622,-772
623,-773
624,-774
625,-775
625,-776
625,-777
626,-777
627,-777
628,-778
629,-779
629,-780
630,-781
630,-782
630,-783
630,-784
631,-784
632,-785
633,-785
634,-786
634,-787
634,-788
635,-788
636,-788
637,-789
637,-790
637,-791
637,-792
637,-793
637,-794
637,-795
638,-795
639,-795
640,-796
640,-797
641,-798
642,-798
643,-799
643,-800
644,-800
645,-800
646,-800
647,-801
648,-801
649,-802
649,-803
649,-804
650,-804
651,-804
652,-805
653,-806
654,-806
655,-807
656,-808
657,-809
658,-810
659,-810
660,-810
661,-810
662,-811
663,-812
664,-812
665,-813
666,-813
667,-813
668,-813
669,-814
669,-815
669,-816
670,-816
671,-816
672,-817
673,-818
673,-819
673,-820
674,-820
675,-820
676,-821
677,-821
678,-822
679,-822
680,-822
681,-822
682,-822
683,-822
684,-823
684,-824
685,-824
686,-824
687,-824
688,-824
689,-824
690,-824
691,-824
692,-824
693,-825
694,-826
694,-827
695,-828
696,-829
697,-829
698,-829
699,-829
700,-830
701,-831
702,-831
703,-831
704,-831
705,-831
706,-832
707,-832
708,-832
709,-832
710,-832
711,-833
711,-834
712,-834
713,-834
714,-834
715,-835
716,-835
717,-835
718,-835
719,-836
719,-837
719,-838
720,-838
721,-838
722,-838
723,-838
724,-838
725,-838
726,-838
727,-838
728,-838
729,-839
730,-839
731,-839
732,-840
733,-841
734,-841
735,-841
736,-841
737,-841
738,-841
739,-841
740,-842
741,-842
742,-842
743,-842
744,-842
745,-842
746,-842
747,-843
748,-843
749,-843
750,-843
751,-843
752,-844
752,-845
753,-845
754,-845
755,-845
756,-845
757,-846
757,-847
758,-847
759,-847
760,-847
761,-847
762,-847
763,-847
764,-847
765,-847
766,-847
767,-847
768,-847
769,-848
770,-848
771,-848
772,-848
773,-849
774,-849
775,-849
776,-849
777,-849
778,-849
779,-849
780,-849
781,-849
782,-849
783,-849
784,-849
785,-849
786,-849
787,-849
788,-849
789,-849
790,-849
791,-849
792,-849
793,-849
794,-849
795,-849
796,-849
797,-849
798,-849
799,-849
800,-849
801,-849
802,-849
803,-849
804,-849
805,-849
806,-849
807,-849
808,-849
809,-849
810,-849
811,-849
812,-849
813,-849
814,-849
815,-849
816,-848
817,-848
818,-848
819,-847
820,-847
821,-847
822,-847
823,-847
824,-847
825,-847
826,-847
827,-846
828,-846
829,-846
830,-846
831,-846
832,-846
833,-846
834,-846
835,-845
836,-845
837,-845
838,-844
839,-844
840,-844
841,-843
842,-843
843,-843
844,-843
845,-843
846,-843
847,-843
848,-843
849,-842
850,-842
851,-842
852,-842
853,-841
854,-841
855,-840
856,-840
857,-840
858,-840
859,-839
860,-839
861,-839
862,-839
863,-839
864,-838
865,-838
866,-838
867,-837
868,-837
869,-837
870,-836
871,-836
872,-836
873,-835
874,-835
875,-835
876,-835
877,-835
878,-834
879,-834
880,-834
881,-833
882,-833
883,-833
884,-833
885,-833
886,-832
887,-832
888,-832
889,-832
890,-832
891,-831
892,-831
893,-831
894,-831
895,-831
896,-831
897,-831
898,-831
899,-830
900,-830
901,-830
902,-830
903,-830
904,-830
905,-829
906,-829
907,-828
908,-828
909,-828
910,-828
911,-828
912,-828
913,-827
914,-826
915,-826
916,-826
917,-826
918,-826
919,-825
920,-825
921,-824
922,-824
923,-824
924,-823
925,-823
926,-823
927,-823
928,-823
929,-822
930,-822
931,-821
932,-821
933,-821
934,-821
935,-821
936,-820
937,-820
938,-820
939,-820
940,-820
941,-820
941,-819
942,-818
943,-818
944,-818
945,-818
946,-818
947,-818
948,-818
949,-818
950,-818
951,-818
952,-818
953,-818
954,-818
955,-818
956,-818
957,-818
958,-818
959,-817
960,-817
961,-817
962,-817
963,-817
964,-816
965,-816
966,-816
967,-816
968,-816
969,-816
970,-816
971,-816
972,-815
973,-814
974,-814
975,-814
976,-813
977,-813
978,-812
979,-811
980,-811
981,-811
982,-811
982,-810
983,-809
984,-808
985,-807
986,-807
987,-807
988,-807
989,-807
989,-806
990,-805
991,-804
992,-804
993,-804
994,-803
995,-803
995,-802
995,-801
995,-800
996,-799
996,-798
996,-797
996,-796
996,-795
995,-794
995,-793
994,-792
994,-791
994,-790
994,-789
994,-788
994,-787
994,-786
994,-785
994,-784
993,-783
993,-782
992,-781
991,-780
990,-779
989,-778
989,-777
988,-777
987,-776
987,-775
986,-775
985,-774
984,-773
983,-772
982,-771
981,-770
980,-769
979,-768
978,-767
977,-766
976,-765
975,-764
974,-763
973,-763
972,-762
972,-761
971,-760
970,-760
969,-759
969,-758
968,-757
967,-757
966,-756
965,-755
964,-754
963,-754
962,-753
962,-752
961,-752
960,-751
959,-750
958,-750
957,-749
957,-748
956,-747
955,-747
954,-746
953,-745
953,-744
952,-744
951,-743
950,-742
949,-741
948,-741
947,-740
946,-739
945,-738
944,-737
943,-736
942,-736
941,-735
940,-735
939,-734
938,-733
937,-733
936,-732
935,-731
934,-730
933,-729
932,-728
931,-727
930,-727
929,-726
928,-726
927,-725
926,-724
925,-723
925,-722
924,-722
923,-722
922,-721
921,-720
920,-719
919,-718
918,-718
917,-717
916,-716
915,-715
914,-715
913,-714
912,-713
911,-712
910,-711
909,-711
908,-710
907,-709
906,-709
905,-708
904,-708
903,-707
902,-706
901,-706
900,-706
899,-705
899,-704
898,-704
897,-703
896,-702
895,-702
894,-701
893,-700
892,-700
891,-700
890,-699
890,-698
889,-698
888,-697
887,-697
886,-696
885,-696
884,-695
883,-694
883,-693
882,-693
881,-693
880,-692
879,-691
878,-691
877,-690
876,-690
875,-689
874,-689
873,-688
873,-687
872,-687
871,-687
870,-687
869,-686
869,-685
868,-685
867,-685
866,-684
865,-684
864,-683
863,-682
862,-682
861,-682
860,-682
859,-681
858,-680
857,-680
856,-679
855,-679
854,-679
853,-678
852,-678
851,-678
850,-677
849,-676
848,-676
847,-675
846,-675
845,-675
844,-675
843,-674
842,-674
841,-673
840,-673
839,-673
838,-673
837,-672
836,-672
835,-671
834,-671
833,-670
832,-670
831,-670
830,-670
829,-669
828,-669
827,-669
826,-668
825,-668
824,-667
823,-667
822,-667
821,-666
820,-666
819,-666
818,-665
817,-665
816,-664
815,-664
814,-664
813,-663
812,-663
811,-663
810,-662
809,-662
808,-662
807,-662
806,-662
805,-661
804,-661
803,-661
802,-660
801,-660
800,-660
799,-659
798,-659
797,-659
796,-659
795,-659
794,-658
793,-658
792,-658
791,-658
790,-657
789,-657
788,-657
787,-657
786,-657
785,-656
784,-656
783,-656
782,-656
781,-656
780,-656
779,-656
778,-655
777,-655
776,-655
775,-655
774,-655
773,-655
772,-655
771,-655
770,-655
769,-654
768,-654
767,-654
766,-654
765,-654
764,-654
763,-654
762,-654
761,-654
760,-653
759,-653
758,-653
757,-653
756,-653
755,-653
754,-653
753,-653
752,-653
751,-653
750,-653
749,-653
748,-653
747,-653
746,-653
745,-652
744,-652
743,-652
742,-652
741,-652
740,-652
739,-652
738,-652
737,-652
736,-652
735,-652
734,-652
733,-652
732,-652
731,-652
730,-652
729,-652
728,-652
727,-652
726,-652
725,-652
724,-652
723,-652
722,-652
721,-652
720,-652
719,-652
718,-652
717,-652
716,-652
715,-652
714,-652
713,-652
712,-652
711,-652
710,-652
709,-653
708,-653
707,-653
706,-653
705,-653
704,-653
703,-653
702,-653
701,-653
700,-653
699,-653
698,-653
697,-653
696,-653
695,-653
694,-654
693,-654
692,-654
691,-654
690,-654
689,-654
688,-654
687,-654
686,-655
685,-655
684,-655
683,-655
682,-655
681,-655
680,-655
679,-656
678,-656
677,-656
676,-657
675,-657
674,-657
673,-657
672,-657
671,-658
670,-658
669,-659
668,-659
667,-659
666,-660
665,-660
664,-660
663,-660
662,-661
661,-661
660,-661
659,-662
658,-662
657,-663
656,-663
655,-663
654,-663
654,-664
653,-665
652,-665
651,-666
650,-666
649,-666
648,-667
647,-667
646,-667
645,-668
644,-668
643,-668
642,-669
641,-670
640,-670
639,-671
638,-671
637,-671
636,-671
635,-672
634,-673
633,-674
632,-674
631,-674
630,-675
629,-675
628,-675
627,-676
626,-677
625,-677
624,-678
623,-678
622,-679
621,-679
620,-679
619,-679
618,-680
617,-680
616,-680
615,-680
615,-681
614,-682
613,-682
612,-682
611,-682
610,-683
609,-684
608,-684
607,-684
606,-685
605,-685
604,-686
603,-686
602,-686
601,-687
600,-687
599,-687
598,-687
597,-687
596,-688
595,-688
594,-688
593,-688
592,-688
591,-689
590,-689
589,-689
588,-689
587,-689
586,-689
585,-689
584,-689
583,-689
582,-689
581,-689
580,-689
579,-689
578,-689
577,-689
576,-690
575,-690
574,-690
573,-690
572,-690
571,-690
570,-690
569,-689
568,-689
567,-689
566,-689
565,-689
564,-689
563,-689
562,-689
561,-688
560,-688
559,-688
558,-688
557,-688
556,-688
555,-688
554,-688
553,-688
552,-688
551,-688
550,-688
549,-688
548,-688
547,-688
546,-688
545,-688
544,-688
543,-687
542,-687
541,-687
540,-687
539,-687
538,-686
537,-686
536,-686
535,-686
534,-685
533,-685
532,-685
531,-685
530,-685
529,-685
528,-685
527,-685
526,-685
525,-685
524,-685
523,-685
522,-685
521,-685
520,-685
519,-685
518,-685
517,-685
516,-685
515,-685
514,-685
514,-686
514,-687
514,-688
513,-689
513,-690
513,-691
513,-692
513,-693
513,-694
513,-695
513,-696
513,-697
513,-698
512,-699
511,-699
511,-700
511,-701
511,-702
510,-703
509,-703
509,-704
508,-705
508,-706
508,-707
507,-708
506,-708
