456,-826
456,-827
456,-828
456,-829
456,-830
457,-830
458,-831
459,-831
460,-831
461,-831
462,-831
463,-831
464,-831
465,-832
466,-832
467,-832
468,-832
469,-832
470,-832
471,-832
472,-832
473,-832
474,-832
475,-832
476,-832
477,-833
477,-834
477,-835
478,-835
479,-835
480,-835
481,-835
482,-835
483,-836
484,-836
485,-836
486,-836
487,-836
488,-837
489,-837
490,-837
491,-838
492,-838
493,-838
494,-839
495,-839
496,-839
497,-840
498,-841
499,-842
500,-842
501,-842
502,-842
503,-842
504,-842
505,-842
506,-843
507,-843
508,-843
509,-843
510,-843
511,-843
512,-843
513,-843
514,-843
515,-843
516,-844
516,-845
517,-845
518,-846
519,-847
520,-847
521,-847
522,-847
523,-847
524,-847
525,-847
526,-847
527,-847
528,-847
529,-848
530,-848
531,-848
532,-849
533,-849
534,-849
535,-850
536,-850
537,-850
538,-851
539,-851
540,-851
541,-851
542,-851
543,-851
544,-851
545,-851
546,-851
547,-851
548,-851
549,-851
550,-852
551,-852
552,-852
553,-852
554,-852
555,-852
556,-852
556,-851
557,-850
558,-849
559,-849
560,-849
561,-850
562,-850
563,-851
563,-852
563,-853
563,-854
563,-855
564,-855
565,-855
566,-855
567,-855
568,-855
569,-855
570,-856
571,-856
572,-856
573,-856
574,-856
575,-856
576,-857
577,-857
578,-857
579,-857
580,-857
581,-857
582,-857
583,-857
584,-857
585,-858
586,-858
587,-858
588,-858
589,-859
590,-859
591,-859
592,-859
593,-859
594,-859
595,-859
596,-859
597,-859
598,-859
599,-859
600,-859
601,-859
602,-859
603,-859
604,-859
605,-860
606,-860
607,-860
608,-860
609,-860
610,-860
611,-860
612,-860
613,-861
614,-861
615,-861
616,-861
617,-862
618,-862
619,-862
620,-862
621,-862
622,-862
623,-862
624,-862
625,-862
626,-863
627,-863
628,-863
629,-863
630,-863
631,-863
632,-863
633,-863
634,-863
635,-863
636,-863
637,-863
638,-863
639,-863
640,-863
641,-864
642,-864
643,-864
644,-864
645,-864
646,-864
647,-864
648,-864
649,-864
650,-865
651,-865
652,-865
653,-865
654,-865
655,-865
656,-865
657,-865
658,-865
659,-865
660,-865
661,-865
662,-865
663,-865
664,-865
665,-865
666,-865
667,-865
668,-865
669,-865
670,-865
671,-865
672,-865
673,-864
674,-864
675,-864
676,-864
677,-864
678,-864
679,-864
680,-864
681,-864
682,-864
683,-864
684,-864
685,-864
686,-864
687,-864
688,-863
689,-863
690,-863
691,-863
692,-863
693,-863
694,-863
695,-863
696,-863
697,-863
698,-863
699,-863
700,-863
701,-863
702,-863
703,-863
704,-863
705,-862
706,-862
707,-861
708,-861
709,-861
710,-861
711,-860
712,-860
713,-860
714,-860
715,-860
716,-859
717,-859
718,-859
719,-859
720,-859
721,-859
722,-859
723,-859
724,-859
725,-859
726,-859
727,-858
728,-858
729,-858
730,-857
731,-857
732,-857
733,-856
734,-856
735,-855
736,-855
737,-855
738,-855
739,-855
740,-855
741,-854
742,-854
743,-854
744,-854
745,-854
746,-854
747,-854
748,-854
748,-853
749,-852
750,-852
751,-852
752,-852
753,-851
754,-851
755,-851
756,-851
757,-851
758,-851
759,-850
760,-850
761,-849
762,-849
763,-848
764,-848
765,-847
766,-847
767,-847
768,-847
768,-846
769,-845
770,-845
771,-845
772,-845
773,-844
774,-844
775,-844
776,-843
777,-843
778,-843
779,-842
780,-842
781,-842
782,-842
783,-842
784,-842
785,-841
786,-840
787,-840
788,-840
788,-839
789,-838
790,-837
791,-837
792,-837
792,-836
792,-835
793,-834
794,-834
795,-834
796,-834
797,-834
798,-834
799,-834
800,-833
801,-833
802,-833
803,-833
803,-832
803,-831
804,-830
805,-830
806,-830
807,-830
808,-830
808,-829
808,-828
809,-827
810,-827
811,-827
811,-826
812,-825
813,-825
814,-825
815,-824
816,-824
817,-823
818,-823
819,-823
820,-823
820,-822
821,-821
822,-821
823,-820
824,-819
825,-819
826,-819
827,-818
828,-818
828,-817
829,-816
830,-816
831,-815
832,-815
833,-814
834,-814
835,-813
836,-812
837,-812
838,-812
839,-811
840,-810
841,-809
842,-809
843,-808
844,-807
844,-806
845,-805
846,-805
847,-805
847,-804
848,-803
849,-803
850,-802
850,-801
851,-800
852,-800
853,-799
853,-798
854,-797
855,-797
856,-796
857,-796
858,-796
859,-795
860,-794
861,-793
862,-792
862,-791
863,-790
864,-790
865,-789
866,-788
867,-787
868,-786
869,-786
870,-786
871,-785
871,-784
871,-783
871,-782
872,-781
872,-780
873,-779
874,-778
875,-777
876,-777
876,-776
877,-775
878,-774
879,-773
880,-773
880,-772
880,-771
881,-770
882,-769
883,-768
884,-767
884,-766
885,-765
886,-764
886,-763
887,-762
888,-761
889,-760
890,-759
891,-758
891,-757
892,-756
893,-756
893,-755
893,-754
894,-753
894,-752
895,-751
896,-750
896,-749
897,-748
898,-747
899,-746
899,-745
899,-744
900,-743
901,-743
902,-743
903,-742
904,-741
905,-741
906,-740
907,-740
908,-740
909,-740
910,-739
911,-739
911,-738
911,-737
912,-736
913,-735
914,-734
915,-733
915,-732
916,-731
917,-731
918,-731
919,-731
920,-730
921,-730
922,-729
923,-729
924,-729
925,-729
926,-729
927,-729
928,-729
929,-729
930,-729
931,-729
932,-729
933,-729
934,-730
935,-730
936,-730
937,-730
938,-730
939,-730
940,-730
941,-730
942,-730
943,-730
944,-730
945,-730
946,-730
947,-730
948,-730
949,-730
950,-730
951,-729
952,-729
953,-729
954,-729
955,-729
956,-729
957,-729
958,-729
959,-728
960,-728
961,-728
962,-727
963,-727
964,-727
965,-727
966,-727
967,-727
968,-727
969,-727
970,-727
971,-727
972,-727
973,-726
974,-726
975,-726
976,-725
977,-724
978,-724
979,-724
980,-725
981,-725
982,-725
983,-725
984,-725
985,-724
986,-723
987,-723
988,-723
989,-723
990,-723
991,-722
992,-722
993,-722
994,-722
995,-722
996,-722
997,-722
998,-721
999,-721
1000,-721
1001,-721
1002,-721
1003,-721
1004,-721
1005,-721
1006,-720
1007,-720
1008,-720
1009,-720
1010,-720
1011,-719
1012,-719
1013,-719
1014,-719
1015,-719
1016,-719
1017,-719
1018,-718
1019,-718
1020,-718
1021,-718
1022,-719
1023,-719
1024,-719
1025,-719
1026,-719
1027,-718
1028,-718
1029,-718
1030,-718
1031,-718
1031,-717
1032,-716
1033,-716
1034,-716
1035,-716
1036,-716
1036,-715
1037,-714
1038,-713
1039,-713
1040,-713
1041,-713
1042,-713
1043,-712
1044,-712
1044,-711
1044,-710
1044,-709
1044,-708
1044,-707
1044,-706
1044,-705
1044,-704
1044,-703
1044,-702
1044,-701
1044,-700
1044,-699
1044,-698
1044,-697
1044,-696
1044,-695
1043,-695
1042,-694
1042,-693
1042,-692
1042,-691
1042,-690
1042,-689
1043,-688
1043,-687
1044,-686
1045,-686
1045,-685
1045,-684
1045,-683
1045,-682
1044,-681
1043,-680
1043,-679
1042,-679
1041,-678
1041,-677
1041,-676
1041,-675
1041,-674
1041,-673
1041,-672
1041,-671
1040,-670
1040,-669
1040,-668
1041,-667
1041,-666
1041,-665
1041,-664
1041,-663
1040,-662
1040,-661
1039,-661
1038,-660
1037,-659
1037,-658
1036,-657
1035,-656
1035,-655
1035,-654
1034,-653
1033,-652
1032,-652
1031,-652
1030,-652
1029,-652
1028,-652
1027,-652
1026,-652
1025,-653
1024,-653
1023,-653
1022,-654
1021,-654
1020,-654
1019,-654
1018,-654
1017,-654
1016,-655
1015,-655
1014,-655
1013,-655
1012,-656
1011,-656
1010,-656
1009,-656
1008,-656
1007,-656
1006,-656
1005,-657
1004,-657
1003,-658
1002,-658
1001,-658
1000,-658
999,-658
998,-658
997,-659
996,-659
995,-660
994,-660
993,-660
992,-660
991,-661
990,-661
989,-661
988,-661
987,-661
986,-661
985,-661
984,-661
983,-661
982,-662
981,-662
980,-662
979,-662
978,-662
977,-662
976,-663
975,-663
974,-663
973,-664
972,-664
971,-664
970,-664
969,-664
968,-664
967,-665
966,-665
965,-665
964,-665
963,-665
962,-665
961,-665
960,-665
959,-666
958,-666
957,-666
956,-666
955,-666
954,-666
953,-667
952,-667
951,-667
950,-667
949,-667
948,-668
947,-668
946,-668
945,-668
944,-668
943,-668
942,-668
941,-668
940,-668
939,-668
938,-668
937,-668
936,-668
935,-669
934,-669
933,-669
932,-669
931,-669
930,-669
929,-669
928,-669
927,-669
926,-670
925,-670
924,-670
923,-671
922,-671
921,-671
920,-671
919,-671
918,-671
917,-671
916,-671
915,-671
914,-671
913,-671
912,-670
911,-670
910,-670
909,-670
908,-669
907,-669
906,-669
905,-669
904,-669
903,-668
902,-668
901,-668
900,-668
899,-668
898,-667
897,-667
896,-667
895,-667
894,-667
893,-667
892,-666
891,-666
890,-665
889,-664
888,-664
887,-664
886,-663
885,-663
884,-662
883,-662
882,-662
881,-662
880,-661
879,-661
878,-660
877,-659
876,-659
875,-659
874,-659
873,-658
872,-658
871,-657
870,-657
869,-657
868,-656
867,-656
866,-655
865,-655
864,-655
863,-655
862,-654
861,-653
860,-653
859,-652
858,-652
857,-652
856,-651
855,-651
854,-651
853,-650
852,-650
851,-650
850,-649
849,-649
848,-648
847,-648
846,-648
845,-648
844,-647
843,-647
842,-646
841,-646
840,-646
839,-646
838,-646
837,-645
836,-645
835,-645
834,-644
833,-644
832,-643
831,-643
830,-643
829,-643
828,-642
827,-642
826,-642
825,-642
824,-642
823,-642
822,-641
821,-641
820,-641
819,-641
818,-640
817,-640
816,-640
815,-640
814,-640
813,-639
812,-639
811,-639
810,-639
809,-639
808,-639
807,-639
806,-638
805,-638
804,-638
803,-638
802,-638
801,-638
800,-638
799,-638
798,-638
797,-638
796,-638
795,-637
794,-637
793,-637
792,-637
791,-637
790,-637
789,-637
788,-637
787,-637
786,-637
785,-637
784,-637
783,-637
782,-637
781,-637
780,-637
779,-637
778,-637
777,-637
776,-637
775,-637
774,-637
773,-637
772,-638
771,-638
770,-638
769,-638
768,-638
767,-638
766,-638
765,-638
764,-639
763,-639
762,-639
761,-639
760,-639
759,-639
758,-639
757,-639
756,-639
755,-639
754,-639
753,-639
752,-639
751,-639
750,-639
749,-639
748,-639
747,-640
746,-640
745,-640
744,-640
743,-640
742,-640
741,-640
740,-640
739,-640
738,-640
737,-641
736,-641
735,-641
734,-642
733,-642
732,-642
731,-642
730,-642
729,-642
728,-642
727,-643
726,-643
725,-643
724,-643
723,-643
722,-643
721,-643
720,-643
719,-644
718,-644
717,-644
716,-644
715,-644
714,-645
713,-645
712,-645
711,-645
710,-645
709,-645
708,-646
707,-646
706,-647
705,-647
704,-647
703,-647
702,-647
701,-647
700,-648
699,-648
698,-649
697,-649
696,-649
695,-649
694,-650
693,-650
692,-650
691,-650
690,-651
689,-651
688,-651
687,-651
686,-651
685,-652
684,-652
684,-653
683,-654
682,-654
681,-654
680,-654
679,-654
678,-654
677,-654
676,-655
675,-655
674,-655
673,-656
672,-656
671,-656
670,-657
669,-657
668,-658
667,-658
666,-658
665,-659
664,-659
663,-659
662,-660
661,-660
660,-660
659,-661
658,-661
657,-661
656,-662
655,-662
654,-663
653,-663
652,-664
651,-664
650,-664
649,-665
648,-665
647,-666
646,-666
645,-666
644,-667
643,-667
642,-668
641,-668
640,-669
639,-669
638,-670
637,-670
636,-671
635,-671
634,-671
633,-672
632,-672
631,-673
630,-674
629,-674
628,-674
627,-675
626,-675
625,-676
624,-676
623,-677
622,-678
621,-678
620,-679
619,-680
618,-680
617,-680
616,-681
615,-681
614,-682
613,-683
612,-684
611,-684
610,-685
609,-685
608,-686
607,-686
606,-687
605,-687
604,-688
603,-689
602,-690
601,-690
600,-691
599,-691
598,-692
597,-693
596,-693
595,-694
594,-695
593,-695
592,-695
591,-696
590,-696
589,-697
588,-698
587,-699
586,-699
585,-700
584,-700
583,-701
582,-702
581,-702
580,-703
579,-703
578,-704
577,-704
576,-705
575,-706
574,-706
573,-707
572,-708
571,-708
570,-709
569,-710
568,-710
567,-711
566,-711
566,-712
565,-713
565,-714
564,-715
563,-715
562,-715
561,-715
560,-716
559,-717
558,-718
557,-718
556,-719
555,-720
554,-721
553,-722
552,-722
551,-723
550,-724
549,-725
548,-726
547,-726
546,-727
545,-728
544,-729
543,-730
542,-731
541,-732
540,-732
540,-733
539,-734
538,-734
537,-735
536,-736
535,-737
534,-738
533,-739
532,-740
531,-741
530,-742
529,-743
528,-744
527,-745
526,-746
525,-747
524,-748
523,-749
522,-750
521,-751
520,-752
519,-753
518,-754
517,-755
516,-756
515,-757
514,-758
513,-759
512,-760
511,-761
510,-762
509,-763
509,-764
508,-765
507,-765
507,-766
506,-767
505,-768
504,-769
503,-770
502,-771
501,-771
501,-772
500,-773
499,-773
498,-774
497,-775
496,-776
495,-777
494,-778
493,-779
492,-780
491,-781
490,-782
489,-783
488,-784
487,-785
486,-786
486,-787
485,-788
484,-789
483,-790
482,-791
481,-792
481,-793
480,-794
479,-794
478,-795
477,-796
476,-797
475,-798
474,-799
473,-800
472,-800
472,-801
471,-802
470,-803
469,-803
469,-804
468,-805
467,-805
467,-806
466,-807
465,-808
464,-809
463,-810
462,-811
461,-812
461,-813
460,-814
460,-815
460,-816
460,-817
460,-818
460,-819
460,-820
460,-821
459,-822
458,-823
457,-824
457,-825
456,-826
