532,-531
532,-532
532,-533
532,-534
532,-535
533,-535
534,-535
535,-535
536,-536
537,-537
537,-538
537,-539
538,-540
538,-541
539,-542
540,-543
541,-544
542,-544
543,-544
544,-545
544,-546
545,-547
545,-548
546,-548
547,-549
547,-550
548,-550
549,-551
550,-552
550,-553
550,-554
551,-554
552,-554
553,-555
554,-556
555,-556
556,-557
557,-558
558,-559
559,-559
560,-560
561,-560
562,-561
563,-562
564,-563
565,-564
566,-565
567,-566
568,-567
569,-567
570,-568
570,-569
571,-570
572,-571
573,-571
574,-571
575,-572
576,-573
577,-574
577,-575
578,-575
579,-576
579,-577
580,-577
581,-578
582,-579
582,-580
582,-581
583,-582
584,-582
585,-583
586,-584
587,-585
588,-586
589,-587
590,-588
591,-589
592,-590
593,-591
593,-592
593,-593
594,-594
595,-594
596,-594
597,-595
597,-596
598,-597
599,-597
600,-598
600,-599
601,-600
601,-601
602,-601
603,-602
604,-603
605,-604
605,-605
606,-606
607,-607
608,-608
609,-609
610,-610
610,-611
611,-612
612,-613
613,-614
614,-615
614,-616
615,-616
616,-617
617,-618
618,-619
619,-620
619,-621
619,-622
620,-622
621,-622
622,-623
623,-624
623,-625
624,-626
624,-627
624,-628
625,-628
626,-628
627,-629
627,-630
627,-631
627,-632
627,-633
628,-633
629,-634
629,-635
629,-636
629,-637
629,-638
629,-639
629,-640
630,-640
631,-640
632,-641
633,-642
634,-643
635,-644
636,-645
636,-646
637,-646
638,-646
639,-647
639,-648
639,-649
639,-650
639,-651
639,-652
639,-653
640,-653
641,-653
642,-654
642,-655
642,-656
642,-657
643,-657
644,-657
645,-658
645,-659
645,-660
646,-661
646,-662
646,-663
646,-664
646,-665
647,-665
648,-665
649,-665
650,-666
650,-667
650,-668
650,-669
650,-670
650,-671
651,-672
651,-673
651,-674
651,-675
651,-676
651,-677
652,-677
653,-677
654,-677
655,-677
656,-677
657,-678
657,-679
657,-680
657,-681
657,-682
657,-683
657,-684
657,-685
657,-686
657,-687
657,-688
657,-689
657,-690
657,-691
657,-692
657,-693
657,-694
657,-695
657,-696
657,-697
657,-698
657,-699
657,-700
657,-701
657,-702
657,-703
657,-704
657,-705
657,-706
657,-707
657,-708
657,-709
657,-710
657,-711
657,-712
657,-713
657,-714
657,-715
657,-716
657,-717
658,-718
658,-719
658,-720
658,-721
658,-722
658,-723
658,-724
658,-725
658,-726
658,-727
658,-728
658,-729
659,-730
659,-731
659,-732
659,-733
659,-734
659,-735
659,-736
659,-737
659,-738
659,-739
660,-740
660,-741
660,-742
660,-743
661,-744
661,-745
661,-746
661,-747
662,-747
663,-747
664,-748
664,-749
664,-750
664,-751
664,-752
664,-753
664,-754
664,-755
664,-756
664,-757
664,-758
664,-759
665,-760
665,-761
665,-762
666,-763
666,-764
666,-765
666,-766
667,-766
668,-767
668,-768
668,-769
668,-770
669,-771
669,-772
669,-773
669,-774
670,-775
670,-776
670,-777
670,-778
671,-779
671,-780
671,-781
672,-782
673,-783
673,-784
673,-785
674,-786
675,-787
675,-788
675,-789
675,-790
676,-791
676,-792
676,-793
677,-794
677,-795
678,-796
679,-797
679,-798
680,-799
680,-800
680,-801
680,-802
681,-802
682,-803
682,-804
682,-805
683,-806
683,-807
684,-808
685,-809
685,-810
685,-811
685,-812
686,-813
687,-814
688,-815
688,-816
688,-817
688,-818
689,-819
690,-820
690,-821
691,-822
692,-823
692,-824
692,-825
693,-826
693,-827
694,-828
695,-829
695,-830
696,-831
697,-832
697,-833
697,-834
697,-835
697,-836
698,-836
699,-836
700,-837
701,-838
701,-839
701,-840
701,-841
702,-841
703,-842
704,-842
705,-843
705,-844
705,-845
706,-846
706,-847
706,-848
707,-848
708,-849
709,-850
709,-851
710,-851
711,-852
711,-853
712,-854
712,-855
713,-855
714,-856
714,-857
715,-858
715,-859
715,-860
716,-860
717,-861
718,-862
719,-863
720,-864
720,-865
720,-866
721,-867
722,-867
723,-868
723,-869
724,-869
725,-870
725,-871
725,-872
726,-873
727,-874
728,-875
729,-876
730,-877
731,-878
732,-879
733,-879
734,-880
735,-881
736,-882
736,-883
737,-884
738,-884
739,-885
740,-885
741,-886
742,-887
743,-888
744,-889
745,-890
746,-891
747,-891
748,-892
749,-893
750,-894
751,-894
752,-895
752,-896
753,-897
754,-898
754,-899
755,-899
756,-900
757,-901
758,-901
759,-902
760,-903
761,-904
762,-905
763,-905
764,-906
765,-907
766,-907
767,-908
768,-909
769,-910
770,-911
770,-912
771,-913
772,-914
773,-914
774,-914
775,-914
776,-915
777,-916
778,-916
779,-916
780,-917
781,-918
782,-918
783,-919
784,-919
785,-920
785,-921
786,-921
787,-922
788,-923
789,-923
790,-923
791,-924
792,-924
793,-924
794,-924
795,-925
795,-926
795,-927
795,-928
796,-928
797,-929
798,-929
799,-929
800,-930
801,-930
802,-931
803,-932
803,-933
804,-933
805,-934
805,-935
806,-935
807,-935
808,-935
809,-935
810,-936
810,-937
811,-937
812,-938
813,-938
814,-938
815,-939
816,-940
816,-941
817,-942
818,-943
819,-943
820,-943
821,-943
822,-943
823,-944
824,-944
825,-945
826,-946
827,-946
828,-947
829,-947
830,-947
831,-948
832,-949
833,-949
834,-950
835,-951
836,-951
837,-951
838,-951
839,-951
840,-951
841,-951
842,-952
843,-952
844,-953
845,-953
846,-953
847,-954
847,-955
848,-955
849,-955
850,-955
851,-956
852,-956
853,-956
854,-956
855,-956
856,-956
857,-957
858,-957
859,-957
860,-957
861,-958
862,-958
863,-959
864,-960
865,-960
866,-960
867,-960
868,-961
869,-961
870,-962
871,-962
872,-962
873,-963
874,-964
875,-964
876,-964
877,-965
878,-965
879,-965
880,-966
881,-966
882,-966
883,-966
884,-967
885,-967
886,-967
887,-967
888,-968
889,-968
890,-969
891,-969
892,-969
893,-969
894,-969
895,-970
896,-970
897,-971
898,-971
899,-972
900,-972
901,-972
902,-972
903,-973
904,-973
905,-974
905,-975
906,-975
907,-976
908,-976
909,-976
910,-976
911,-977
912,-978
913,-978
914,-978
915,-978
916,-979
917,-979
918,-980
919,-980
920,-980
921,-980
922,-981
923,-982
924,-983
925,-983
926,-983
927,-983
928,-983
929,-984
930,-984
931,-984
932,-984
933,-984
934,-984
935,-985
936,-985
937,-985
938,-985
939,-985
940,-986
941,-986
942,-986
943,-986
944,-987
945,-987
946,-987
947,-988
948,-988
949,-988
950,-988
951,-988
952,-989
953,-989
954,-990
955,-990
956,-990
957,-990
958,-990
959,-989
960,-989
961,-989
962,-989
963,-989
964,-989
965,-988
966,-988
967,-988
968,-988
969,-987
969,-986
969,-985
969,-984
969,-983
969,-982
969,-981
969,-980
969,-979
969,-978
969,-977
969,-976
969,-975
969,-974
969,-973
969,-972
969,-971
969,-970
969,-969
968,-968
968,-967
968,-966
968,-965
967,-964
967,-963
967,-962
966,-961
966,-960
966,-959
966,-958
965,-957
965,-956
965,-955
965,-954
965,-953
965,-952
965,-951
965,-950
964,-949
964,-948
964,-947
963,-946
963,-945
963,-944
963,-943
962,-942
962,-941
961,-940
961,-939
961,-938
961,-937
960,-936
960,-935
960,-934
960,-933
960,-932
959,-931
959,-930
959,-929
959,-928
959,-927
959,-926
958,-925
958,-924
957,-923
957,-922
957,-921
957,-920
957,-919
957,-918
956,-917
956,-916
956,-915
955,-914
955,-913
955,-912
954,-911
954,-910
954,-909
954,-908
954,-907
953,-906
953,-905
953,-904
953,-903
952,-902
952,-901
951,-900
951,-899
950,-898
950,-897
950,-896
950,-895
950,-894
950,-893
950,-892
950,-891
949,-890
949,-889
949,-888
948,-887
948,-886
948,-885
948,-884
947,-883
947,-882
947,-881
947,-880
946,-879
946,-878
946,-877
945,-876
945,-875
945,-874
945,-873
944,-872
944,-871
944,-870
944,-869
943,-868
943,-867
943,-866
943,-865
943,-864
943,-863
942,-862
941,-861
941,-860
941,-859
941,-858
941,-857
941,-856
940,-855
940,-854
939,-853
939,-852
938,-851
938,-850
937,-849
937,-848
937,-847
937,-846
936,-845
936,-844
936,-843
935,-842
934,-841
934,-840
934,-839
933,-838
933,-837
933,-836
933,-835
933,-834
933,-833
932,-832
932,-831
932,-830
931,-829
931,-828
931,-827
931,-826
930,-825
930,-824
930,-823
929,-822
928,-821
928,-820
928,-819
928,-818
927,-817
927,-816
927,-815
927,-814
926,-813
926,-812
925,-811
925,-810
924,-809
924,-808
924,-807
923,-806
923,-805
922,-804
921,-803
921,-802
921,-801
921,-800
921,-799
920,-798
919,-797
919,-796
919,-795
918,-794
918,-793
917,-792
917,-791
916,-790
916,-789
915,-788
915,-787
914,-786
914,-785
913,-784
913,-783
912,-782
912,-781
911,-780
911,-779
910,-778
909,-777
909,-776
908,-775
908,-774
907,-773
907,-772
906,-771
906,-770
905,-769
905,-768
904,-767
903,-766
903,-765
902,-764
901,-763
901,-762
900,-761
899,-760
898,-759
898,-758
897,-757
897,-756
897,-755
896,-755
895,-754
894,-753
894,-752
893,-751
892,-750
892,-749
891,-748
891,-747
890,-747
889,-746
889,-745
888,-744
888,-743
887,-742
886,-741
885,-740
885,-739
884,-738
883,-737
883,-736
882,-735
881,-734
880,-733
879,-732
879,-731
878,-730
877,-729
876,-728
876,-727
875,-726
874,-725
873,-724
872,-723
871,-722
870,-721
869,-720
868,-719
868,-718
867,-717
866,-716
865,-715
864,-714
863,-713
862,-712
862,-711
861,-710
860,-710
859,-709
858,-708
857,-707
856,-706
855,-705
855,-704
854,-704
853,-703
853,-702
852,-702
851,-701
851,-700
850,-700
849,-699
848,-699
847,-698
846,-698
845,-697
845,-696
844,-695
843,-694
842,-693
841,-692
840,-692
839,-691
838,-690
837,-689
836,-689
835,-688
834,-687
833,-686
832,-686
831,-685
830,-684
829,-684
828,-683
827,-682
826,-682
825,-681
824,-680
823,-680
822,-679
821,-679
820,-678
819,-677
818,-677
817,-676
816,-675
815,-674
814,-674
813,-673
812,-672
811,-672
810,-672
809,-671
808,-670
807,-669
806,-668
805,-667
804,-667
803,-667
802,-666
801,-665
800,-665
799,-664
798,-664
797,-663
796,-663
795,-662
794,-662
793,-661
792,-660
791,-660
790,-660
789,-659
788,-658
787,-658
786,-657
785,-657
784,-656
783,-656
782,-655
781,-655
780,-654
779,-654
778,-654
777,-654
776,-653
775,-653
774,-653
773,-652
772,-652
771,-651
770,-651
769,-651
768,-650
767,-650
766,-649
765,-649
764,-649
763,-648
762,-648
761,-648
760,-648
759,-647
758,-647
757,-647
756,-647
755,-646
754,-646
753,-646
752,-646
751,-645
750,-645
749,-645
748,-645
747,-645
746,-645
745,-644
744,-644
743,-644
742,-644
741,-644
740,-644
739,-643
738,-643
737,-643
736,-643
735,-643
734,-643
733,-643
732,-643
731,-643
730,-643
729,-643
728,-643
727,-643
726,-643
725,-643
724,-642
723,-642
722,-642
721,-642
720,-642
719,-642
718,-642
717,-642
716,-642
715,-641
714,-641
713,-641
712,-641
711,-641
710,-641
709,-641
708,-641
707,-641
706,-641
705,-641
704,-641
703,-641
702,-641
701,-640
700,-640
699,-640
698,-640
697,-639
696,-639
695,-638
694,-638
693,-638
692,-637
692,-636
692,-635
692,-634
691,-633
690,-632
690,-631
689,-631
688,-630
687,-629
686,-628
685,-627
684,-627
683,-626
682,-625
682,-624
681,-623
680,-623
679,-622
678,-622
677,-621
676,-620
676,-619
675,-618
674,-617
673,-616
672,-616
671,-615
670,-614
669,-613
668,-612
667,-612
666,-611
666,-610
665,-610
664,-609
663,-608
662,-607
661,-606
660,-605
659,-604
658,-604
657,-603
656,-602
655,-601
654,-600
653,-599
652,-599
651,-598
650,-597
649,-596
648,-595
647,-594
646,-593
645,-592
644,-592
643,-591
642,-590
641,-589
640,-589
639,-588
639,-587
638,-587
637,-586
636,-585
635,-584
634,-583
633,-582
632,-582
631,-581
630,-580
629,-579
628,-579
627,-578
627,-577
626,-577
625,-576
625,-575
624,-575
623,-574
622,-573
621,-572
620,-571
619,-570
618,-569
617,-568
616,-567
615,-566
614,-565
613,-564
612,-564
611,-563
610,-562
609,-561
608,-560
607,-559
606,-558
605,-557
604,-556
603,-555
602,-554
601,-553
600,-552
599,-551
598,-550
597,-549
596,-548
595,-547
594,-547
593,-546
593,-545
592,-545
591,-544
590,-543
590,-542
589,-541
588,-540
587,-539
586,-538
585,-537
584,-536
583,-535
582,-534
581,-533
581,-532
580,-531
579,-530
578,-529
577,-528
576,-527
576,-526
575,-525
574,-525
573,-524
573,-523
572,-522
571,-521
570,-520
569,-519
568,-518
567,-517
566,-517
565,-516
564,-515
563,-514
562,-513
561,-513
560,-513
559,-513
558,-513
557,-513
557,-514
557,-515
556,-516
555,-516
554,-516
553,-515
552,-515
551,-514
550,-514
549,-513
548,-512
547,-512
546,-512
545,-512
544,-512
544,-513
543,-514
542,-515
541,-515
540,-516
539,-517
538,-518
537,-519
536,-519
535,-520
535,-521
535,-522
535,-523
535,-524
535,-525
534,-526
534,-527
534,-528
534,-529
534,-530
533,-531
532,-531
