566,-753
566,-754
566,-755
566,-756
566,-757
566,-758
567,-758
568,-758
569,-758
570,-758
571,-759
571,-760
572,-761
573,-761
574,-761
575,-762
576,-762
577,-763
578,-763
579,-764
580,-764
581,-764
582,-764
583,-765
584,-766
585,-766
586,-767
586,-768
587,-769
588,-769
589,-770
590,-770
591,-771
592,-771
593,-771
594,-772
595,-772
596,-772
597,-773
598,-773
599,-774
600,-774
601,-774
602,-775
603,-775
604,-776
605,-776
606,-776
607,-777
608,-778
609,-778
610,-779
610,-780
611,-780
612,-781
613,-781
614,-781
615,-782
616,-783
617,-783
618,-783
619,-783
620,-783
621,-784
622,-785
623,-785
624,-785
625,-785
626,-785
627,-785
628,-785
629,-786
630,-787
630,-788
631,-788
632,-788
633,-789
633,-790
634,-790
635,-791
636,-791
637,-792
638,-792
639,-793
640,-793
641,-793
642,-793
643,-793
644,-793
645,-794
646,-795
646,-796
647,-797
648,-798
649,-798
650,-798
651,-799
652,-799
653,-800
654,-800
655,-801
656,-801
657,-802
658,-802
659,-802
660,-802
661,-802
662,-803
663,-803
664,-803
665,-804
666,-804
667,-804
668,-804
669,-804
670,-804
671,-804
672,-805
673,-805
674,-805
675,-806
676,-806
677,-806
678,-806
679,-807
680,-807
681,-807
682,-807
683,-808
684,-808
685,-808
686,-808
687,-808
688,-808
689,-808
690,-808
691,-809
692,-809
693,-809
694,-809
695,-809
696,-809
697,-809
698,-809
699,-810
700,-810
701,-810
702,-810
703,-810
704,-810
705,-811
706,-811
707,-811
708,-811
709,-811
710,-811
711,-811
712,-811
713,-811
714,-811
715,-811
716,-811
717,-811
718,-811
719,-811
720,-811
721,-811
722,-811
723,-811
724,-811
725,-811
726,-811
727,-811
728,-811
729,-811
730,-811
731,-811
732,-811
733,-810
734,-810
735,-810
736,-810
737,-810
738,-810
739,-810
740,-810
741,-809
742,-809
743,-809
744,-809
745,-809
746,-809
747,-809
748,-809
749,-809
750,-808
751,-808
752,-808
753,-807
754,-807
755,-807
756,-807
757,-807
758,-807
759,-807
760,-807
761,-807
762,-807
763,-806
764,-806
765,-806
766,-806
767,-805
768,-805
769,-804
770,-804
771,-804
771,-803
772,-802
773,-802
774,-802
775,-802
776,-802
777,-802
778,-802
779,-801
780,-801
781,-800
782,-800
783,-799
784,-799
785,-798
786,-798
787,-798
788,-797
789,-796
790,-795
791,-794
792,-793
793,-793
794,-792
795,-792
796,-791
797,-790
798,-790
799,-790
800,-789
801,-789
802,-788
803,-787
804,-786
805,-786
806,-786
807,-785
808,-785
809,-784
810,-784
811,-783
812,-782
813,-782
814,-781
815,-781
816,-781
817,-780
818,-779
819,-779
820,-778
821,-778
822,-778
823,-778
824,-777
825,-777
826,-777
827,-776
828,-776
829,-776
830,-776
831,-776
832,-775
833,-775
834,-775
835,-775
836,-775
837,-775
838,-775
839,-775
840,-775
841,-775
842,-775
843,-775
844,-775
845,-775
846,-775
847,-775
848,-775
849,-775
850,-775
851,-776
852,-776
853,-776
854,-776
855,-776
856,-777
857,-777
858,-777
859,-777
860,-777
861,-777
862,-777
863,-777
864,-778
865,-778
866,-778
867,-779
868,-779
869,-779
870,-779
871,-779
872,-779
873,-779
874,-780
875,-781
876,-781
877,-781
878,-781
879,-781
880,-781
881,-781
882,-781
883,-781
884,-781
885,-781
886,-781
887,-781
888,-782
889,-782
890,-782
891,-782
892,-783
893,-783
894,-783
895,-783
896,-783
897,-783
898,-783
899,-782
900,-782
901,-782
902,-782
903,-782
904,-782
905,-782
906,-782
907,-782
908,-782
909,-782
910,-782
911,-782
912,-782
913,-782
914,-782
915,-781
916,-780
917,-779
918,-779
919,-779
920,-778
921,-778
922,-778
923,-778
924,-778
924,-777
924,-776
925,-775
926,-775
927,-774
928,-773
929,-773
930,-773
931,-772
932,-772
933,-772
934,-771
935,-771
935,-770
935,-769
935,-768
935,-767
934,-767
933,-767
932,-766
931,-766
930,-766
929,-766
928,-766
927,-766
926,-766
925,-765
924,-765
923,-765
922,-765
921,-765
920,-765
919,-765
918,-766
917,-766
916,-767
915,-767
914,-767
913,-767
912,-767
911,-767
910,-768
909,-768
908,-768
907,-768
906,-768
905,-768
904,-767
904,-766
904,-765
904,-764
904,-763
903,-763
902,-763
901,-762
901,-761
901,-760
901,-759
900,-759
899,-759
898,-758
897,-757
897,-756
897,-755
898,-754
899,-754
900,-754
900,-753
900,-752
900,-751
900,-750
900,-749
899,-749
898,-749
897,-748
896,-748
895,-747
894,-746
893,-746
892,-746
891,-746
890,-746
889,-746
888,-746
887,-746
886,-746
885,-745
884,-745
883,-745
882,-745
881,-745
880,-745
879,-745
878,-745
877,-745
876,-745
875,-745
874,-745
873,-745
872,-745
871,-745
870,-745
869,-745
868,-745
867,-745
866,-745
865,-745
864,-744
863,-744
862,-744
861,-744
860,-743
859,-743
858,-743
857,-743
856,-743
855,-743
854,-743
853,-743
852,-743
851,-743
850,-743
849,-743
848,-742
847,-742
846,-742
845,-742
844,-742
843,-742
842,-742
841,-742
840,-741
839,-741
838,-741
837,-741
836,-741
835,-741
834,-740
833,-740
832,-740
831,-740
830,-739
829,-739
828,-738
827,-738
826,-738
825,-738
824,-737
823,-737
822,-736
821,-735
820,-735
819,-735
818,-734
817,-733
816,-732
815,-731
814,-731
813,-730
812,-729
811,-728
810,-728
809,-727
808,-726
808,-725
807,-725
806,-724
805,-723
805,-722
804,-722
803,-721
802,-720
801,-719
800,-718
799,-718
798,-717
797,-717
796,-716
795,-715
794,-714
793,-714
792,-713
791,-712
790,-711
789,-710
788,-710
787,-709
786,-709
785,-708
784,-708
783,-707
782,-706
781,-706
780,-706
779,-705
778,-705
777,-704
776,-704
775,-703
774,-703
773,-702
772,-702
771,-701
770,-701
769,-701
768,-701
767,-700
766,-699
765,-699
764,-698
763,-698
762,-698
761,-698
760,-697
759,-697
758,-697
757,-697
756,-696
755,-696
754,-696
753,-695
752,-695
751,-695
750,-695
749,-695
748,-694
747,-694
746,-694
745,-693
744,-693
743,-693
742,-693
741,-692
740,-692
739,-692
738,-692
737,-692
736,-692
735,-692
734,-692
733,-692
732,-692
731,-691
730,-690
729,-690
728,-690
727,-690
726,-690
725,-690
724,-690
723,-690
722,-690
721,-690
720,-690
719,-691
718,-691
717,-691
716,-690
715,-690
714,-690
713,-690
712,-690
711,-690
710,-690
709,-690
708,-690
707,-690
706,-690
705,-690
704,-691
703,-691
702,-691
701,-691
700,-691
699,-691
698,-691
697,-691
696,-691
695,-692
694,-692
693,-692
692,-692
691,-692
690,-692
689,-692
688,-692
687,-692
686,-692
685,-692
684,-692
683,-692
682,-693
681,-693
680,-693
679,-694
678,-694
677,-694
676,-694
675,-694
674,-694
673,-695
672,-695
671,-695
670,-695
669,-695
668,-695
667,-695
666,-696
665,-696
664,-696
663,-697
662,-698
661,-698
660,-698
659,-698
658,-698
657,-698
656,-698
655,-698
654,-698
653,-698
652,-699
651,-699
650,-699
649,-700
648,-700
647,-700
646,-701
645,-701
644,-701
643,-702
642,-702
641,-702
640,-702
639,-702
638,-703
637,-703
636,-704
635,-704
634,-705
633,-705
632,-705
631,-705
630,-706
629,-706
628,-707
627,-707
626,-707
625,-708
624,-708
623,-709
622,-709
621,-709
620,-710
619,-710
618,-710
617,-711
616,-712
615,-712
614,-712
613,-713
612,-713
611,-714
610,-714
609,-715
608,-715
607,-716
606,-716
605,-716
604,-717
603,-717
602,-718
601,-718
600,-719
599,-720
598,-720
597,-720
596,-721
595,-722
594,-723
593,-723
592,-724
591,-724
590,-725
589,-725
589,-726
588,-727
587,-727
586,-728
585,-729
584,-729
583,-730
582,-731
581,-732
580,-732
579,-733
578,-733
578,-734
577,-735
576,-735
575,-736
574,-737
573,-738
572,-739
571,-740
571,-741
571,-742
571,-743
571,-744
572,-745
572,-746
572,-747
572,-748
572,-749
571,-750
570,-750
569,-750
568,-751
567,-752
566,-753
