447,-769
447,-770
447,-771
447,-772
447,-773
447,-774
448,-775
449,-775
450,-775
451,-775
452,-775
453,-775
454,-775
455,-775
456,-775
457,-776
457,-777
458,-778
458,-779
458,-780
458,-781
458,-782
458,-783
458,-784
457,-785
456,-785
455,-785
454,-785
453,-785
452,-785
452,-786
452,-787
452,-788
452,-789
453,-789
454,-789
455,-789
456,-789
457,-789
458,-789
459,-790
460,-790
461,-790
462,-791
463,-791
464,-791
465,-791
466,-791
467,-791
468,-791
469,-791
470,-791
471,-791
472,-791
473,-791
474,-791
475,-790
476,-790
477,-790
478,-790
479,-790
480,-790
481,-789
482,-789
483,-789
484,-789
485,-789
486,-789
487,-788
488,-788
489,-788
490,-788
491,-788
492,-788
493,-788
494,-788
495,-788
496,-787
497,-787
498,-787
499,-787
500,-787
501,-787
502,-787
503,-787
504,-787
505,-787
506,-787
507,-786
508,-786
509,-786
510,-786
511,-786
512,-786
513,-785
514,-785
515,-785
516,-785
517,-785
518,-785
519,-784
520,-784
521,-784
522,-784
523,-784
524,-784
525,-784
526,-784
527,-783
528,-783
529,-783
530,-783
531,-783
532,-783
533,-783
534,-783
535,-782
536,-782
537,-782
538,-782
539,-782
540,-782
541,-782
542,-782
543,-782
544,-782
545,-782
546,-782
547,-782
548,-782
549,-781
550,-781
551,-781
552,-781
553,-781
554,-781
555,-781
556,-781
557,-781
558,-781
559,-781
560,-781
561,-781
562,-780
563,-780
564,-780
565,-780
566,-780
567,-780
568,-780
569,-780
570,-780
571,-780
572,-780
573,-780
574,-780
575,-780
576,-780
577,-780
578,-780
579,-780
580,-780
581,-780
582,-780
583,-780
584,-780
585,-780
586,-780
587,-780
588,-780
589,-780
590,-781
591,-781
592,-781
593,-781
594,-781
595,-781
596,-781
597,-781
598,-781
599,-781
600,-781
601,-781
602,-781
603,-781
604,-781
605,-781
606,-781
607,-781
608,-781
609,-781
610,-781
611,-781
612,-781
613,-781
614,-781
615,-781
616,-781
617,-782
618,-782
619,-782
620,-782
621,-782
622,-782
623,-782
624,-783
625,-783
626,-783
627,-784
628,-784
629,-784
630,-785
631,-785
632,-785
633,-785
634,-785
635,-785
636,-785
637,-785
638,-786
639,-786
640,-786
641,-786
642,-787
642,-788
643,-788
644,-789
645,-789
646,-790
647,-790
648,-791
649,-791
650,-792
651,-792
652,-793
653,-793
654,-794
655,-795
656,-796
657,-797
658,-797
659,-798
659,-799
660,-799
661,-799
662,-800
662,-801
663,-802
664,-802
665,-803
666,-804
667,-804
668,-805
669,-805
670,-806
671,-807
672,-808
673,-808
674,-809
675,-809
676,-810
677,-811
678,-811
679,-811
680,-812
681,-813
682,-814
683,-814
684,-815
685,-815
686,-815
687,-815
688,-816
689,-817
689,-818
690,-818
691,-818
692,-818
693,-819
694,-819
695,-819
696,-819
697,-820
697,-821
698,-821
699,-821
700,-822
701,-822
702,-823
703,-823
704,-823
705,-823
706,-824
707,-824
708,-824
709,-825
710,-825
711,-826
712,-826
713,-826
714,-827
715,-827
716,-827
717,-827
718,-827
719,-827
720,-827
721,-828
722,-829
723,-829
724,-829
725,-829
726,-829
727,-830
727,-831
728,-831
729,-831
730,-831
731,-831
732,-831
733,-831
734,-831
735,-831
736,-831
737,-831
738,-832
739,-832
740,-832
741,-833
742,-833
743,-833
744,-833
745,-833
746,-834
747,-834
748,-834
749,-834
750,-834
751,-834
752,-834
753,-834
754,-834
755,-834
756,-834
757,-835
758,-835
759,-835
760,-835
761,-835
762,-836
763,-836
764,-837
765,-838
765,-839
766,-839
767,-839
768,-839
769,-839
770,-839
771,-840
772,-840
773,-840
774,-840
775,-840
776,-840
777,-840
778,-841
779,-841
780,-841
781,-841
782,-841
783,-841
784,-841
785,-841
786,-841
787,-841
788,-841
789,-841
790,-841
791,-841
792,-841
793,-841
794,-841
795,-841
796,-841
797,-841
798,-841
799,-841
800,-841
801,-841
802,-841
803,-841
804,-841
805,-841
806,-841
807,-841
808,-841
809,-841
810,-841
811,-841
812,-841
813,-840
814,-840
815,-840
816,-840
817,-840
818,-840
819,-840
820,-839
821,-839
822,-839
823,-839
824,-839
825,-839
826,-839
827,-839
828,-839
829,-839
830,-839
831,-838
832,-837
833,-837
834,-837
835,-837
836,-837
837,-836
838,-836
839,-836
840,-836
841,-836
842,-836
843,-836
844,-835
845,-835
846,-835
847,-835
848,-835
849,-835
850,-834
851,-834
852,-834
853,-834
854,-834
855,-833
856,-833
857,-832
858,-832
859,-832
860,-832
861,-832
862,-831
863,-831
864,-831
865,-831
866,-831
867,-830
868,-830
869,-829
870,-829
871,-829
872,-829
873,-828
874,-828
875,-828
876,-827
877,-827
878,-827
879,-826
880,-826
881,-826
882,-825
883,-825
884,-824
885,-824
886,-824
887,-824
888,-824
889,-823
890,-823
891,-822
892,-822
893,-821
894,-821
895,-821
896,-820
897,-820
898,-820
899,-819
900,-819
901,-819
902,-818
903,-818
904,-817
905,-817
906,-817
907,-816
908,-816
909,-815
910,-815
911,-815
912,-814
913,-814
914,-813
915,-813
916,-812
917,-812
918,-812
919,-811
920,-811
921,-810
922,-810
923,-809
924,-808
925,-808
926,-807
927,-807
928,-807
929,-806
930,-805
931,-805
932,-804
933,-804
934,-804
935,-803
936,-803
937,-802
938,-801
939,-801
940,-801
941,-800
942,-800
943,-799
944,-799
945,-798
946,-798
947,-797
948,-796
949,-796
950,-796
951,-795
952,-795
953,-794
954,-793
955,-793
956,-792
957,-792
958,-792
959,-791
960,-790
961,-790
962,-789
963,-788
964,-788
965,-787
966,-787
967,-787
968,-786
969,-785
970,-785
971,-784
972,-784
973,-784
974,-783
975,-782
976,-781
977,-781
978,-780
979,-780
980,-780
981,-779
982,-779
983,-778
984,-777
985,-777
986,-776
987,-776
988,-776
989,-775
990,-774
991,-774
992,-773
993,-773
994,-773
995,-773
996,-772
997,-772
998,-772
998,-771
999,-770
1000,-770
1001,-770
1002,-769
1003,-768
1004,-768
1005,-768
1006,-768
1007,-767
1008,-766
1009,-765
1010,-765
1011,-765
1012,-764
1013,-763
1014,-763
1015,-763
1015,-762
1016,-761
1017,-761
1018,-761
1019,-761
1019,-760
1020,-759
1021,-759
1022,-758
1023,-758
1024,-758
1025,-758
1025,-757
1026,-756
1027,-756
1028,-756
1029,-756
1030,-755
1031,-754
1032,-754
1033,-753
1034,-753
1035,-752
1036,-752
1037,-751
1038,-751
1039,-750
1040,-750
1041,-750
1042,-749
1043,-748
1044,-748
1044,-747
1045,-746
1046,-746
1047,-746
1048,-746
1049,-746
1049,-745
1049,-744
1050,-743
1051,-742
1051,-741
1052,-740
1053,-740
1054,-739
1054,-738
1054,-737
1054,-736
1054,-735
1054,-734
1054,-733
1054,-732
1054,-731
1053,-730
1052,-730
1051,-729
1050,-729
1049,-728
1048,-727
1047,-727
1046,-726
1045,-726
1044,-725
1043,-724
1042,-724
1041,-723
1040,-723
1039,-722
1038,-722
1037,-721
1036,-721
1035,-720
1034,-719
1033,-719
1032,-718
1031,-718
1030,-718
1029,-717
1028,-716
1027,-716
1026,-715
1025,-715
1024,-715
1023,-714
1022,-714
1021,-714
1020,-713
1019,-713
1018,-712
1017,-712
1016,-711
1015,-711
1014,-711
1013,-710
1012,-710
1011,-710
1010,-710
1009,-709
1008,-709
1007,-709
1006,-708
1005,-708
1004,-708
1003,-707
1002,-707
1001,-706
1000,-706
999,-705
998,-705
997,-705
996,-704
995,-704
994,-703
993,-703
992,-703
991,-702
990,-702
989,-701
988,-700
987,-700
986,-700
985,-700
984,-699
983,-699
982,-698
981,-698
980,-698
979,-697
978,-697
977,-696
976,-696
975,-696
974,-695
973,-695
972,-694
971,-694
970,-694
969,-694
968,-693
967,-693
966,-693
965,-692
964,-691
963,-691
962,-691
961,-691
960,-690
959,-690
958,-690
957,-689
956,-689
955,-688
954,-688
953,-687
952,-687
951,-687
950,-687
949,-686
948,-686
947,-686
946,-685
945,-685
944,-685
943,-685
942,-684
941,-684
940,-684
939,-683
938,-683
937,-683
936,-682
935,-682
934,-682
933,-682
932,-681
931,-681
930,-681
929,-680
928,-680
927,-680
926,-679
925,-679
924,-679
923,-679
922,-678
921,-678
920,-678
919,-677
918,-677
917,-677
916,-676
915,-676
914,-676
913,-676
912,-676
911,-675
910,-675
909,-675
908,-674
907,-674
906,-674
905,-674
904,-674
903,-673
902,-673
901,-673
900,-672
899,-672
898,-672
897,-672
896,-671
895,-671
894,-671
893,-671
892,-671
891,-671
890,-670
889,-670
888,-670
887,-670
886,-670
885,-670
884,-669
883,-669
882,-669
881,-669
880,-669
879,-668
878,-668
877,-668
876,-668
875,-668
874,-668
873,-667
872,-667
871,-667
870,-667
869,-667
868,-666
867,-666
866,-666
865,-666
864,-666
863,-666
862,-665
861,-665
860,-665
859,-665
858,-665
857,-665
856,-664
855,-664
854,-664
853,-664
852,-664
851,-664
850,-664
849,-664
848,-664
847,-664
846,-663
845,-663
844,-663
843,-663
842,-663
841,-663
840,-663
839,-662
838,-662
837,-662
836,-662
835,-662
834,-662
833,-662
832,-662
831,-662
830,-662
829,-662
828,-662
827,-662
826,-662
825,-662
824,-662
823,-662
822,-661
821,-661
820,-661
819,-661
818,-661
817,-661
816,-661
815,-661
814,-661
813,-661
812,-661
811,-661
810,-661
809,-661
808,-661
807,-661
806,-661
805,-661
804,-661
803,-661
802,-661
801,-661
800,-661
799,-661
798,-662
797,-662
796,-662
795,-662
794,-662
793,-662
792,-662
791,-662
790,-662
789,-662
788,-662
787,-662
786,-662
785,-662
784,-662
783,-662
782,-662
781,-662
780,-662
779,-662
778,-662
777,-662
776,-662
775,-662
774,-662
773,-663
772,-663
771,-663
770,-663
769,-663
768,-663
767,-663
766,-663
765,-663
764,-664
763,-664
762,-664
761,-665
760,-665
759,-665
758,-665
757,-665
756,-665
755,-665
754,-666
753,-666
752,-666
751,-666
750,-667
749,-667
748,-667
747,-667
746,-667
745,-667
744,-667
743,-667
742,-667
741,-668
740,-668
739,-668
738,-668
737,-669
736,-669
735,-669
734,-669
733,-670
732,-670
731,-670
730,-670
729,-671
728,-671
727,-671
726,-671
725,-672
724,-672
723,-673
722,-674
721,-674
720,-674
719,-675
718,-675
717,-675
716,-676
715,-676
714,-677
713,-677
712,-677
711,-678
710,-678
709,-679
708,-679
707,-680
706,-680
705,-680
704,-681
703,-681
702,-682
701,-682
700,-683
699,-683
698,-683
697,-684
696,-685
695,-685
694,-686
693,-687
692,-687
691,-688
690,-688
689,-688
688,-689
687,-690
686,-690
686,-691
685,-692
684,-692
683,-693
682,-693
681,-694
680,-694
679,-695
678,-696
677,-696
676,-697
675,-698
674,-699
673,-699
673,-700
672,-701
671,-701
670,-701
669,-702
668,-702
667,-702
666,-703
665,-703
664,-703
663,-703
662,-703
662,-704
662,-705
662,-706
662,-707
662,-708
661,-709
660,-710
659,-710
658,-711
657,-712
656,-713
655,-714
654,-715
653,-715
652,-716
651,-717
650,-718
649,-719
648,-720
647,-720
646,-721
645,-722
644,-723
643,-723
642,-724
641,-724
640,-725
639,-726
638,-727
637,-727
637,-728
636,-729
635,-729
634,-729
633,-729
632,-730
631,-731
630,-731
629,-731
628,-731
627,-731
626,-732
625,-732
624,-732
623,-733
622,-733
621,-733
620,-734
619,-734
618,-734
617,-734
616,-734
615,-734
614,-735
613,-735
612,-735
611,-735
610,-736
609,-736
608,-736
607,-737
606,-737
605,-737
604,-737
603,-737
602,-737
601,-737
600,-737
599,-737
598,-737
597,-737
596,-738
595,-738
594,-738
593,-738
592,-738
591,-738
590,-738
589,-738
588,-738
587,-738
586,-738
585,-738
584,-738
583,-738
582,-738
581,-738
580,-739
579,-739
578,-739
577,-739
576,-739
575,-739
574,-739
573,-739
572,-739
571,-739
570,-739
569,-739
568,-739
567,-739
566,-739
565,-739
564,-739
563,-740
562,-740
561,-740
560,-740
559,-740
558,-740
557,-740
556,-740
555,-740
554,-740
553,-740
552,-740
551,-740
550,-740
549,-740
548,-740
547,-740
546,-740
545,-740
544,-740
543,-740
542,-740
541,-740
540,-740
539,-740
538,-740
537,-740
536,-740
535,-740
534,-741
533,-741
532,-741
531,-741
530,-741
529,-741
528,-741
527,-741
526,-741
525,-741
524,-741
523,-741
522,-742
521,-742
520,-742
519,-742
518,-742
517,-742
516,-742
515,-742
514,-742
513,-742
512,-743
511,-743
510,-743
509,-743
508,-743
507,-744
506,-744
505,-744
504,-744
503,-744
502,-744
501,-744
500,-745
499,-745
498,-745
497,-746
496,-746
495,-746
494,-746
493,-746
492,-746
491,-747
490,-747
489,-747
488,-747
487,-747
486,-748
485,-748
484,-748
483,-749
482,-749
481,-749
480,-750
479,-750
478,-750
477,-750
476,-751
475,-751
474,-751
474,-752
474,-753
473,-754
472,-754
471,-755
470,-755
469,-755
468,-755
467,-755
466,-755
465,-755
464,-755
463,-755
462,-756
461,-756
460,-757
459,-757
458,-758
457,-759
456,-760
455,-760
454,-761
453,-761
453,-762
452,-763
451,-763
451,-764
451,-765
451,-766
450,-767
449,-768
448,-769
447,-769
