511,-568
511,-569
511,-570
511,-571
511,-572
511,-573
511,-574
511,-575
511,-576
511,-577
511,-578
512,-579
512,-580
513,-581
514,-581
515,-581
516,-581
517,-581
518,-581
519,-582
520,-582
521,-582
522,-582
523,-582
524,-582
525,-583
526,-584
527,-585
527,-586
528,-587
528,-588
528,-589
528,-590
528,-591
528,-592
528,-593
528,-594
528,-595
528,-596
528,-597
529,-598
529,-599
530,-600
530,-601
531,-601
532,-602
533,-603
534,-604
535,-605
535,-606
536,-606
537,-607
538,-608
539,-609
540,-609
541,-609
542,-609
543,-610
544,-610
545,-610
546,-611
546,-612
546,-613
547,-613
548,-613
549,-614
550,-615
551,-615
552,-615
553,-615
554,-615
555,-615
556,-616
557,-616
558,-617
559,-618
560,-618
561,-618
562,-619
562,-620
562,-621
563,-621
564,-622
565,-622
566,-622
567,-623
567,-624
568,-624
569,-625
570,-625
571,-625
572,-626
573,-626
574,-626
575,-627
575,-628
576,-628
577,-628
578,-628
579,-629
579,-630
579,-631
579,-632
579,-633
580,-633
581,-633
582,-633
583,-633
584,-634
584,-635
585,-636
585,-637
586,-637
587,-637
588,-637
589,-637
590,-637
591,-638
591,-639
591,-640
592,-641
593,-642
594,-642
595,-643
596,-643
597,-644
598,-644
599,-645
600,-646
601,-646
602,-647
603,-647
604,-647
605,-648
605,-649
605,-650
606,-650
607,-650
608,-651
609,-652
609,-653
610,-653
611,-654
612,-654
613,-655
613,-656
614,-656
615,-656
616,-656
617,-657
617,-658
617,-659
618,-659
619,-659
620,-660
620,-661
621,-662
622,-663
623,-663
624,-663
625,-664
625,-665
626,-666
627,-666
628,-667
629,-668
629,-669
630,-669
631,-670
632,-671
633,-672
634,-672
635,-673
636,-674
636,-675
637,-676
638,-676
639,-677
640,-678
641,-679
642,-680
643,-680
644,-680
645,-680
646,-680
647,-680
648,-680
649,-681
649,-682
649,-683
649,-684
649,-685
649,-686
650,-687
651,-687
652,-688
652,-689
653,-689
654,-690
654,-691
654,-692
655,-693
656,-694
657,-695
657,-696
658,-697
659,-698
659,-699
659,-700
660,-701
660,-702
660,-703
660,-704
661,-705
661,-706
661,-707
662,-707
663,-707
664,-707
665,-708
665,-709
665,-710
665,-711
665,-712
665,-713
665,-714
666,-715
667,-715
668,-715
669,-715
670,-716
670,-717
670,-718
670,-719
670,-720
670,-721
670,-722
671,-722
672,-723
673,-724
674,-725
674,-726
674,-727
673,-728
672,-728
671,-728
671,-729
671,-730
671,-731
671,-732
672,-733
672,-734
673,-735
674,-736
675,-736
676,-737
677,-738
678,-739
679,-740
679,-741
680,-741
681,-741
682,-742
682,-743
683,-744
683,-745
684,-746
684,-747
684,-748
685,-749
685,-750
686,-751
686,-752
687,-753
687,-754
688,-755
688,-756
689,-757
690,-758
690,-759
690,-760
691,-761
691,-762
692,-763
693,-764
694,-765
694,-766
695,-766
696,-766
697,-767
697,-768
698,-769
699,-770
699,-771
699,-772
699,-773
699,-774
699,-775
700,-775
701,-776
702,-776
703,-777
704,-778
705,-779
706,-780
706,-781
706,-782
707,-783
708,-784
709,-785
709,-786
710,-787
710,-788
711,-788
712,-789
712,-790
712,-791
713,-792
713,-793
714,-794
715,-795
715,-796
715,-797
714,-798
713,-798
712,-798
711,-797
710,-797
709,-797
708,-797
707,-797
706,-797
706,-798
706,-799
706,-800
706,-801
706,-802
706,-803
707,-804
707,-805
708,-805
709,-806
710,-807
710,-808
711,-809
712,-809
713,-810
713,-811
714,-812
714,-813
714,-814
715,-814
716,-815
717,-816
718,-817
718,-818
719,-819
720,-820
721,-820
722,-820
723,-821
724,-822
724,-823
724,-824
725,-825
726,-826
726,-827
727,-828
728,-828
729,-829
729,-830
730,-830
731,-831
732,-831
733,-831
734,-831
735,-831
736,-831
736,-830
736,-829
736,-828
737,-827
738,-827
739,-827
740,-828
741,-829
742,-829
743,-830
743,-831
743,-832
743,-833
742,-834
741,-834
740,-834
739,-834
739,-835
739,-836
739,-837
739,-838
740,-839
740,-840
741,-841
742,-841
743,-842
744,-842
745,-842
746,-842
747,-842
748,-843
748,-844
748,-845
748,-846
748,-847
748,-848
748,-849
749,-849
750,-849
751,-850
752,-850
753,-850
754,-850
755,-850
756,-851
756,-852
756,-853
757,-853
758,-853
759,-853
760,-853
760,-852
760,-851
760,-850
761,-849
762,-849
763,-849
764,-850
765,-850
766,-851
767,-851
768,-852
768,-853
768,-854
767,-855
766,-855
765,-855
764,-855
764,-856
764,-857
764,-858
764,-859
765,-859
766,-860
766,-861
767,-862
768,-862
769,-863
770,-863
771,-863
772,-864
772,-865
772,-866
773,-866
774,-866
775,-866
776,-866
777,-867
777,-868
777,-869
778,-869
779,-870
780,-870
781,-871
782,-872
783,-872
784,-873
785,-874
786,-874
787,-875
788,-875
789,-875
790,-876
791,-877
792,-877
793,-878
794,-878
795,-879
796,-880
797,-881
797,-882
798,-882
799,-882
800,-882
801,-883
802,-883
803,-884
804,-885
805,-885
806,-885
807,-885
808,-886
809,-887
810,-887
811,-888
812,-889
813,-889
814,-890
815,-891
816,-892
816,-893
817,-893
818,-893
819,-893
820,-893
821,-894
822,-894
823,-895
824,-895
825,-896
826,-896
827,-896
828,-897
829,-898
830,-898
831,-899
832,-899
833,-899
834,-899
835,-899
836,-899
837,-899
838,-900
838,-901
838,-902
838,-903
839,-903
840,-903
841,-904
842,-904
843,-904
844,-904
845,-904
846,-904
847,-905
848,-905
849,-905
850,-905
851,-905
852,-905
853,-905
854,-905
855,-906
856,-906
857,-906
858,-906
859,-906
860,-907
861,-907
862,-907
863,-907
864,-907
865,-908
865,-909
866,-909
867,-909
868,-909
869,-909
870,-909
871,-909
872,-910
873,-910
874,-911
875,-911
876,-911
877,-911
878,-912
879,-912
880,-912
881,-912
882,-913
883,-913
884,-913
885,-913
886,-913
887,-913
888,-913
889,-913
890,-913
891,-914
892,-914
893,-914
894,-914
895,-915
896,-915
897,-916
898,-916
899,-916
900,-916
901,-917
902,-917
903,-917
904,-917
905,-917
906,-917
907,-917
908,-918
909,-918
910,-918
911,-919
912,-919
913,-919
914,-920
915,-920
916,-920
917,-921
918,-921
919,-921
920,-922
921,-922
922,-922
923,-923
924,-923
925,-923
926,-924
927,-924
928,-924
929,-925
930,-925
931,-925
932,-926
933,-926
934,-926
935,-927
936,-927
937,-927
938,-927
939,-927
940,-928
941,-929
942,-929
943,-930
944,-930
945,-930
946,-930
947,-931
948,-931
949,-931
950,-931
951,-931
952,-931
953,-932
954,-932
955,-932
956,-932
957,-933
958,-934
959,-934
960,-934
961,-935
962,-935
963,-935
964,-935
965,-936
966,-936
967,-936
968,-936
969,-936
970,-936
971,-937
972,-937
973,-937
974,-937
975,-937
976,-937
977,-937
978,-937
979,-937
980,-937
981,-937
982,-936
983,-936
984,-936
985,-936
986,-936
987,-936
988,-936
989,-936
990,-936
991,-936
991,-935
991,-934
991,-933
991,-932
991,-931
991,-930
990,-929
990,-928
990,-927
989,-926
989,-925
989,-924
990,-923
991,-922
991,-921
991,-920
991,-919
991,-918
991,-917
991,-916
991,-915
990,-914
990,-913
989,-912
989,-911
988,-910
987,-909
987,-908
986,-907
986,-906
985,-905
984,-904
984,-903
983,-902
982,-901
981,-900
981,-899
980,-898
980,-897
979,-896
978,-895
977,-894
977,-893
976,-892
975,-891
975,-890
974,-889
974,-888
973,-887
973,-886
972,-885
971,-884
970,-883
970,-882
969,-881
969,-880
968,-879
967,-878
967,-877
966,-876
965,-875
965,-874
964,-873
964,-872
963,-871
963,-870
962,-869
961,-868
961,-867
961,-866
960,-865
960,-864
959,-863
958,-862
957,-861
957,-860
956,-859
955,-858
955,-857
954,-856
953,-855
953,-854
953,-853
952,-852
951,-851
950,-850
950,-849
949,-848
949,-847
948,-846
948,-845
947,-844
947,-843
946,-842
945,-841
945,-840
944,-839
944,-838
943,-837
943,-836
942,-835
942,-834
941,-833
940,-832
940,-831
939,-830
939,-829
939,-828
938,-827
937,-826
936,-825
936,-824
935,-823
935,-822
934,-821
933,-820
933,-819
932,-818
932,-817
931,-816
931,-815
930,-814
930,-813
929,-812
928,-811
928,-810
927,-809
927,-808
926,-807
925,-806
925,-805
924,-804
924,-803
923,-802
923,-801
922,-800
922,-799
921,-798
920,-797
920,-796
919,-795
919,-794
918,-793
918,-792
917,-791
917,-790
916,-789
915,-788
915,-787
914,-786
914,-785
913,-784
912,-783
912,-782
911,-781
910,-780
910,-779
909,-778
908,-777
907,-776
907,-775
906,-774
905,-773
905,-772
904,-771
903,-770
902,-769
902,-768
901,-767
900,-766
899,-765
899,-764
898,-763
897,-763
896,-762
895,-761
895,-760
894,-759
893,-758
892,-757
891,-756
890,-755
890,-754
889,-753
888,-752
887,-751
886,-750
885,-749
884,-748
884,-747
884,-746
884,-745
884,-744
883,-744
882,-744
881,-744
880,-744
879,-743
879,-742
878,-742
877,-741
876,-740
875,-739
875,-738
874,-737
873,-737
872,-736
871,-735
870,-734
869,-733
868,-732
867,-731
866,-730
865,-729
864,-728
863,-728
862,-727
861,-726
860,-725
859,-724
858,-724
857,-723
856,-722
855,-721
854,-720
853,-720
852,-719
851,-718
850,-717
849,-716
848,-715
847,-715
846,-714
845,-713
844,-713
843,-712
842,-711
841,-710
840,-709
839,-709
838,-708
837,-707
836,-706
835,-705
834,-705
833,-704
832,-703
831,-703
830,-702
829,-701
828,-700
827,-700
826,-699
825,-698
824,-697
823,-696
822,-696
821,-695
820,-694
819,-694
818,-693
817,-692
816,-691
815,-691
814,-690
813,-690
812,-689
811,-688
810,-688
809,-687
808,-687
807,-686
806,-685
805,-684
804,-684
803,-683
802,-682
801,-682
800,-681
799,-681
798,-680
797,-679
796,-679
795,-678
794,-677
793,-677
792,-676
791,-676
790,-676
789,-675
788,-675
787,-674
786,-674
785,-673
784,-672
783,-672
782,-671
781,-671
780,-670
779,-670
778,-669
777,-669
776,-668
775,-668
774,-668
773,-667
772,-667
771,-666
770,-665
769,-665
768,-664
767,-664
766,-664
765,-663
764,-663
763,-662
762,-662
761,-661
760,-661
759,-661
758,-660
757,-660
756,-660
755,-659
754,-658
753,-658
752,-657
751,-657
750,-656
749,-656
748,-655
747,-655
746,-654
745,-654
744,-653
743,-652
742,-652
741,-651
740,-651
739,-650
738,-650
737,-650
736,-649
735,-648
734,-648
733,-647
732,-647
731,-647
730,-646
729,-646
728,-646
727,-646
726,-645
725,-645
724,-645
723,-645
722,-644
721,-644
720,-644
719,-644
718,-643
717,-643
716,-643
715,-643
714,-643
713,-643
712,-642
711,-642
710,-642
709,-642
708,-642
707,-642
706,-641
705,-641
704,-641
703,-641
702,-641
701,-641
700,-640
699,-640
698,-640
697,-640
696,-639
695,-639
694,-639
693,-638
692,-638
691,-637
690,-637
689,-636
688,-636
687,-636
686,-635
685,-635
684,-634
683,-634
682,-633
681,-633
680,-632
679,-631
678,-631
677,-630
676,-630
675,-629
674,-629
673,-628
672,-627
671,-627
670,-626
669,-625
668,-624
667,-624
666,-623
665,-623
664,-622
663,-621
662,-621
661,-620
660,-619
659,-619
658,-618
657,-617
656,-617
655,-616
654,-615
653,-615
652,-614
651,-613
650,-613
649,-612
648,-611
647,-611
646,-610
645,-610
644,-609
643,-609
642,-608
641,-607
640,-607
639,-606
638,-605
637,-605
636,-604
635,-604
634,-603
633,-602
632,-602
631,-601
630,-600
629,-600
628,-599
627,-598
626,-598
625,-597
624,-597
623,-596
622,-596
621,-595
620,-594
619,-594
618,-593
617,-593
616,-592
615,-591
614,-591
613,-590
612,-590
611,-589
610,-588
609,-588
608,-587
607,-586
606,-586
605,-585
604,-585
603,-585
602,-584
601,-583
600,-583
599,-582
598,-582
597,-581
596,-581
595,-580
594,-580
593,-579
592,-579
591,-578
590,-578
589,-577
588,-577
587,-576
586,-576
585,-576
584,-575
583,-574
582,-574
581,-574
580,-573
579,-573
578,-572
577,-572
576,-571
575,-571
574,-570
573,-570
572,-569
571,-569
570,-568
569,-568
568,-567
567,-567
566,-566
565,-566
564,-565
563,-565
562,-565
561,-565
560,-565
559,-564
558,-564
557,-564
556,-564
555,-564
554,-564
553,-564
552,-565
551,-565
550,-565
549,-565
548,-565
548,-566
548,-567
547,-568
546,-569
545,-569
544,-569
543,-569
542,-569
541,-568
540,-568
539,-568
538,-568
537,-568
536,-568
535,-568
534,-568
533,-568
532,-568
531,-568
530,-568
529,-568
528,-568
527,-567
526,-567
525,-567
524,-567
523,-567
522,-567
521,-567
520,-567
519,-567
519,-568
518,-569
517,-569
516,-569
515,-568
514,-568
513,-568
512,-568
511,-568
