569,-551
569,-552
569,-553
569,-554
569,-555
569,-556
569,-557
569,-558
569,-559
569,-560
569,-561
569,-562
570,-562
571,-563
571,-564
572,-565
572,-566
572,-567
572,-568
572,-569
573,-569
574,-570
575,-570
576,-571
576,-572
576,-573
576,-574
577,-575
577,-576
577,-577
578,-577
579,-577
580,-578
580,-579
580,-580
580,-581
580,-582
580,-583
580,-584
580,-585
580,-586
580,-587
581,-587
582,-587
583,-587
584,-588
584,-589
584,-590
584,-591
584,-592
584,-593
584,-594
585,-594
586,-594
587,-594
588,-594
589,-595
589,-596
589,-597
590,-598
590,-599
590,-600
590,-601
590,-602
590,-603
590,-604
590,-605
591,-606
592,-606
593,-607
594,-607
595,-608
595,-609
595,-610
595,-611
595,-612
596,-613
596,-614
597,-614
598,-614
599,-615
599,-616
599,-617
599,-618
599,-619
599,-620
599,-621
600,-621
601,-622
601,-623
601,-624
601,-625
601,-626
601,-627
601,-628
601,-629
601,-630
601,-631
601,-632
602,-633
602,-634
603,-635
604,-635
605,-635
606,-635
607,-636
607,-637
607,-638
608,-638
609,-638
610,-639
611,-639
612,-640
612,-641
612,-642
613,-643
613,-644
613,-645
613,-646
614,-646
615,-647
615,-648
616,-649
616,-650
616,-651
617,-652
618,-653
618,-654
619,-655
620,-656
620,-657
621,-658
621,-659
621,-660
622,-661
622,-662
623,-663
623,-664
624,-665
625,-666
625,-667
625,-668
626,-669
627,-670
627,-671
628,-672
628,-673
628,-674
629,-675
629,-676
630,-677
630,-678
631,-679
632,-680
632,-681
633,-682
633,-683
634,-684
634,-685
635,-686
635,-687
636,-688
636,-689
637,-690
637,-691
638,-692
638,-693
638,-694
639,-694
640,-695
640,-696
640,-697
641,-698
642,-699
642,-700
643,-701
643,-702
644,-703
644,-704
645,-705
646,-706
646,-707
646,-708
647,-709
648,-710
648,-711
648,-712
649,-713
649,-714
650,-715
651,-716
652,-717
652,-718
653,-719
654,-720
654,-721
655,-722
656,-723
656,-724
657,-725
657,-726
657,-727
658,-728
659,-728
660,-729
660,-730
660,-731
661,-732
662,-733
662,-734
662,-735
662,-736
662,-737
662,-738
663,-738
664,-738
665,-739
666,-740
667,-741
667,-742
667,-743
668,-743
669,-743
670,-744
670,-745
670,-746
670,-747
669,-748
669,-749
669,-750
669,-751
669,-752
670,-753
671,-753
672,-753
673,-753
674,-753
675,-754
675,-755
675,-756
675,-757
676,-758
676,-759
676,-760
676,-761
676,-762
677,-763
677,-764
678,-765
679,-766
680,-767
680,-768
680,-769
681,-770
682,-771
682,-772
683,-772
684,-773
684,-774
685,-775
685,-776
685,-777
686,-777
687,-778
688,-778
689,-779
690,-780
691,-781
691,-782
692,-783
693,-784
693,-785
694,-785
695,-786
696,-787
697,-787
698,-788
698,-789
699,-790
699,-791
700,-791
701,-792
702,-793
703,-793
704,-794
705,-795
706,-796
707,-797
708,-797
709,-798
710,-799
711,-799
712,-800
712,-801
713,-802
714,-802
715,-802
716,-803
717,-804
718,-805
719,-805
720,-805
721,-806
722,-806
723,-807
724,-807
725,-807
726,-808
726,-809
727,-810
728,-810
729,-810
730,-811
731,-812
732,-813
733,-814
734,-814
735,-814
736,-815
737,-815
738,-815
739,-815
740,-815
741,-816
741,-817
742,-817
743,-818
744,-818
745,-819
746,-819
747,-820
748,-820
749,-820
750,-820
751,-820
752,-821
753,-822
754,-823
755,-823
756,-823
757,-823
758,-824
759,-824
760,-824
761,-824
762,-824
763,-825
764,-825
765,-825
766,-825
767,-826
768,-826
769,-827
770,-827
771,-827
772,-828
773,-828
774,-829
775,-829
776,-829
777,-829
778,-829
779,-830
780,-830
781,-830
782,-830
783,-831
784,-831
785,-831
786,-831
787,-831
788,-831
789,-832
790,-832
791,-832
792,-832
793,-832
794,-833
795,-833
796,-833
797,-833
798,-834
799,-834
800,-834
801,-834
802,-835
803,-835
804,-835
805,-836
806,-836
807,-837
808,-837
809,-838
810,-838
811,-839
812,-840
813,-841
814,-841
815,-842
815,-843
816,-843
817,-844
818,-845
819,-845
820,-846
820,-847
821,-847
822,-848
823,-849
823,-850
824,-850
825,-851
825,-852
826,-853
827,-854
828,-855
829,-855
830,-856
830,-857
830,-858
831,-859
831,-860
832,-860
833,-861
833,-862
834,-863
835,-864
836,-864
837,-865
837,-866
838,-867
838,-868
839,-869
840,-870
840,-871
841,-872
842,-872
843,-873
843,-874
844,-875
844,-876
845,-877
846,-878
846,-879
847,-880
847,-881
848,-882
848,-883
849,-884
849,-885
850,-886
851,-887
852,-888
853,-889
853,-890
854,-891
854,-892
855,-893
856,-894
857,-895
857,-896
857,-897
858,-898
859,-899
859,-900
860,-901
860,-902
861,-903
862,-904
863,-905
863,-906
864,-907
865,-908
865,-909
865,-910
866,-911
867,-912
868,-913
869,-914
869,-915
870,-916
870,-917
870,-918
870,-919
871,-920
872,-921
872,-922
873,-923
873,-924
873,-925
874,-926
875,-927
875,-928
876,-929
877,-930
877,-931
877,-932
878,-933
879,-934
879,-935
879,-936
880,-937
880,-938
881,-939
882,-940
882,-941
883,-942
883,-943
884,-944
884,-945
885,-946
885,-947
885,-948
886,-949
886,-950
887,-951
887,-952
888,-953
888,-954
888,-955
889,-955
890,-956
891,-957
892,-957
893,-957
894,-957
895,-957
896,-957
897,-958
898,-959
898,-960
898,-961
898,-962
899,-962
900,-962
901,-962
902,-962
902,-961
902,-960
903,-959
904,-958
905,-958
906,-958
907,-959
908,-959
909,-959
910,-960
911,-961
911,-962
912,-962
913,-962
914,-962
915,-962
916,-963
916,-964
916,-965
916,-966
917,-966
918,-966
919,-966
920,-966
920,-965
920,-964
920,-963
920,-962
919,-962
918,-962
917,-961
917,-960
917,-959
917,-958
918,-957
918,-956
919,-955
919,-954
919,-953
919,-952
919,-951
920,-950
921,-950
922,-950
923,-951
923,-952
924,-953
924,-954
924,-955
925,-956
926,-957
927,-957
928,-957
929,-957
930,-957
931,-957
932,-957
932,-956
932,-955
932,-954
932,-953
932,-952
932,-951
931,-951
930,-950
929,-949
929,-948
929,-947
930,-946
930,-945
930,-944
930,-943
930,-942
929,-942
928,-942
927,-942
926,-942
925,-942
924,-942
923,-942
922,-943
921,-943
920,-943
919,-942
919,-941
919,-940
920,-939
920,-938
921,-937
922,-937
923,-937
923,-936
923,-935
923,-934
923,-933
923,-932
923,-931
923,-930
923,-929
923,-928
923,-927
923,-926
923,-925
922,-925
921,-924
920,-923
920,-922
920,-921
920,-920
920,-919
920,-918
919,-918
918,-917
918,-916
917,-915
917,-914
917,-913
917,-912
916,-911
915,-910
915,-909
914,-908
914,-907
913,-906
912,-905
912,-904
911,-903
911,-902
910,-901
910,-900
909,-899
909,-898
908,-897
908,-896
907,-895
907,-894
906,-893
905,-892
905,-891
904,-890
904,-889
903,-888
903,-887
902,-887
901,-886
901,-885
901,-884
901,-883
900,-882
899,-881
899,-880
898,-879
898,-878
897,-877
897,-876
896,-875
896,-874
895,-873
895,-872
894,-871
893,-870
893,-869
892,-868
891,-867
891,-866
890,-865
890,-864
889,-863
889,-862
888,-861
887,-860
887,-859
886,-858
886,-857
885,-856
885,-855
884,-854
884,-853
883,-852
883,-851
882,-850
881,-850
880,-849
880,-848
880,-847
879,-846
878,-845
878,-844
878,-843
877,-842
876,-841
876,-840
875,-839
874,-838
874,-837
873,-836
872,-835
872,-834
871,-833
870,-832
870,-831
870,-830
869,-829
868,-828
868,-827
867,-826
866,-825
866,-824
865,-823
864,-822
864,-821
864,-820
863,-819
863,-818
863,-817
862,-817
861,-816
861,-815
860,-814
860,-813
859,-812
859,-811
858,-810
857,-809
857,-808
856,-807
856,-806
856,-805
855,-804
855,-803
854,-802
853,-801
853,-800
853,-799
853,-798
852,-797
852,-796
852,-795
851,-794
851,-793
851,-792
850,-791
849,-790
849,-789
849,-788
849,-787
848,-786
848,-785
848,-784
847,-783
847,-782
847,-781
847,-780
846,-779
846,-778
846,-777
845,-776
845,-775
845,-774
844,-773
844,-772
844,-771
844,-770
843,-769
843,-768
842,-767
842,-766
842,-765
841,-764
841,-763
841,-762
840,-761
840,-760
840,-759
839,-758
839,-757
839,-756
838,-755
838,-754
837,-753
837,-752
836,-751
836,-750
836,-749
835,-748
835,-747
834,-746
834,-745
833,-744
833,-743
832,-742
832,-741
832,-740
831,-739
831,-738
830,-737
829,-736
829,-735
829,-734
828,-733
828,-732
827,-731
827,-730
826,-729
826,-728
825,-727
824,-726
824,-725
824,-724
823,-723
823,-722
823,-721
823,-720
822,-720
821,-719
821,-718
820,-717
820,-716
819,-715
819,-714
818,-713
817,-712
817,-711
816,-710
816,-709
815,-708
814,-707
814,-706
813,-705
813,-704
812,-703
812,-702
811,-701
811,-700
810,-699
809,-698
809,-697
808,-696
807,-695
807,-694
806,-693
805,-692
805,-691
804,-690
803,-689
803,-688
802,-687
802,-686
801,-685
800,-684
799,-683
799,-682
798,-681
797,-680
797,-679
796,-678
795,-677
794,-676
794,-675
793,-674
792,-673
792,-672
791,-672
790,-671
790,-670
789,-669
788,-668
787,-667
786,-666
785,-665
785,-664
784,-663
783,-662
782,-661
781,-660
781,-659
780,-658
779,-657
778,-656
777,-655
776,-654
775,-653
774,-652
773,-651
773,-650
772,-650
771,-649
771,-648
770,-647
769,-646
768,-645
767,-644
766,-643
765,-642
764,-641
763,-640
762,-639
761,-638
760,-637
759,-637
758,-636
758,-635
757,-634
756,-633
755,-632
754,-631
753,-630
752,-629
751,-628
750,-627
749,-626
748,-626
747,-625
747,-624
746,-623
745,-622
744,-621
743,-620
742,-620
741,-619
741,-618
740,-617
739,-617
738,-616
737,-615
736,-614
736,-613
735,-613
734,-612
733,-611
732,-610
731,-609
730,-608
729,-607
728,-606
727,-606
726,-605
725,-604
724,-604
723,-603
722,-602
721,-601
720,-601
719,-600
718,-599
717,-599
716,-598
715,-598
714,-597
713,-596
712,-596
711,-595
710,-594
709,-594
708,-593
707,-593
706,-592
705,-592
704,-591
703,-591
702,-590
701,-590
700,-589
699,-589
698,-588
697,-588
696,-587
695,-587
694,-586
693,-585
692,-585
691,-585
690,-584
689,-584
688,-584
687,-583
686,-582
685,-582
684,-581
683,-581
682,-581
681,-580
680,-580
679,-580
678,-579
677,-578
676,-578
675,-577
674,-577
673,-576
672,-576
671,-575
670,-575
669,-575
668,-574
667,-574
666,-573
665,-573
664,-573
663,-573
662,-572
661,-572
660,-571
659,-571
658,-570
657,-570
656,-569
655,-569
654,-568
653,-568
652,-568
651,-567
650,-567
649,-567
648,-566
647,-566
646,-565
645,-565
644,-564
643,-564
642,-563
641,-563
640,-563
639,-562
638,-562
637,-562
636,-561
635,-560
634,-560
633,-560
632,-559
631,-559
630,-559
629,-559
628,-558
627,-558
626,-558
625,-557
624,-557
623,-557
622,-556
621,-555
620,-555
619,-555
618,-555
617,-555
616,-554
615,-554
614,-553
613,-553
612,-552
611,-552
610,-551
609,-551
608,-551
607,-550
606,-549
605,-549
604,-548
603,-548
602,-547
601,-547
600,-546
599,-546
598,-545
597,-545
596,-544
595,-544
594,-543
593,-543
592,-543
591,-543
590,-542
589,-541
588,-541
587,-540
586,-540
585,-539
584,-539
583,-538
582,-538
581,-538
580,-537
579,-536
578,-536
577,-536
576,-536
575,-536
574,-536
574,-537
574,-538
574,-539
574,-540
574,-541
574,-542
574,-543
574,-544
574,-545
574,-546
574,-547
574,-548
574,-549
573,-550
572,-551
571,-551
570,-551
569,-551
