523,-569
523,-570
523,-571
523,-572
523,-573
523,-574
523,-575
524,-576
525,-576
526,-576
527,-577
528,-577
529,-577
530,-578
531,-579
532,-579
533,-580
533,-581
534,-582
535,-583
535,-584
536,-585
536,-586
537,-587
538,-588
538,-589
539,-589
540,-590
541,-591
541,-592
541,-593
541,-594
542,-595
543,-596
544,-596
545,-597
545,-598
546,-598
547,-599
547,-600
548,-601
549,-601
550,-602
550,-603
550,-604
551,-604
552,-605
552,-606
553,-606
554,-606
555,-607
555,-608
556,-609
557,-610
558,-611
559,-612
559,-613
560,-614
561,-614
562,-615
562,-616
563,-617
564,-618
565,-619
566,-620
567,-621
567,-622
568,-622
569,-623
570,-624
570,-625
571,-626
572,-627
573,-628
574,-629
575,-630
576,-631
577,-632
578,-633
579,-634
579,-635
580,-636
581,-637
582,-637
583,-638
584,-639
584,-640
585,-640
586,-641
586,-642
586,-643
587,-644
588,-645
589,-646
590,-647
590,-648
591,-648
592,-649
593,-650
594,-651
595,-651
596,-652
596,-653
597,-654
598,-655
599,-656
600,-657
601,-658
602,-659
603,-660
604,-661
605,-662
606,-663
607,-664
608,-665
608,-666
609,-667
610,-668
611,-669
611,-670
612,-670
613,-671
614,-672
614,-673
615,-674
616,-675
617,-675
618,-676
619,-677
619,-678
620,-679
621,-680
621,-681
622,-681
623,-682
624,-682
625,-683
625,-684
625,-685
626,-686
627,-687
628,-688
628,-689
629,-690
630,-691
630,-692
631,-693
631,-694
632,-694
633,-695
634,-696
635,-697
636,-698
637,-699
637,-700
637,-701
638,-702
639,-702
640,-703
640,-704
640,-705
641,-706
642,-707
643,-708
644,-709
644,-710
644,-711
645,-711
646,-712
646,-713
647,-714
647,-715
648,-716
648,-717
649,-718
649,-719
650,-720
650,-721
651,-722
652,-723
653,-724
653,-725
653,-726
653,-727
654,-728
654,-729
655,-730
656,-731
656,-732
656,-733
657,-734
657,-735
658,-736
658,-737
658,-738
659,-739
659,-740
660,-741
660,-742
660,-743
661,-744
662,-745
663,-746
663,-747
664,-748
664,-749
665,-750
666,-751
666,-752
667,-753
668,-754
669,-755
670,-756
670,-757
670,-758
671,-758
672,-759
673,-760
673,-761
674,-762
675,-763
675,-764
676,-765
677,-766
678,-767
678,-768
679,-769
680,-770
680,-771
681,-772
682,-773
683,-774
683,-775
684,-776
685,-777
685,-778
686,-779
687,-780
688,-781
688,-782
688,-783
689,-784
689,-785
690,-785
691,-786
691,-787
692,-788
693,-789
694,-790
694,-791
695,-792
696,-793
697,-794
697,-795
698,-796
699,-797
700,-798
701,-799
702,-800
702,-801
703,-802
704,-803
705,-804
706,-805
707,-806
708,-807
709,-808
710,-809
711,-810
712,-811
713,-812
714,-813
715,-814
716,-815
717,-815
718,-816
719,-817
720,-818
721,-819
721,-820
722,-821
723,-821
724,-822
724,-823
725,-823
726,-824
727,-825
728,-826
729,-827
729,-828
730,-829
731,-829
732,-830
733,-831
734,-831
735,-832
736,-833
736,-834
737,-834
738,-834
739,-835
740,-836
740,-837
741,-837
742,-838
743,-839
744,-839
745,-840
746,-840
747,-841
748,-842
749,-843
750,-844
751,-845
752,-846
753,-847
754,-848
755,-848
756,-848
757,-849
757,-850
758,-850
759,-850
760,-851
760,-852
760,-853
761,-853
762,-853
763,-854
764,-854
765,-854
766,-855
767,-856
768,-857
768,-858
768,-859
769,-859
770,-859
771,-859
772,-860
772,-861
772,-862
773,-862
774,-863
775,-863
776,-863
777,-864
777,-865
777,-866
777,-867
778,-867
779,-868
780,-868
781,-869
782,-870
783,-870
784,-870
785,-871
786,-872
787,-872
788,-873
789,-873
790,-873
791,-873
792,-874
792,-875
793,-875
794,-875
795,-876
796,-876
797,-877
797,-878
798,-878
799,-878
800,-878
801,-879
802,-879
803,-880
804,-881
805,-881
806,-881
807,-881
808,-882
809,-882
810,-883
811,-883
812,-883
813,-883
814,-883
815,-884
815,-885
816,-886
817,-886
818,-886
819,-887
820,-887
821,-888
822,-888
823,-888
824,-889
825,-889
826,-890
827,-890
828,-890
829,-891
830,-892
831,-892
832,-892
833,-892
834,-893
835,-894
836,-895
837,-895
838,-895
839,-896
840,-896
841,-896
842,-897
843,-897
844,-897
845,-897
846,-897
847,-897
848,-898
849,-898
850,-898
851,-899
852,-900
853,-901
854,-901
855,-901
856,-901
857,-901
858,-901
859,-901
860,-901
861,-902
861,-903
862,-903
863,-903
864,-903
865,-904
866,-904
867,-904
868,-905
869,-906
870,-907
871,-907
872,-907
873,-908
874,-908
875,-908
876,-908
877,-909
878,-909
879,-910
880,-911
881,-911
882,-911
883,-911
884,-911
885,-912
886,-912
887,-913
888,-913
889,-913
890,-914
891,-914
892,-914
893,-914
894,-915
895,-916
896,-916
897,-917
898,-918
899,-918
900,-918
901,-918
902,-919
903,-919
904,-920
905,-920
906,-920
907,-920
908,-921
909,-921
910,-922
911,-922
912,-922
913,-923
914,-923
915,-924
916,-925
917,-925
918,-925
919,-926
920,-926
921,-926
922,-927
923,-927
924,-928
925,-928
926,-929
927,-929
928,-930
929,-930
930,-931
931,-932
932,-932
933,-932
934,-933
935,-934
935,-935
936,-936
937,-936
938,-936
939,-936
940,-937
940,-938
941,-938
942,-938
943,-938
944,-938
945,-938
946,-939
947,-939
948,-940
949,-940
950,-941
951,-942
951,-943
952,-943
953,-943
954,-944
954,-945
955,-945
956,-945
957,-945
958,-945
959,-946
959,-947
960,-947
961,-947
962,-947
963,-948
964,-948
965,-949
966,-949
967,-949
968,-949
969,-949
970,-949
971,-949
972,-949
973,-949
974,-949
975,-948
976,-948
977,-948
978,-948
978,-947
979,-946
979,-945
979,-944
979,-943
979,-942
979,-941
979,-940
979,-939
979,-938
979,-937
979,-936
979,-935
979,-934
979,-933
979,-932
979,-931
979,-930
979,-929
979,-928
978,-927
978,-926
978,-925
978,-924
977,-923
977,-922
977,-921
977,-920
977,-919
977,-918
976,-917
976,-916
976,-915
975,-914
975,-913
975,-912
974,-911
974,-910
973,-909
973,-908
973,-907
972,-906
972,-905
972,-904
971,-903
971,-902
971,-901
970,-900
970,-899
970,-898
970,-897
969,-896
969,-895
968,-894
968,-893
967,-892
967,-891
967,-890
966,-889
966,-888
965,-887
965,-886
965,-885
964,-884
964,-883
963,-882
963,-881
962,-880
962,-879
961,-878
961,-877
961,-876
961,-875
960,-874
960,-873
959,-872
959,-871
958,-870
958,-869
958,-868
957,-867
957,-866
957,-865
956,-864
955,-863
955,-862
955,-861
954,-860
954,-859
953,-858
953,-857
952,-856
952,-855
952,-854
951,-853
951,-852
950,-851
950,-850
949,-849
949,-848
948,-847
948,-846
947,-845
946,-844
946,-843
945,-842
945,-841
944,-840
944,-839
944,-838
943,-837
943,-836
942,-835
941,-834
941,-833
941,-832
940,-831
940,-830
939,-829
938,-828
938,-827
937,-826
937,-825
936,-824
935,-823
935,-822
935,-821
934,-820
933,-819
933,-818
932,-817
932,-816
931,-815
931,-814
930,-813
930,-812
929,-811
928,-810
928,-809
927,-808
927,-807
926,-806
925,-805
925,-804
924,-803
923,-802
923,-801
922,-800
921,-799
920,-798
920,-797
919,-796
918,-795
917,-794
916,-793
916,-792
915,-791
914,-790
913,-789
912,-788
912,-787
911,-786
910,-785
909,-784
909,-783
908,-782
907,-781
906,-780
906,-779
905,-778
904,-777
903,-776
903,-775
902,-774
901,-773
901,-772
900,-771
899,-770
899,-769
898,-768
897,-767
897,-766
896,-765
895,-764
894,-763
893,-762
893,-761
892,-760
891,-759
891,-758
890,-757
889,-756
888,-755
888,-754
887,-753
886,-752
885,-751
884,-750
883,-749
882,-748
882,-747
881,-746
880,-745
879,-744
878,-743
877,-742
876,-741
876,-740
875,-739
874,-739
873,-738
873,-737
872,-736
871,-735
870,-734
869,-733
868,-732
867,-731
866,-730
865,-729
864,-728
863,-727
862,-726
861,-725
861,-724
860,-724
859,-723
858,-722
857,-721
856,-720
855,-719
854,-718
853,-717
852,-717
851,-716
850,-715
849,-714
848,-713
847,-713
846,-712
845,-711
844,-710
843,-709
842,-709
841,-708
840,-707
839,-707
838,-706
837,-705
836,-704
835,-704
834,-703
833,-702
832,-701
831,-701
830,-700
829,-699
828,-699
827,-698
826,-697
825,-697
824,-696
823,-695
822,-694
821,-693
820,-693
819,-692
818,-692
817,-691
816,-691
815,-690
814,-689
813,-689
812,-688
811,-687
810,-687
809,-686
808,-686
807,-685
806,-684
805,-684
804,-684
803,-683
802,-682
801,-682
800,-681
799,-681
798,-681
797,-680
796,-680
795,-680
794,-679
793,-678
792,-678
791,-677
790,-677
789,-676
788,-676
787,-675
786,-675
785,-674
784,-674
783,-673
782,-673
781,-672
780,-672
779,-672
778,-672
777,-672
776,-672
775,-671
775,-670
774,-670
773,-669
772,-669
771,-669
770,-669
769,-669
768,-669
767,-669
766,-669
765,-669
764,-669
763,-668
763,-667
763,-666
762,-666
761,-666
760,-665
759,-665
758,-665
757,-665
756,-665
755,-665
754,-665
753,-665
752,-664
752,-663
751,-663
750,-663
749,-662
748,-662
747,-662
746,-661
745,-661
744,-661
743,-661
742,-661
741,-661
740,-661
739,-660
738,-660
737,-660
736,-660
735,-660
734,-660
733,-660
732,-660
731,-660
730,-659
729,-659
728,-659
727,-659
726,-659
725,-659
724,-659
723,-659
722,-659
721,-659
720,-659
719,-658
718,-658
717,-658
716,-658
715,-658
714,-658
713,-658
712,-658
711,-658
710,-658
709,-658
708,-658
707,-659
706,-659
705,-659
704,-659
703,-659
702,-659
701,-659
700,-659
699,-659
698,-659
697,-659
696,-660
695,-660
694,-660
693,-660
692,-660
691,-660
690,-660
689,-659
688,-659
687,-658
686,-658
685,-658
684,-658
683,-657
682,-657
681,-657
680,-656
679,-656
678,-655
677,-655
676,-655
675,-654
674,-654
673,-654
672,-653
671,-653
670,-652
669,-651
668,-651
667,-650
666,-649
665,-649
664,-649
663,-648
662,-647
661,-647
660,-646
659,-646
658,-645
657,-644
656,-644
655,-643
654,-643
653,-642
653,-641
652,-641
651,-640
650,-640
649,-639
648,-638
647,-638
646,-637
645,-636
644,-635
643,-634
642,-634
641,-633
640,-632
639,-631
638,-631
637,-630
637,-629
636,-628
635,-628
634,-627
633,-626
632,-625
631,-624
630,-624
629,-623
629,-622
628,-621
627,-621
626,-620
625,-619
624,-619
623,-618
623,-617
622,-616
621,-616
620,-615
619,-614
619,-613
618,-612
617,-611
616,-611
615,-610
615,-609
614,-609
613,-608
612,-607
611,-607
610,-606
610,-605
609,-604
608,-603
607,-602
606,-601
605,-600
604,-599
603,-598
603,-597
602,-596
601,-595
600,-595
599,-594
599,-593
598,-592
597,-592
596,-592
595,-592
594,-591
594,-590
594,-589
594,-588
594,-587
593,-587
592,-586
592,-585
591,-585
590,-585
589,-584
588,-584
587,-583
587,-582
587,-581
586,-580
585,-580
584,-579
584,-578
583,-578
582,-577
581,-577
580,-577
579,-577
578,-577
577,-577
576,-576
576,-575
576,-574
575,-574
574,-573
573,-573
572,-572
572,-571
571,-571
570,-571
569,-571
568,-571
567,-571
566,-570
566,-569
565,-569
564,-568
564,-567
563,-567
562,-567
561,-567
560,-567
559,-567
558,-567
557,-567
556,-567
555,-567
554,-567
553,-566
552,-566
551,-565
550,-564
549,-564
548,-563
548,-562
548,-561
548,-560
548,-559
548,-558
548,-557
548,-556
548,-555
548,-554
547,-554
546,-553
545,-553
544,-553
543,-553
542,-553
542,-554
542,-555
542,-556
542,-557
542,-558
542,-559
541,-560
540,-560
539,-560
538,-560
537,-559
537,-558
536,-558
535,-558
534,-558
533,-558
532,-558
531,-558
530,-558
529,-558
528,-559
527,-560
527,-561
527,-562
527,-563
527,-564
528,-565
528,-566
528,-567
527,-568
526,-568
525,-568
524,-569
523,-569
