578,-532
578,-533
578,-534
578,-535
578,-536
578,-537
579,-537
580,-538
580,-539
580,-540
580,-541
581,-542
582,-543
582,-544
582,-545
582,-546
583,-547
583,-548
583,-549
583,-550
584,-551
585,-551
586,-552
586,-553
586,-554
586,-555
586,-556
586,-557
586,-558
586,-559
586,-560
586,-561
587,-561
588,-562
588,-563
588,-564
588,-565
588,-566
588,-567
588,-568
588,-569
589,-570
590,-571
591,-572
591,-573
591,-574
591,-575
591,-576
591,-577
591,-578
591,-579
592,-580
592,-581
592,-582
592,-583
592,-584
592,-585
592,-586
592,-587
592,-588
593,-589
593,-590
594,-591
594,-592
594,-593
594,-594
594,-595
594,-596
594,-597
594,-598
595,-599
595,-600
596,-601
596,-602
597,-603
598,-604
598,-605
598,-606
598,-607
598,-608
598,-609
599,-610
599,-611
600,-612
600,-613
600,-614
600,-615
600,-616
600,-617
600,-618
601,-619
602,-620
602,-621
602,-622
602,-623
602,-624
603,-625
603,-626
603,-627
604,-628
604,-629
604,-630
604,-631
605,-632
605,-633
605,-634
605,-635
605,-636
606,-637
606,-638
607,-639
607,-640
607,-641
608,-642
608,-643
608,-644
608,-645
609,-646
609,-647
609,-648
610,-649
610,-650
610,-651
610,-652
610,-653
610,-654
611,-655
611,-656
611,-657
612,-658
612,-659
612,-660
612,-661
613,-662
613,-663
613,-664
613,-665
613,-666
614,-667
615,-668
615,-669
615,-670
615,-671
615,-672
616,-673
616,-674
616,-675
617,-676
617,-677
617,-678
617,-679
617,-680
618,-681
618,-682
618,-683
619,-684
619,-685
619,-686
620,-687
620,-688
620,-689
621,-690
621,-691
621,-692
621,-693
622,-694
622,-695
623,-696
623,-697
624,-698
624,-699
624,-700
625,-701
625,-702
626,-703
626,-704
626,-705
627,-706
627,-707
627,-708
628,-709
628,-710
629,-711
629,-712
629,-713
630,-714
630,-715
631,-716
631,-717
632,-718
632,-719
632,-720
633,-721
633,-722
634,-723
634,-724
634,-725
635,-726
635,-727
635,-728
636,-729
636,-730
637,-731
637,-732
638,-733
638,-734
638,-735
639,-736
640,-737
640,-738
641,-739
641,-740
642,-741
642,-742
642,-743
643,-744
644,-745
644,-746
645,-747
645,-748
646,-749
647,-750
647,-751
648,-752
648,-753
649,-754
649,-755
650,-755
651,-756
651,-757
651,-758
652,-759
653,-760
653,-761
654,-762
654,-763
655,-763
656,-764
656,-765
657,-766
658,-767
659,-768
659,-769
660,-769
661,-770
661,-771
662,-772
662,-773
663,-773
664,-774
665,-775
666,-776
667,-777
667,-778
668,-778
669,-778
670,-779
670,-780
671,-780
672,-781
672,-782
673,-783
673,-784
674,-785
675,-785
676,-786
677,-787
678,-788
679,-788
680,-789
680,-790
680,-791
681,-792
682,-792
683,-793
684,-794
685,-795
686,-795
687,-796
688,-796
689,-796
690,-797
690,-798
690,-799
691,-799
692,-800
693,-801
694,-801
695,-801
696,-802
696,-803
696,-804
697,-804
698,-805
699,-805
700,-806
700,-807
700,-808
701,-809
702,-809
703,-810
704,-811
705,-811
706,-811
707,-812
708,-813
708,-814
709,-814
710,-815
710,-816
711,-816
712,-816
713,-816
714,-816
715,-817
715,-818
715,-819
715,-820
716,-820
717,-820
718,-820
719,-820
720,-821
721,-821
722,-822
723,-822
724,-822
725,-823
726,-824
727,-824
728,-825
729,-826
729,-827
730,-828
731,-829
732,-829
733,-829
734,-830
735,-831
736,-832
737,-832
738,-833
739,-833
740,-833
741,-834
742,-834
743,-834
744,-835
745,-836
746,-837
747,-837
748,-837
749,-837
750,-837
751,-838
752,-839
753,-839
754,-840
755,-841
756,-841
757,-841
758,-842
759,-842
760,-842
761,-843
762,-843
763,-843
764,-844
765,-844
766,-844
767,-845
768,-846
769,-846
770,-847
771,-847
772,-848
773,-849
774,-849
775,-850
776,-851
777,-852
777,-853
778,-853
779,-854
780,-855
780,-856
781,-857
782,-858
783,-859
783,-860
783,-861
784,-861
785,-862
786,-863
787,-864
787,-865
788,-866
789,-867
790,-868
791,-869
791,-870
792,-871
792,-872
793,-872
794,-873
795,-874
795,-875
796,-876
796,-877
797,-878
798,-879
798,-880
798,-881
799,-881
800,-882
801,-883
802,-884
803,-884
804,-885
804,-886
804,-887
804,-888
804,-889
805,-889
806,-890
806,-891
807,-891
808,-892
809,-893
810,-894
810,-895
811,-896
811,-897
812,-897
813,-898
814,-899
814,-900
814,-901
815,-902
815,-903
815,-904
815,-905
816,-905
817,-905
818,-906
819,-907
820,-908
820,-909
821,-910
822,-911
823,-912
824,-912
825,-913
826,-914
826,-915
827,-915
828,-916
829,-917
829,-918
830,-919
831,-919
832,-920
832,-921
832,-922
833,-922
834,-923
835,-924
835,-925
835,-926
836,-926
837,-926
838,-926
839,-927
839,-928
839,-929
840,-929
841,-929
842,-930
842,-931
843,-931
844,-932
844,-933
845,-933
846,-934
847,-935
847,-936
848,-937
849,-937
850,-938
851,-939
852,-940
852,-941
853,-941
854,-942
855,-943
856,-944
857,-945
857,-946
857,-947
858,-947
859,-947
860,-948
861,-949
861,-950
862,-951
863,-952
864,-953
865,-953
866,-953
867,-954
867,-955
868,-956
869,-957
870,-957
871,-957
872,-958
872,-959
872,-960
873,-960
874,-961
875,-962
876,-963
876,-964
877,-965
878,-965
879,-966
879,-967
880,-967
881,-967
882,-968
883,-969
883,-970
884,-971
885,-971
886,-971
887,-972
887,-973
888,-974
889,-975
890,-975
891,-976
891,-977
891,-978
892,-978
893,-979
893,-980
893,-981
894,-981
895,-981
896,-981
897,-981
898,-981
899,-981
900,-981
901,-980
901,-979
901,-978
902,-977
903,-976
903,-975
903,-974
903,-973
904,-972
905,-972
906,-971
907,-970
907,-969
907,-968
907,-967
907,-966
906,-965
905,-964
905,-963
904,-963
903,-963
902,-962
901,-961
900,-961
899,-960
899,-959
898,-958
897,-957
896,-956
895,-955
894,-954
893,-953
893,-952
893,-951
893,-950
893,-949
893,-948
893,-947
893,-946
893,-945
893,-944
894,-943
895,-942
896,-942
897,-942
898,-943
899,-944
900,-944
901,-944
902,-944
903,-944
904,-943
905,-943
906,-943
907,-943
908,-943
909,-943
910,-943
911,-943
912,-943
913,-943
914,-943
915,-943
916,-944
917,-944
918,-944
919,-944
920,-944
921,-944
922,-944
923,-944
923,-943
923,-942
923,-941
923,-940
923,-939
923,-938
923,-937
922,-937
921,-937
920,-937
919,-937
918,-937
917,-937
916,-937
915,-936
915,-935
915,-934
915,-933
916,-932
917,-932
917,-931
917,-930
917,-929
917,-928
916,-928
915,-928
914,-927
914,-926
914,-925
913,-925
912,-925
911,-924
910,-923
909,-922
908,-921
907,-920
906,-919
905,-919
904,-919
903,-919
902,-919
901,-918
900,-917
899,-916
898,-915
898,-914
897,-913
897,-912
896,-912
895,-911
894,-910
893,-909
892,-908
891,-907
891,-906
891,-905
891,-904
891,-903
891,-902
891,-901
891,-900
890,-899
889,-898
888,-897
887,-897
886,-897
885,-897
884,-897
883,-898
882,-898
881,-898
880,-897
880,-896
880,-895
880,-894
880,-893
880,-892
880,-891
879,-890
878,-889
877,-888
877,-887
876,-886
875,-885
874,-884
874,-883
874,-882
873,-881
872,-881
871,-880
871,-879
871,-878
870,-878
869,-877
869,-876
868,-875
867,-875
866,-874
866,-873
866,-872
865,-872
864,-871
863,-870
862,-869
862,-868
861,-868
860,-867
860,-866
859,-865
858,-864
857,-863
856,-862
855,-861
855,-860
854,-860
853,-859
852,-858
852,-857
851,-856
851,-855
850,-854
849,-853
849,-852
848,-851
847,-850
846,-849
846,-848
845,-847
845,-846
844,-845
843,-844
842,-843
842,-842
841,-841
840,-840
839,-839
839,-838
838,-837
838,-836
838,-835
837,-834
836,-833
836,-832
835,-831
835,-830
835,-829
834,-828
834,-827
833,-826
832,-825
832,-824
832,-823
832,-822
832,-821
831,-820
830,-819
830,-818
830,-817
829,-816
829,-815
829,-814
829,-813
829,-812
828,-811
828,-810
828,-809
828,-808
828,-807
828,-806
827,-805
827,-804
827,-803
827,-802
827,-801
827,-800
827,-799
827,-798
826,-797
826,-796
826,-795
826,-794
826,-793
826,-792
826,-791
826,-790
826,-789
826,-788
826,-787
826,-786
826,-785
826,-784
825,-783
825,-782
825,-781
825,-780
825,-779
825,-778
825,-777
825,-776
825,-775
825,-774
825,-773
825,-772
824,-771
824,-770
824,-769
824,-768
823,-767
823,-766
823,-765
823,-764
823,-763
823,-762
822,-761
822,-760
822,-759
822,-758
822,-757
822,-756
821,-755
821,-754
821,-753
821,-752
821,-751
820,-750
820,-749
820,-748
819,-747
819,-746
819,-745
819,-744
819,-743
818,-742
818,-741
818,-740
818,-739
818,-738
817,-737
817,-736
817,-735
817,-734
816,-733
816,-732
816,-731
815,-730
815,-729
815,-728
814,-727
814,-726
814,-725
814,-724
814,-723
813,-722
813,-721
813,-720
812,-719
812,-718
811,-717
811,-716
811,-715
810,-714
810,-713
810,-712
809,-711
809,-710
808,-709
808,-708
807,-707
807,-706
807,-705
806,-704
806,-703
806,-702
805,-701
804,-700
804,-699
804,-698
803,-697
802,-696
802,-695
802,-694
801,-693
800,-692
799,-691
799,-690
798,-689
798,-688
797,-687
796,-686
796,-685
795,-684
794,-683
794,-682
794,-681
793,-680
792,-679
791,-678
791,-677
790,-676
790,-675
789,-674
788,-673
787,-672
786,-671
786,-670
785,-669
784,-668
783,-667
783,-666
782,-665
781,-664
780,-663
780,-662
779,-661
778,-660
777,-659
777,-658
776,-657
775,-656
774,-655
773,-654
772,-653
771,-652
770,-651
769,-650
768,-649
767,-648
766,-647
766,-646
765,-645
764,-644
763,-643
762,-642
761,-641
760,-640
759,-639
758,-638
758,-637
757,-637
756,-636
756,-635
755,-634
754,-633
753,-632
752,-631
751,-630
750,-629
749,-628
748,-627
747,-626
746,-625
745,-624
744,-623
743,-622
742,-621
741,-620
740,-619
739,-618
738,-617
737,-616
736,-615
735,-614
734,-613
733,-612
732,-611
731,-611
730,-610
730,-609
729,-609
728,-608
727,-607
726,-606
725,-605
724,-604
723,-603
722,-602
721,-601
720,-601
719,-600
718,-599
717,-598
716,-597
715,-597
714,-596
714,-595
713,-595
712,-594
711,-593
710,-592
709,-591
708,-590
707,-589
706,-588
705,-588
704,-587
703,-586
702,-585
701,-585
700,-584
699,-583
698,-582
697,-581
696,-581
695,-580
694,-579
693,-578
692,-577
691,-577
690,-576
689,-575
688,-574
687,-573
686,-573
685,-572
684,-571
683,-570
682,-569
681,-569
680,-568
679,-567
678,-567
677,-566
676,-565
675,-564
674,-564
673,-563
673,-562
672,-562
671,-561
670,-561
669,-560
668,-559
667,-559
666,-558
665,-557
664,-556
663,-556
662,-555
661,-555
660,-554
659,-554
658,-553
657,-552
656,-551
655,-551
654,-550
653,-550
652,-549
651,-549
650,-548
649,-547
648,-547
647,-546
646,-546
645,-545
644,-544
643,-544
642,-544
641,-543
640,-542
639,-542
638,-541
637,-541
636,-540
635,-539
634,-539
633,-538
632,-538
631,-537
630,-537
629,-536
628,-536
627,-535
626,-535
625,-534
624,-534
623,-533
622,-533
621,-533
620,-532
619,-532
618,-532
617,-531
616,-530
615,-530
614,-530
613,-529
612,-529
611,-528
610,-528
609,-527
608,-527
607,-526
606,-526
605,-525
604,-525
603,-525
602,-524
601,-524
600,-524
599,-523
598,-523
597,-522
596,-522
595,-522
594,-522
593,-521
592,-521
591,-521
590,-521
589,-521
588,-521
587,-521
586,-521
585,-521
584,-521
584,-522
584,-523
583,-524
583,-525
583,-526
583,-527
583,-528
583,-529
583,-530
582,-531
581,-531
580,-531
579,-531
578,-532
