542,-740
542,-741
542,-742
542,-743
542,-744
543,-744
544,-745
545,-745
546,-745
547,-745
548,-745
549,-745
550,-745
551,-745
552,-745
553,-746
553,-747
553,-748
554,-748
555,-748
556,-748
557,-748
558,-747
559,-747
560,-747
561,-747
562,-747
563,-748
564,-748
565,-749
566,-750
566,-751
566,-752
567,-752
568,-753
569,-753
570,-753
571,-753
572,-754
572,-755
572,-756
572,-757
573,-758
574,-759
575,-760
576,-761
576,-762
577,-762
578,-762
579,-762
580,-762
581,-762
582,-763
583,-764
584,-764
585,-764
586,-765
587,-765
588,-766
589,-766
590,-767
591,-768
591,-769
592,-770
593,-770
594,-770
595,-770
596,-771
597,-772
597,-773
597,-774
598,-774
599,-774
600,-775
600,-776
600,-777
601,-777
602,-777
603,-777
604,-777
605,-777
606,-778
607,-778
608,-778
609,-779
610,-779
611,-780
611,-781
611,-782
612,-782
613,-782
614,-782
615,-782
616,-783
616,-784
617,-784
618,-785
619,-785
620,-786
621,-786
622,-786
623,-786
624,-787
624,-788
625,-788
626,-789
627,-790
628,-791
629,-792
630,-792
631,-793
631,-794
632,-794
633,-794
634,-794
635,-795
636,-796
636,-797
636,-798
637,-798
638,-798
639,-799
640,-799
641,-799
642,-799
643,-800
644,-801
644,-802
645,-803
646,-803
647,-803
648,-803
649,-804
650,-804
651,-804
652,-804
653,-805
653,-806
654,-806
655,-806
656,-807
657,-808
658,-808
659,-808
660,-808
661,-808
662,-809
663,-810
664,-810
665,-810
666,-810
667,-811
668,-811
669,-811
670,-812
671,-812
672,-813
673,-813
674,-813
675,-813
676,-814
677,-815
678,-815
679,-815
680,-816
681,-816
682,-816
683,-816
684,-816
685,-816
686,-816
687,-817
687,-818
688,-819
689,-819
690,-820
691,-820
692,-820
693,-820
694,-820
695,-820
696,-821
697,-821
698,-821
699,-822
700,-822
701,-822
702,-822
703,-823
704,-823
705,-824
706,-824
707,-824
708,-824
709,-824
710,-824
711,-825
711,-826
712,-826
713,-826
714,-826
715,-826
716,-826
717,-826
718,-827
719,-827
720,-827
721,-827
722,-828
723,-828
724,-828
725,-828
726,-828
727,-828
728,-828
729,-829
730,-829
731,-829
732,-829
733,-829
734,-829
735,-830
736,-830
737,-830
738,-831
739,-831
740,-831
741,-831
742,-831
743,-831
744,-832
745,-832
746,-832
747,-832
748,-832
749,-832
750,-832
751,-832
752,-832
753,-832
754,-832
755,-832
756,-833
757,-833
758,-833
759,-833
760,-833
761,-834
762,-834
763,-834
764,-834
765,-834
766,-834
767,-834
768,-834
769,-834
770,-834
771,-834
772,-834
773,-834
774,-834
775,-834
776,-833
777,-833
778,-833
779,-833
780,-833
781,-833
782,-833
783,-833
784,-833
785,-833
786,-832
787,-832
788,-832
789,-832
790,-832
791,-832
792,-832
793,-831
794,-830
795,-829
796,-829
797,-829
798,-829
799,-828
800,-828
801,-828
802,-827
803,-827
804,-827
805,-827
806,-827
807,-826
808,-826
808,-825
809,-824
810,-824
811,-824
812,-824
813,-823
814,-822
815,-822
816,-821
816,-820
817,-819
818,-819
819,-818
820,-818
821,-818
822,-818
823,-818
824,-817
825,-817
826,-816
827,-815
828,-814
829,-813
830,-812
831,-811
832,-811
833,-811
833,-810
834,-809
835,-809
835,-808
835,-807
836,-806
837,-806
838,-806
839,-805
840,-805
841,-804
841,-803
842,-802
843,-802
844,-802
845,-802
845,-801
845,-800
846,-799
847,-799
848,-799
849,-799
849,-798
850,-797
851,-797
852,-797
853,-796
854,-795
855,-795
856,-795
857,-795
858,-796
859,-796
860,-797
861,-797
862,-797
863,-797
864,-797
865,-797
866,-797
867,-798
867,-799
868,-799
869,-799
870,-800
871,-800
872,-800
873,-800
874,-800
875,-800
876,-801
877,-801
878,-801
879,-801
880,-801
881,-801
882,-801
883,-801
884,-801
885,-801
886,-801
887,-801
888,-801
889,-801
890,-802
891,-802
892,-802
893,-802
894,-802
895,-802
896,-801
897,-801
898,-801
899,-802
900,-802
901,-802
902,-802
903,-802
904,-802
905,-802
906,-802
907,-802
908,-802
909,-802
910,-802
911,-802
912,-802
913,-802
914,-802
915,-802
916,-803
917,-803
918,-803
919,-803
920,-804
921,-804
922,-805
923,-806
924,-806
925,-806
926,-806
927,-806
928,-806
929,-806
930,-806
931,-806
932,-806
933,-806
934,-806
935,-806
936,-806
937,-806
938,-806
939,-806
940,-807
941,-807
942,-807
943,-807
944,-807
945,-807
946,-807
947,-807
948,-807
949,-808
950,-808
951,-808
952,-808
953,-808
954,-808
955,-808
956,-808
956,-807
956,-806
957,-805
957,-804
957,-803
958,-802
958,-801
958,-800
958,-799
958,-798
959,-797
959,-796
959,-795
959,-794
960,-793
960,-792
960,-791
960,-790
960,-789
960,-788
960,-787
959,-787
958,-787
957,-787
956,-786
955,-785
955,-784
955,-783
955,-782
954,-782
953,-781
953,-780
953,-779
954,-778
955,-778
956,-778
957,-778
958,-778
959,-778
960,-778
960,-777
960,-776
960,-775
960,-774
960,-773
960,-772
960,-771
960,-770
959,-770
958,-770
957,-770
956,-770
955,-770
954,-769
953,-769
952,-769
951,-769
950,-769
949,-768
948,-768
947,-768
946,-768
945,-767
944,-767
943,-767
942,-767
941,-766
940,-766
939,-765
938,-765
937,-764
936,-763
935,-763
934,-763
933,-763
932,-763
931,-763
930,-763
929,-763
928,-762
927,-762
926,-762
925,-761
925,-760
924,-760
923,-760
922,-760
921,-760
920,-759
919,-759
918,-758
917,-757
916,-756
915,-756
914,-756
913,-756
912,-756
911,-756
910,-756
909,-755
908,-755
907,-754
906,-754
905,-754
904,-753
903,-752
902,-752
901,-752
900,-752
899,-751
898,-751
897,-751
896,-751
895,-751
894,-751
893,-751
892,-751
891,-750
891,-749
890,-748
889,-748
888,-747
887,-747
886,-747
885,-746
884,-745
883,-745
882,-745
881,-745
880,-745
879,-744
879,-743
878,-743
877,-742
876,-742
875,-741
875,-740
874,-740
873,-739
872,-739
871,-739
870,-738
870,-737
869,-737
868,-736
867,-735
866,-734
865,-733
864,-732
863,-732
862,-731
861,-730
860,-729
859,-728
858,-727
857,-726
856,-725
855,-725
854,-724
854,-723
853,-723
852,-722
851,-721
850,-720
849,-719
848,-718
847,-717
846,-717
845,-716
844,-716
843,-715
842,-714
842,-713
841,-713
840,-712
839,-712
838,-711
837,-710
836,-710
835,-709
834,-709
833,-708
833,-707
832,-707
831,-706
831,-705
830,-705
829,-704
828,-703
827,-702
826,-701
825,-701
824,-701
823,-700
822,-699
821,-699
820,-698
819,-697
818,-697
817,-697
816,-696
815,-695
814,-695
813,-695
812,-694
811,-693
810,-693
809,-692
808,-692
807,-691
806,-691
805,-691
804,-691
803,-691
802,-690
801,-689
801,-688
800,-688
799,-688
798,-687
797,-687
796,-687
795,-686
794,-685
793,-685
792,-685
791,-684
790,-684
789,-684
788,-683
787,-683
786,-682
785,-682
784,-681
783,-681
782,-680
781,-680
780,-680
779,-680
778,-680
777,-679
776,-679
775,-679
774,-678
773,-678
772,-678
771,-678
770,-677
769,-677
768,-677
767,-676
766,-676
765,-676
764,-676
763,-675
762,-675
761,-675
760,-675
759,-675
758,-674
758,-673
757,-673
756,-673
755,-673
754,-673
753,-672
752,-672
751,-672
750,-672
749,-672
748,-671
747,-671
746,-671
745,-671
744,-671
743,-671
742,-670
741,-670
740,-669
739,-669
738,-669
737,-669
736,-669
735,-669
734,-668
733,-668
732,-668
731,-668
730,-668
729,-668
728,-668
727,-668
726,-668
725,-668
724,-668
723,-668
722,-668
721,-668
720,-668
719,-668
718,-668
717,-668
716,-668
715,-668
714,-667
713,-667
712,-667
711,-667
710,-667
709,-667
708,-667
707,-667
706,-667
705,-667
704,-667
703,-667
702,-668
701,-668
700,-668
699,-668
698,-668
697,-668
696,-668
695,-668
694,-668
693,-668
692,-668
691,-669
690,-669
689,-669
688,-669
687,-669
686,-669
685,-669
684,-669
683,-670
682,-670
681,-671
680,-671
679,-671
678,-671
677,-671
676,-671
675,-671
674,-671
673,-672
672,-672
671,-672
670,-673
669,-673
668,-673
667,-673
666,-674
665,-674
664,-674
663,-674
662,-675
661,-675
660,-675
659,-675
658,-675
657,-676
656,-676
655,-676
654,-677
653,-677
652,-677
651,-677
650,-677
649,-678
648,-678
647,-679
646,-679
645,-679
644,-679
643,-679
642,-679
641,-680
640,-680
639,-680
638,-680
637,-680
636,-681
635,-681
634,-681
633,-681
632,-682
631,-682
630,-683
629,-683
628,-683
627,-684
626,-684
625,-684
624,-685
623,-685
622,-685
621,-686
620,-686
619,-687
618,-687
617,-688
616,-688
615,-688
614,-689
613,-689
612,-689
611,-690
610,-690
609,-690
608,-691
607,-691
606,-691
605,-692
604,-692
603,-693
602,-693
601,-693
600,-694
599,-694
598,-694
597,-695
596,-695
595,-695
594,-695
593,-696
592,-696
591,-697
590,-697
589,-697
588,-697
587,-698
586,-699
585,-699
584,-699
583,-700
582,-700
581,-700
580,-701
579,-701
578,-702
577,-703
576,-703
575,-703
574,-704
573,-704
572,-705
571,-706
570,-706
569,-707
568,-707
567,-708
566,-708
565,-709
564,-710
563,-711
562,-711
561,-712
560,-713
559,-714
558,-715
557,-716
556,-717
555,-718
554,-719
553,-720
552,-721
551,-722
551,-723
550,-724
549,-724
549,-725
548,-726
548,-727
548,-728
548,-729
548,-730
548,-731
549,-732
550,-733
550,-734
550,-735
550,-736
550,-737
549,-738
548,-738
547,-738
546,-738
545,-738
544,-739
543,-740
542,-740
