540,-733
540,-734
540,-735
540,-736
540,-737
540,-738
540,-739
540,-740
540,-741
540,-742
541,-743
542,-743
543,-744
544,-744
545,-745
546,-745
547,-746
548,-747
549,-747
550,-747
551,-748
551,-749
552,-749
553,-750
554,-750
555,-750
556,-751
557,-752
558,-752
559,-753
560,-753
561,-754
562,-754
563,-755
564,-755
565,-756
566,-757
567,-757
568,-758
569,-759
570,-759
571,-760
572,-761
573,-762
574,-762
575,-763
576,-763
577,-764
578,-764
579,-765
579,-766
580,-766
581,-767
582,-767
583,-768
584,-769
585,-769
586,-770
587,-771
588,-771
589,-772
590,-772
591,-773
592,-774
593,-774
594,-775
595,-776
596,-776
597,-776
598,-777
599,-778
600,-778
601,-779
602,-779
603,-780
604,-780
605,-781
606,-781
607,-782
608,-783
608,-784
609,-784
610,-784
611,-785
612,-785
613,-786
614,-787
615,-788
616,-788
617,-789
618,-789
619,-789
620,-790
621,-791
622,-792
623,-792
624,-793
625,-793
626,-794
627,-795
628,-795
629,-795
630,-796
631,-797
632,-797
633,-797
634,-797
635,-797
636,-798
637,-799
638,-800
639,-800
640,-801
641,-801
642,-802
643,-802
644,-803
645,-803
646,-804
647,-804
648,-805
649,-805
650,-805
651,-805
652,-806
653,-806
654,-807
655,-808
656,-808
657,-809
658,-809
659,-809
660,-810
661,-810
662,-810
663,-811
664,-812
665,-812
666,-813
667,-813
668,-813
669,-813
670,-814
671,-814
672,-815
673,-816
674,-816
675,-816
676,-817
677,-817
678,-817
679,-818
680,-818
681,-819
682,-819
683,-819
684,-820
685,-820
686,-820
687,-820
688,-821
689,-821
690,-821
691,-822
692,-823
693,-823
694,-824
695,-824
696,-825
697,-825
698,-825
699,-825
700,-825
701,-826
702,-826
703,-826
704,-826
705,-826
706,-827
707,-827
708,-828
709,-828
710,-828
711,-828
712,-828
713,-828
714,-829
715,-829
716,-829
717,-829
718,-829
719,-829
720,-829
721,-829
722,-829
723,-829
724,-829
725,-829
726,-829
727,-829
728,-829
729,-829
730,-829
731,-829
732,-829
733,-829
734,-829
735,-829
736,-829
737,-829
738,-829
739,-829
740,-828
741,-828
742,-828
743,-828
744,-828
745,-828
746,-828
747,-828
748,-828
749,-828
750,-828
751,-828
752,-827
753,-827
754,-827
755,-827
756,-827
757,-827
758,-826
759,-826
760,-826
761,-826
762,-826
763,-826
764,-825
765,-825
766,-825
767,-824
768,-824
769,-824
770,-824
771,-824
772,-824
773,-823
774,-823
775,-823
776,-823
777,-822
778,-822
779,-822
780,-821
781,-821
782,-821
783,-821
784,-821
785,-821
786,-820
787,-820
788,-820
789,-820
790,-820
791,-820
792,-819
793,-819
794,-819
795,-818
796,-818
797,-818
798,-818
799,-817
800,-817
801,-817
802,-816
803,-816
804,-816
805,-816
806,-816
807,-815
808,-815
809,-814
810,-813
811,-813
812,-813
813,-812
814,-812
815,-812
816,-811
817,-811
818,-811
819,-811
820,-810
821,-809
822,-808
823,-808
824,-808
825,-807
826,-807
827,-806
828,-806
829,-805
830,-805
831,-804
832,-804
833,-804
834,-803
835,-803
836,-802
837,-802
838,-801
839,-801
840,-800
841,-800
842,-799
843,-799
844,-798
845,-797
846,-797
847,-797
848,-796
849,-796
850,-795
851,-795
852,-794
853,-794
854,-794
855,-794
856,-793
857,-793
858,-792
859,-791
860,-791
861,-790
862,-790
863,-790
864,-790
865,-789
866,-789
867,-788
868,-788
869,-788
870,-788
871,-788
872,-787
873,-787
874,-787
875,-787
876,-787
877,-787
878,-787
879,-787
880,-787
881,-786
882,-786
883,-786
884,-786
885,-786
886,-786
887,-786
888,-786
889,-786
890,-786
891,-785
892,-785
893,-785
894,-785
895,-785
896,-785
897,-785
898,-785
899,-785
900,-785
901,-784
902,-784
903,-784
904,-784
905,-784
906,-784
907,-784
908,-784
909,-784
910,-784
911,-784
912,-784
913,-784
914,-784
915,-784
916,-784
917,-784
918,-784
919,-784
920,-784
921,-784
922,-784
923,-784
924,-783
925,-783
926,-783
927,-783
928,-783
929,-783
930,-783
931,-783
932,-783
933,-783
934,-782
935,-782
936,-782
937,-782
938,-782
939,-782
940,-782
941,-782
942,-782
943,-782
944,-782
945,-782
946,-782
947,-782
948,-782
949,-782
950,-782
951,-782
952,-782
953,-782
954,-781
955,-781
956,-780
957,-780
958,-780
959,-780
960,-779
960,-778
960,-777
960,-776
961,-775
961,-774
961,-773
961,-772
961,-771
961,-770
961,-769
960,-768
960,-767
960,-766
960,-765
959,-765
958,-765
957,-765
956,-765
955,-765
954,-765
953,-765
952,-765
951,-765
950,-765
949,-765
948,-765
947,-764
946,-764
945,-764
944,-764
943,-764
942,-763
941,-763
940,-763
939,-762
939,-761
939,-760
939,-759
938,-759
937,-759
936,-759
935,-759
934,-759
933,-759
932,-759
931,-759
930,-759
929,-759
928,-759
927,-759
926,-760
925,-760
924,-760
923,-760
922,-760
921,-760
920,-759
919,-759
918,-759
917,-759
916,-759
915,-758
914,-758
913,-758
912,-757
911,-756
910,-756
909,-756
908,-755
907,-755
906,-755
905,-755
904,-754
903,-754
902,-753
901,-753
900,-753
899,-753
898,-753
897,-753
896,-752
895,-752
894,-752
893,-751
892,-751
891,-751
890,-750
889,-749
888,-749
887,-749
886,-749
885,-748
884,-748
883,-748
882,-747
881,-747
880,-746
879,-746
878,-746
877,-745
877,-744
876,-744
875,-744
874,-743
873,-742
872,-742
871,-741
870,-741
869,-740
868,-740
867,-739
866,-738
865,-737
864,-736
863,-735
862,-734
861,-734
860,-733
860,-732
859,-731
858,-730
857,-729
857,-728
856,-727
855,-726
854,-725
853,-724
852,-723
851,-722
850,-721
850,-720
849,-720
848,-719
847,-718
846,-717
845,-716
845,-715
844,-714
843,-714
842,-713
841,-712
840,-711
839,-710
838,-709
837,-708
836,-708
835,-707
834,-706
833,-705
832,-704
831,-704
830,-703
829,-703
828,-702
827,-701
827,-700
826,-700
825,-699
824,-699
823,-698
822,-698
821,-697
820,-696
819,-696
818,-695
817,-695
816,-694
815,-693
814,-693
813,-692
812,-692
811,-691
810,-691
809,-691
808,-690
807,-689
806,-688
805,-688
804,-688
803,-687
802,-687
801,-687
800,-687
799,-686
798,-686
797,-685
796,-685
795,-684
794,-684
793,-684
792,-684
791,-683
790,-683
789,-683
788,-683
787,-682
786,-682
785,-681
784,-681
783,-681
782,-681
781,-680
780,-680
779,-680
778,-680
777,-679
776,-679
775,-679
774,-678
773,-678
772,-678
771,-678
770,-678
769,-678
768,-678
767,-677
766,-677
765,-677
764,-677
763,-677
762,-676
761,-676
760,-676
759,-676
758,-676
757,-676
756,-675
755,-675
754,-675
753,-675
752,-675
751,-675
750,-675
749,-675
748,-675
747,-674
746,-674
745,-674
744,-674
743,-674
742,-673
741,-673
740,-673
739,-673
738,-673
737,-673
736,-673
735,-673
734,-673
733,-673
732,-673
731,-673
730,-672
729,-672
728,-672
727,-672
726,-672
725,-672
724,-672
723,-672
722,-672
721,-672
720,-672
719,-672
718,-672
717,-672
716,-672
715,-672
714,-672
713,-672
712,-672
711,-672
710,-672
709,-672
708,-672
707,-673
706,-673
705,-673
704,-673
703,-673
702,-673
701,-673
700,-673
699,-673
698,-673
697,-673
696,-673
695,-674
694,-674
693,-674
692,-674
691,-674
690,-675
689,-675
688,-675
687,-675
686,-675
685,-675
684,-676
683,-676
682,-676
681,-676
680,-676
679,-676
678,-676
677,-676
676,-676
675,-677
674,-677
673,-677
672,-677
671,-678
670,-678
669,-678
668,-678
667,-678
666,-678
665,-678
664,-679
663,-679
662,-679
661,-679
660,-680
659,-680
658,-680
657,-680
656,-681
655,-681
654,-681
653,-682
652,-682
651,-683
650,-683
649,-683
648,-683
647,-683
646,-684
645,-684
644,-684
643,-684
642,-685
641,-685
640,-686
639,-686
638,-687
637,-687
636,-688
635,-688
634,-688
633,-689
632,-689
631,-689
630,-690
629,-690
628,-691
627,-691
626,-691
625,-692
624,-692
623,-692
623,-693
622,-694
621,-694
620,-694
619,-695
618,-695
617,-695
616,-696
615,-696
614,-696
613,-697
612,-697
611,-697
610,-698
609,-699
608,-699
607,-700
606,-700
605,-700
604,-700
603,-701
602,-701
601,-701
600,-702
599,-702
598,-703
597,-703
596,-703
595,-704
594,-704
593,-704
592,-705
591,-705
590,-705
589,-706
588,-706
587,-707
586,-707
585,-707
584,-708
583,-708
582,-709
581,-709
580,-709
579,-710
578,-710
577,-711
576,-711
575,-712
574,-712
573,-712
572,-713
571,-713
570,-713
569,-714
568,-714
567,-715
566,-715
565,-715
564,-716
563,-716
562,-717
561,-717
560,-718
559,-718
558,-719
557,-719
556,-719
555,-720
554,-720
553,-721
552,-721
551,-721
550,-722
549,-722
548,-723
547,-723
546,-724
545,-724
544,-725
543,-726
542,-726
542,-727
542,-728
542,-729
542,-730
542,-731
542,-732
541,-733
540,-733
