579,-542
579,-543
579,-544
579,-545
579,-546
579,-547
579,-548
579,-549
579,-550
579,-551
579,-552
579,-553
579,-554
579,-555
579,-556
579,-557
579,-558
579,-559
579,-560
579,-561
579,-562
579,-563
580,-564
580,-565
580,-566
580,-567
580,-568
580,-569
580,-570
580,-571
580,-572
580,-573
580,-574
581,-575
581,-576
581,-577
581,-578
581,-579
582,-580
582,-581
582,-582
582,-583
583,-584
583,-585
583,-586
583,-587
583,-588
583,-589
583,-590
583,-591
583,-592
583,-593
583,-594
583,-595
583,-596
583,-597
583,-598
583,-599
584,-600
584,-601
584,-602
584,-603
584,-604
585,-605
585,-606
585,-607
585,-608
585,-609
586,-610
586,-611
586,-612
586,-613
586,-614
587,-615
587,-616
587,-617
587,-618
587,-619
587,-620
587,-621
588,-622
588,-623
588,-624
589,-625
589,-626
589,-627
589,-628
589,-629
590,-630
590,-631
590,-632
590,-633
591,-634
591,-635
591,-636
591,-637
591,-638
591,-639
592,-640
592,-641
592,-642
592,-643
593,-644
593,-645
593,-646
594,-647
594,-648
595,-649
595,-650
595,-651
595,-652
595,-653
596,-654
596,-655
596,-656
597,-657
597,-658
598,-659
598,-660
598,-661
598,-662
599,-663
599,-664
600,-665
600,-666
600,-667
601,-668
601,-669
601,-670
602,-671
602,-672
602,-673
603,-674
604,-675
604,-676
604,-677
604,-678
605,-679
605,-680
605,-681
606,-682
607,-683
607,-684
607,-685
607,-686
608,-687
608,-688
608,-689
609,-690
609,-691
609,-692
610,-693
610,-694
611,-695
611,-696
612,-697
612,-698
612,-699
612,-700
613,-701
613,-702
614,-703
615,-704
615,-705
616,-706
617,-707
618,-707
619,-707
620,-707
621,-707
622,-707
623,-707
624,-707
625,-707
626,-708
626,-709
626,-710
625,-711
624,-711
624,-712
624,-713
623,-714
622,-714
622,-715
622,-716
622,-717
622,-718
622,-719
622,-720
623,-721
624,-722
624,-723
624,-724
625,-725
626,-726
626,-727
627,-728
627,-729
628,-730
629,-731
630,-732
631,-733
631,-734
631,-735
632,-736
632,-737
633,-738
634,-739
634,-740
635,-741
636,-742
637,-743
637,-744
637,-745
637,-746
638,-746
639,-747
640,-748
640,-749
641,-750
641,-751
641,-752
642,-752
643,-753
644,-754
645,-755
646,-756
646,-757
647,-758
647,-759
648,-760
649,-761
649,-762
650,-762
651,-763
651,-764
652,-765
653,-766
653,-767
654,-767
655,-768
655,-769
655,-770
656,-771
657,-772
657,-773
658,-774
659,-774
660,-775
660,-776
661,-777
662,-777
663,-778
664,-779
665,-780
666,-781
667,-782
667,-783
668,-783
669,-784
670,-785
670,-786
670,-787
671,-788
672,-789
673,-789
674,-790
675,-791
675,-792
675,-793
676,-793
677,-794
678,-795
679,-796
680,-797
681,-798
682,-799
683,-800
684,-801
685,-802
685,-803
686,-803
687,-804
688,-804
689,-805
690,-806
690,-807
691,-807
692,-808
693,-809
693,-810
694,-810
695,-811
696,-812
697,-812
698,-812
699,-813
699,-814
699,-815
700,-815
701,-815
702,-816
703,-817
704,-818
705,-819
706,-819
707,-820
708,-821
709,-822
710,-823
711,-823
712,-824
713,-824
714,-825
715,-826
716,-827
717,-828
718,-828
719,-829
720,-829
721,-830
722,-830
723,-831
723,-832
724,-833
725,-833
726,-834
727,-835
728,-835
729,-836
730,-836
731,-837
732,-838
733,-838
734,-839
735,-839
736,-839
737,-840
738,-841
739,-841
740,-841
741,-842
742,-843
743,-843
744,-844
745,-844
746,-845
747,-845
748,-846
749,-847
750,-847
751,-847
752,-848
753,-848
754,-849
755,-849
756,-849
757,-850
758,-850
759,-851
760,-851
761,-852
762,-852
763,-852
764,-852
765,-853
766,-853
767,-853
768,-853
769,-853
770,-854
771,-854
772,-855
773,-855
774,-855
775,-856
776,-856
777,-856
778,-856
779,-857
780,-857
781,-858
782,-858
783,-858
784,-858
785,-859
786,-859
787,-860
788,-860
789,-860
790,-861
790,-862
791,-862
792,-862
793,-863
794,-863
795,-864
796,-865
797,-865
798,-866
799,-867
800,-868
801,-869
802,-869
803,-870
804,-870
805,-871
806,-872
807,-872
808,-873
809,-874
809,-875
810,-875
811,-876
812,-877
813,-878
814,-878
815,-879
815,-880
816,-881
817,-881
818,-882
818,-883
819,-883
820,-884
821,-885
822,-885
823,-886
823,-887
824,-888
824,-889
824,-890
825,-890
826,-890
827,-891
828,-891
829,-892
830,-893
831,-894
832,-895
833,-896
834,-897
834,-898
835,-898
836,-899
837,-900
838,-901
839,-901
840,-902
841,-903
842,-904
843,-905
844,-906
845,-907
846,-907
847,-908
847,-909
848,-910
849,-910
850,-911
850,-912
851,-912
852,-913
853,-914
854,-915
855,-916
856,-916
857,-917
858,-918
858,-919
858,-920
859,-920
860,-920
861,-921
862,-922
863,-922
864,-923
864,-924
865,-924
866,-924
867,-925
867,-926
867,-927
867,-928
868,-929
869,-930
870,-930
871,-930
872,-931
873,-932
873,-933
874,-934
875,-934
876,-934
877,-934
878,-934
879,-934
880,-935
880,-936
880,-937
880,-938
880,-939
881,-940
881,-941
882,-942
882,-943
882,-944
882,-945
882,-946
883,-947
884,-947
885,-948
885,-949
886,-950
887,-950
888,-950
889,-950
890,-951
891,-951
892,-951
893,-952
893,-953
893,-954
894,-955
895,-955
896,-955
897,-956
898,-957
898,-958
898,-959
898,-960
898,-961
898,-962
899,-962
900,-962
901,-963
902,-963
903,-963
904,-963
905,-964
906,-964
907,-964
908,-964
909,-964
910,-963
911,-963
912,-963
913,-963
914,-963
915,-963
916,-963
917,-962
918,-961
918,-960
919,-959
920,-959
920,-958
920,-957
920,-956
920,-955
921,-954
922,-954
922,-953
922,-952
922,-951
922,-950
922,-949
922,-948
922,-947
922,-946
922,-945
922,-944
922,-943
922,-942
922,-941
922,-940
921,-940
920,-939
920,-938
919,-938
918,-938
917,-938
916,-938
915,-937
914,-936
914,-935
914,-934
914,-933
913,-933
912,-932
911,-932
910,-931
910,-930
910,-929
910,-928
909,-928
908,-927
908,-926
908,-925
907,-925
906,-925
905,-924
904,-923
904,-922
904,-921
904,-920
904,-919
903,-918
902,-917
902,-916
901,-916
900,-916
899,-915
898,-914
898,-913
898,-912
898,-911
898,-910
898,-909
897,-908
896,-907
895,-906
894,-905
893,-905
892,-904
891,-903
890,-902
889,-902
888,-901
887,-900
886,-899
885,-898
884,-897
883,-897
882,-896
881,-895
880,-894
879,-894
878,-893
878,-892
877,-891
876,-890
875,-889
874,-888
873,-887
872,-886
871,-885
870,-884
869,-883
868,-882
867,-881
866,-880
865,-879
864,-878
863,-877
862,-876
861,-875
860,-874
860,-873
859,-872
858,-871
857,-870
857,-869
856,-869
855,-868
855,-867
854,-866
853,-865
852,-864
852,-863
851,-862
850,-861
850,-860
849,-859
849,-858
848,-857
847,-856
846,-855
845,-854
845,-853
844,-852
843,-851
843,-850
842,-849
841,-848
840,-847
840,-846
839,-845
838,-844
838,-843
837,-842
836,-841
836,-840
835,-839
835,-838
834,-837
834,-836
833,-835
832,-834
832,-833
831,-832
831,-831
831,-830
830,-829
830,-828
829,-827
829,-826
828,-825
828,-824
828,-823
827,-822
827,-821
826,-820
826,-819
826,-818
826,-817
826,-816
825,-815
825,-814
825,-813
825,-812
825,-811
825,-810
825,-809
824,-808
824,-807
824,-806
824,-805
824,-804
824,-803
824,-802
824,-801
824,-800
824,-799
824,-798
824,-797
824,-796
824,-795
823,-794
823,-793
823,-792
823,-791
823,-790
823,-789
823,-788
822,-787
822,-786
822,-785
822,-784
821,-783
821,-782
821,-781
821,-780
820,-779
820,-778
820,-777
819,-776
819,-775
818,-774
818,-773
818,-772
818,-771
817,-770
817,-769
817,-768
816,-767
816,-766
816,-765
816,-764
815,-763
815,-762
814,-761
814,-760
813,-759
813,-758
813,-757
813,-756
812,-755
812,-754
811,-753
811,-752
811,-751
810,-750
809,-749
809,-748
809,-747
808,-746
808,-745
807,-744
807,-743
806,-742
806,-741
805,-740
805,-739
805,-738
804,-737
803,-736
803,-735
802,-734
802,-733
801,-732
801,-731
800,-730
800,-729
799,-728
799,-727
798,-726
797,-725
797,-724
797,-723
796,-722
795,-721
795,-720
794,-719
793,-718
793,-717
792,-716
791,-715
791,-714
790,-713
790,-712
789,-711
789,-710
788,-709
788,-708
787,-707
787,-706
786,-705
785,-704
785,-703
785,-702
784,-701
783,-700
782,-699
782,-698
781,-697
781,-696
780,-695
779,-694
779,-693
778,-692
777,-691
777,-690
777,-689
776,-688
775,-687
774,-686
774,-685
773,-684
773,-683
772,-682
771,-681
771,-680
770,-679
769,-678
769,-677
768,-676
767,-675
766,-674
766,-673
765,-672
764,-671
764,-670
763,-669
762,-668
761,-667
761,-666
760,-665
759,-664
758,-663
758,-662
757,-661
757,-660
756,-659
755,-658
754,-657
753,-656
753,-655
752,-654
751,-653
750,-652
749,-651
748,-650
748,-649
747,-648
746,-647
745,-646
744,-645
744,-644
743,-643
742,-642
741,-641
740,-640
739,-639
738,-638
737,-637
736,-636
735,-635
734,-634
733,-633
732,-632
731,-631
730,-630
729,-629
728,-628
727,-627
726,-626
725,-625
724,-624
723,-624
722,-623
721,-622
720,-621
719,-620
718,-619
717,-618
716,-618
715,-617
714,-616
713,-615
712,-614
711,-613
710,-612
709,-612
708,-611
707,-610
706,-610
705,-609
704,-608
703,-608
702,-607
701,-607
700,-606
699,-605
698,-604
697,-604
696,-604
695,-603
694,-602
693,-601
692,-601
691,-600
690,-600
689,-599
688,-598
687,-598
686,-597
685,-596
684,-596
683,-595
683,-594
682,-594
681,-593
680,-593
679,-592
678,-592
677,-591
676,-590
675,-589
674,-589
673,-589
672,-588
671,-588
670,-588
669,-587
668,-586
667,-586
666,-585
665,-584
664,-584
663,-583
662,-582
661,-582
660,-581
659,-580
658,-580
657,-579
656,-579
655,-579
654,-578
653,-577
652,-577
651,-576
650,-575
649,-575
648,-574
647,-574
646,-573
645,-573
644,-572
643,-572
642,-571
641,-571
640,-570
639,-570
638,-569
637,-569
636,-568
635,-568
634,-567
633,-566
632,-566
631,-565
630,-564
629,-564
628,-563
627,-563
626,-562
625,-562
624,-561
623,-561
622,-560
621,-560
620,-559
619,-558
618,-558
617,-557
616,-557
615,-556
614,-555
613,-555
612,-554
611,-554
610,-553
609,-552
608,-552
607,-551
606,-551
605,-550
604,-549
603,-549
602,-548
601,-547
600,-546
599,-546
598,-545
597,-545
596,-544
595,-544
594,-543
593,-542
592,-541
591,-540
590,-540
589,-539
588,-539
587,-538
586,-538
585,-537
584,-537
583,-537
582,-537
581,-537
581,-538
580,-539
580,-540
580,-541
579,-542
