558,-596
558,-597
558,-598
558,-599
558,-600
558,-601
558,-602
558,-603
559,-603
560,-604
561,-605
561,-606
561,-607
561,-608
561,-609
561,-610
560,-611
560,-612
560,-613
560,-614
560,-615
561,-615
562,-615
563,-615
564,-615
565,-616
565,-617
565,-618
566,-619
567,-620
567,-621
567,-622
568,-622
569,-623
569,-624
569,-625
570,-626
570,-627
571,-628
571,-629
571,-630
571,-631
572,-632
572,-633
572,-634
573,-634
574,-635
575,-635
576,-636
576,-637
577,-638
577,-639
577,-640
578,-641
578,-642
579,-643
579,-644
580,-645
580,-646
581,-646
582,-647
582,-648
582,-649
583,-649
584,-649
585,-650
585,-651
585,-652
586,-652
587,-653
587,-654
587,-655
588,-656
588,-657
589,-658
590,-659
590,-660
591,-661
592,-661
593,-662
593,-663
594,-664
594,-665
595,-665
596,-666
597,-667
598,-668
598,-669
599,-670
600,-671
600,-672
600,-673
601,-674
602,-675
603,-675
604,-675
605,-676
605,-677
606,-678
606,-679
606,-680
607,-680
608,-680
609,-681
609,-682
609,-683
609,-684
610,-685
611,-686
612,-687
612,-688
612,-689
613,-690
614,-690
615,-690
616,-691
616,-692
616,-693
617,-693
618,-694
618,-695
619,-696
620,-697
621,-698
621,-699
621,-700
621,-701
622,-701
623,-702
624,-703
624,-704
625,-705
626,-706
626,-707
627,-708
628,-709
628,-710
629,-711
629,-712
630,-712
631,-713
631,-714
632,-714
633,-715
633,-716
634,-716
635,-717
636,-718
636,-719
636,-720
637,-721
638,-721
639,-722
639,-723
639,-724
640,-724
641,-725
642,-726
643,-727
643,-728
644,-729
645,-730
645,-731
646,-731
647,-731
648,-732
648,-733
648,-734
649,-735
650,-735
651,-736
651,-737
652,-738
653,-739
654,-740
655,-741
656,-742
657,-743
658,-743
659,-744
660,-744
661,-745
661,-746
661,-747
662,-748
663,-748
664,-749
664,-750
665,-751
666,-751
667,-752
668,-752
669,-753
669,-754
669,-755
670,-756
671,-756
672,-757
673,-758
674,-759
674,-760
675,-760
676,-760
677,-761
678,-761
679,-762
679,-763
680,-763
681,-764
682,-765
682,-766
683,-766
684,-767
685,-767
686,-768
687,-769
688,-770
689,-771
690,-771
691,-771
692,-771
693,-772
693,-773
694,-773
695,-774
696,-775
697,-775
698,-776
699,-776
700,-777
701,-778
701,-779
702,-780
703,-780
704,-780
705,-781
706,-781
707,-782
707,-783
708,-784
709,-784
710,-785
710,-786
711,-786
712,-786
713,-787
713,-788
714,-788
715,-788
716,-788
717,-788
718,-788
719,-788
720,-789
721,-789
722,-790
722,-791
722,-792
723,-792
724,-792
725,-793
726,-793
727,-794
728,-795
728,-796
729,-796
730,-796
731,-796
732,-796
733,-796
734,-796
735,-796
736,-796
737,-797
738,-798
738,-799
738,-800
738,-801
739,-801
740,-801
741,-801
742,-802
743,-802
744,-802
745,-802
746,-802
747,-803
748,-803
749,-803
750,-804
751,-804
752,-804
753,-804
754,-804
755,-804
756,-805
757,-805
758,-805
759,-805
760,-806
761,-806
762,-806
763,-806
764,-807
765,-807
766,-807
767,-807
768,-807
769,-808
770,-808
771,-808
772,-808
773,-808
774,-808
775,-808
776,-808
777,-808
778,-808
779,-808
780,-808
781,-809
782,-809
783,-809
784,-809
785,-809
786,-809
787,-809
788,-809
789,-809
790,-809
791,-809
792,-809
793,-809
794,-809
795,-809
796,-809
797,-809
798,-810
799,-810
800,-810
801,-810
802,-810
803,-810
804,-810
805,-810
806,-810
807,-810
808,-810
809,-811
810,-812
811,-812
812,-813
813,-814
813,-815
814,-816
815,-817
815,-818
815,-819
816,-820
817,-821
818,-821
819,-822
820,-822
821,-823
822,-823
823,-824
823,-825
824,-825
825,-826
826,-827
827,-827
828,-828
828,-829
829,-830
829,-831
829,-832
830,-833
831,-834
831,-835
832,-836
833,-837
834,-838
835,-838
836,-838
837,-839
837,-840
837,-841
837,-842
838,-843
838,-844
838,-845
839,-846
839,-847
840,-847
841,-848
841,-849
842,-849
843,-850
844,-850
845,-850
846,-851
846,-852
846,-853
847,-854
848,-854
849,-855
850,-856
851,-857
852,-858
853,-859
854,-860
854,-861
855,-862
856,-862
857,-863
858,-864
858,-865
859,-865
860,-866
861,-867
862,-868
863,-868
864,-869
864,-870
864,-871
864,-872
864,-873
864,-874
864,-875
864,-876
864,-877
864,-878
865,-878
866,-878
867,-878
868,-878
869,-879
870,-880
871,-880
872,-880
873,-881
873,-882
874,-883
875,-883
876,-884
877,-884
878,-884
879,-885
879,-886
880,-887
881,-888
882,-889
883,-890
884,-891
884,-892
885,-892
886,-892
887,-893
887,-894
887,-895
888,-895
889,-895
890,-896
890,-897
890,-898
891,-898
892,-898
893,-898
894,-899
895,-900
895,-901
895,-902
895,-903
895,-904
895,-905
896,-905
897,-905
898,-905
899,-905
900,-905
901,-905
902,-906
902,-907
902,-908
902,-909
903,-909
904,-909
905,-909
906,-910
906,-911
907,-911
908,-912
909,-913
909,-914
909,-915
910,-915
911,-915
912,-916
913,-916
914,-916
915,-916
916,-917
916,-918
917,-919
918,-919
919,-919
920,-920
920,-921
921,-921
922,-921
923,-921
924,-921
925,-921
926,-921
927,-921
928,-920
928,-919
928,-918
928,-917
928,-916
928,-915
929,-914
930,-913
930,-912
930,-911
930,-910
930,-909
929,-908
928,-907
928,-906
928,-905
928,-904
928,-903
928,-902
928,-901
927,-900
926,-900
925,-899
925,-898
925,-897
925,-896
926,-895
927,-895
927,-894
928,-893
929,-893
930,-893
931,-893
932,-893
933,-893
934,-893
935,-893
936,-893
937,-893
938,-893
939,-893
940,-893
941,-893
942,-892
943,-892
944,-892
944,-891
944,-890
944,-889
944,-888
943,-888
942,-887
941,-886
940,-885
940,-884
939,-884
938,-883
938,-882
937,-881
937,-880
936,-880
935,-879
935,-878
934,-877
933,-876
932,-875
931,-874
931,-873
930,-872
929,-871
928,-870
927,-869
926,-868
925,-867
925,-866
924,-865
924,-864
923,-863
922,-862
921,-861
920,-860
919,-860
918,-859
917,-858
916,-857
916,-856
915,-855
914,-854
913,-853
912,-852
911,-851
911,-850
910,-849
909,-848
908,-847
907,-846
906,-845
905,-844
904,-843
903,-842
902,-841
901,-840
900,-839
899,-838
899,-837
898,-836
897,-836
896,-835
895,-834
895,-833
894,-832
893,-831
892,-830
891,-829
891,-828
890,-827
890,-826
889,-826
888,-825
887,-824
886,-823
885,-822
884,-821
883,-820
882,-819
882,-818
881,-817
880,-816
879,-815
878,-814
877,-813
876,-812
876,-811
875,-810
874,-809
874,-808
873,-808
872,-807
872,-806
871,-805
870,-804
870,-803
869,-802
868,-801
867,-800
866,-799
865,-798
864,-797
864,-796
863,-795
863,-794
862,-793
861,-792
860,-791
859,-790
859,-789
858,-788
857,-787
856,-786
856,-785
855,-784
855,-783
854,-782
853,-781
852,-780
852,-779
851,-778
851,-777
850,-776
850,-775
849,-774
849,-773
848,-772
848,-771
847,-770
846,-769
846,-768
846,-767
845,-766
845,-765
845,-764
844,-763
844,-762
844,-761
844,-760
843,-759
843,-758
843,-757
842,-756
842,-755
842,-754
842,-753
841,-752
841,-751
840,-750
840,-749
840,-748
840,-747
840,-746
840,-745
839,-744
838,-743
838,-742
837,-741
837,-740
837,-739
836,-738
836,-737
836,-736
836,-735
835,-734
835,-733
834,-732
834,-731
834,-730
834,-729
833,-728
832,-727
832,-726
831,-725
831,-724
831,-723
831,-722
830,-721
830,-720
829,-719
828,-718
828,-717
828,-716
827,-715
827,-714
826,-713
825,-712
825,-711
824,-710
823,-709
822,-708
822,-707
821,-706
821,-705
820,-704
819,-703
819,-702
818,-701
817,-700
816,-699
816,-698
815,-697
814,-696
814,-695
813,-694
812,-694
811,-693
811,-692
810,-691
809,-690
808,-689
808,-688
807,-687
806,-686
805,-685
804,-684
804,-683
803,-682
802,-681
801,-680
800,-680
799,-679
798,-678
798,-677
797,-677
796,-676
795,-675
795,-674
794,-673
793,-672
792,-671
791,-670
790,-669
789,-668
788,-668
787,-667
786,-666
785,-665
784,-664
783,-663
782,-662
781,-662
780,-661
780,-660
779,-660
778,-659
777,-659
776,-658
775,-657
774,-656
773,-655
772,-654
771,-653
770,-653
769,-652
768,-651
767,-650
766,-649
765,-649
764,-648
763,-647
762,-646
761,-645
760,-645
759,-644
758,-644
757,-643
756,-642
755,-641
754,-641
753,-640
752,-640
751,-639
750,-638
749,-637
748,-636
747,-636
746,-635
745,-635
744,-634
744,-633
743,-633
742,-632
741,-632
740,-631
739,-631
738,-630
737,-630
736,-629
735,-629
734,-628
733,-627
732,-627
731,-626
730,-626
729,-625
728,-625
727,-624
726,-623
725,-623
724,-622
723,-621
722,-621
721,-621
720,-620
719,-620
718,-619
718,-618
717,-618
716,-618
715,-617
714,-616
713,-616
712,-616
711,-616
710,-615
709,-614
708,-614
707,-613
706,-613
705,-613
704,-613
703,-612
702,-612
701,-611
701,-610
700,-610
699,-609
698,-609
697,-609
696,-608
695,-608
694,-608
693,-607
692,-607
691,-607
690,-606
689,-606
688,-606
687,-605
686,-605
685,-605
684,-604
683,-604
682,-604
681,-604
680,-603
679,-603
678,-603
677,-603
676,-602
675,-602
674,-601
673,-601
672,-601
671,-600
670,-599
669,-599
668,-599
667,-598
666,-598
665,-598
664,-597
663,-597
662,-597
661,-597
660,-597
659,-596
658,-596
657,-596
656,-595
655,-595
654,-595
653,-594
652,-594
651,-594
650,-594
649,-594
648,-593
647,-593
646,-593
645,-592
644,-591
643,-591
642,-591
641,-591
640,-591
639,-591
638,-590
637,-590
636,-590
635,-590
634,-590
633,-589
632,-589
631,-588
630,-588
629,-588
628,-587
627,-587
626,-587
625,-587
624,-586
623,-586
622,-586
621,-586
620,-586
619,-585
618,-585
617,-585
616,-585
615,-585
614,-584
613,-584
612,-584
611,-584
610,-584
609,-584
608,-583
607,-583
606,-583
605,-583
604,-583
603,-583
602,-582
601,-582
600,-582
599,-582
598,-582
597,-582
596,-582
595,-582
594,-582
593,-581
592,-581
591,-581
590,-581
589,-581
588,-581
587,-581
586,-581
585,-581
584,-581
583,-581
582,-581
581,-581
580,-581
579,-581
578,-581
577,-581
576,-581
575,-581
574,-581
573,-581
572,-581
571,-581
570,-582
569,-582
568,-582
567,-582
566,-582
565,-583
564,-583
563,-583
562,-584
561,-584
561,-585
561,-586
561,-587
561,-588
561,-589
561,-590
561,-591
560,-592
559,-592
559,-593
559,-594
559,-595
558,-596
