543,-571
543,-572
543,-573
543,-574
543,-575
543,-576
543,-577
543,-578
543,-579
544,-580
544,-581
544,-582
545,-583
545,-584
546,-585
546,-586
547,-587
547,-588
547,-589
547,-590
548,-591
549,-592
549,-593
549,-594
550,-594
551,-595
551,-596
552,-597
552,-598
552,-599
552,-600
553,-600
554,-601
555,-602
555,-603
555,-604
555,-605
555,-606
555,-607
556,-607
557,-608
558,-609
559,-610
559,-611
559,-612
560,-613
561,-614
561,-615
561,-616
562,-616
563,-616
564,-617
564,-618
564,-619
564,-620
565,-621
566,-622
567,-623
567,-624
568,-625
569,-626
569,-627
570,-628
571,-629
571,-630
572,-631
572,-632
573,-633
574,-634
574,-635
575,-635
576,-636
577,-637
577,-638
578,-639
579,-639
580,-640
580,-641
580,-642
581,-642
582,-643
583,-644
583,-645
584,-646
585,-647
586,-648
587,-649
588,-650
588,-651
588,-652
589,-652
590,-653
590,-654
591,-655
591,-656
592,-657
593,-658
593,-659
594,-660
595,-661
596,-662
596,-663
597,-664
598,-665
599,-666
599,-667
600,-668
600,-669
601,-669
602,-670
603,-671
603,-672
604,-673
605,-674
605,-675
606,-676
606,-677
607,-678
608,-679
609,-679
610,-680
611,-681
611,-682
611,-683
612,-684
613,-685
613,-686
614,-687
614,-688
615,-689
615,-690
616,-690
617,-691
618,-692
618,-693
619,-693
620,-694
620,-695
620,-696
621,-697
622,-697
623,-698
623,-699
623,-700
623,-701
624,-701
625,-701
626,-702
627,-703
627,-704
627,-705
627,-706
628,-707
629,-708
629,-709
630,-709
631,-710
631,-711
632,-712
633,-713
634,-713
635,-714
635,-715
636,-716
637,-717
638,-718
638,-719
639,-720
640,-721
641,-722
642,-723
643,-724
644,-725
645,-725
646,-726
647,-727
647,-728
648,-728
649,-729
650,-730
651,-731
651,-732
652,-732
653,-733
654,-734
655,-735
656,-736
657,-737
658,-738
659,-739
659,-740
660,-740
661,-740
662,-741
662,-742
663,-742
664,-743
665,-744
666,-745
667,-746
668,-746
669,-747
670,-748
670,-749
671,-750
672,-750
673,-751
674,-752
674,-753
675,-754
676,-754
677,-755
678,-756
679,-756
680,-757
681,-757
682,-758
683,-759
684,-760
685,-761
686,-761
687,-762
687,-763
688,-764
689,-764
690,-764
691,-765
692,-766
692,-767
693,-767
694,-768
695,-768
696,-769
696,-770
696,-771
697,-771
698,-771
699,-771
700,-772
700,-773
701,-774
702,-775
703,-775
704,-775
705,-776
706,-777
706,-778
707,-778
708,-779
709,-779
710,-780
711,-781
712,-781
713,-781
714,-782
715,-782
716,-783
716,-784
717,-785
718,-785
719,-786
719,-787
720,-788
721,-789
722,-789
723,-790
724,-790
725,-790
726,-791
727,-792
727,-793
728,-793
729,-794
730,-795
730,-796
731,-796
732,-796
733,-797
734,-798
735,-798
736,-798
737,-799
738,-799
739,-800
740,-800
741,-801
741,-802
742,-802
743,-802
744,-803
745,-804
746,-804
747,-805
748,-805
749,-805
750,-805
751,-806
751,-807
752,-807
753,-807
754,-807
755,-807
756,-808
756,-809
757,-809
758,-809
759,-809
760,-810
761,-811
762,-812
763,-812
764,-813
765,-813
766,-813
767,-813
768,-813
769,-813
770,-814
771,-814
772,-814
773,-815
773,-816
774,-817
775,-817
776,-817
777,-817
778,-817
779,-818
780,-818
781,-818
782,-819
782,-820
783,-820
784,-820
785,-821
786,-821
787,-821
788,-821
789,-822
790,-822
791,-822
792,-822
793,-823
794,-823
795,-823
796,-823
797,-823
798,-823
799,-823
800,-824
801,-824
802,-824
803,-824
804,-824
805,-824
806,-825
807,-825
808,-825
809,-825
810,-825
811,-825
812,-825
813,-826
814,-826
815,-826
816,-826
817,-826
818,-826
819,-826
820,-827
821,-827
822,-827
823,-828
824,-828
825,-828
826,-828
827,-828
828,-828
829,-829
830,-829
831,-830
832,-830
833,-830
834,-831
835,-831
836,-831
837,-832
838,-832
839,-833
840,-834
841,-834
842,-834
843,-835
844,-835
845,-836
846,-836
847,-837
848,-837
849,-838
849,-839
850,-839
851,-840
852,-840
853,-841
854,-842
855,-843
856,-843
857,-844
858,-845
858,-846
859,-847
860,-848
861,-849
862,-849
863,-850
864,-851
865,-852
866,-853
867,-854
868,-855
868,-856
869,-857
870,-857
871,-858
872,-859
872,-860
873,-861
874,-862
875,-863
876,-864
876,-865
877,-866
878,-867
879,-868
879,-869
880,-869
881,-870
882,-871
882,-872
883,-873
884,-873
885,-874
885,-875
886,-875
887,-876
887,-877
888,-877
889,-878
890,-879
890,-880
890,-881
891,-881
892,-882
892,-883
893,-884
893,-885
894,-885
895,-885
896,-886
896,-887
897,-888
898,-889
899,-890
900,-891
900,-892
901,-893
902,-894
902,-895
903,-895
904,-896
905,-897
905,-898
906,-899
907,-899
908,-900
909,-901
909,-902
910,-903
910,-904
911,-905
911,-906
912,-907
913,-908
914,-909
915,-909
916,-910
916,-911
916,-912
916,-913
917,-914
918,-915
919,-915
920,-915
921,-915
922,-916
923,-916
924,-917
924,-918
925,-919
925,-920
926,-921
927,-921
928,-922
929,-923
930,-923
931,-924
932,-925
933,-926
934,-927
934,-928
934,-929
935,-930
936,-930
937,-931
937,-932
938,-932
939,-932
940,-932
941,-932
942,-932
943,-933
943,-934
943,-935
943,-936
944,-936
945,-937
946,-937
947,-937
948,-937
949,-937
950,-937
951,-937
952,-937
952,-936
952,-935
953,-934
954,-934
955,-934
956,-934
957,-934
958,-934
959,-934
959,-933
959,-932
959,-931
959,-930
958,-930
957,-929
957,-928
956,-928
955,-927
954,-926
954,-925
953,-925
952,-925
951,-925
950,-925
949,-926
948,-926
947,-926
946,-925
946,-924
946,-923
947,-922
948,-922
948,-921
948,-920
949,-919
949,-918
949,-917
949,-916
949,-915
950,-914
951,-914
952,-914
953,-914
954,-914
954,-913
954,-912
954,-911
954,-910
953,-910
952,-910
951,-910
950,-910
949,-909
949,-908
949,-907
948,-906
948,-905
948,-904
947,-903
947,-902
946,-901
946,-900
946,-899
946,-898
945,-898
944,-898
943,-898
942,-898
941,-897
941,-896
941,-895
940,-895
939,-894
939,-893
939,-892
938,-891
937,-890
937,-889
937,-888
936,-887
936,-886
936,-885
936,-884
936,-883
936,-882
936,-881
936,-880
936,-879
935,-879
934,-879
933,-878
932,-878
931,-877
931,-876
930,-876
929,-875
929,-874
928,-873
927,-872
927,-871
927,-870
927,-869
927,-868
928,-867
928,-866
928,-865
928,-864
928,-863
927,-862
926,-861
925,-861
924,-861
923,-860
923,-859
923,-858
922,-857
922,-856
921,-855
920,-854
919,-854
918,-853
917,-852
917,-851
917,-850
916,-849
916,-848
915,-847
915,-846
914,-845
913,-844
912,-843
912,-842
911,-841
910,-840
910,-839
909,-838
908,-837
908,-836
907,-835
906,-834
905,-833
905,-832
904,-831
903,-830
902,-829
902,-828
901,-827
900,-826
900,-825
899,-824
898,-823
897,-822
897,-821
896,-821
895,-820
895,-819
894,-818
893,-817
893,-816
892,-815
891,-814
890,-813
889,-812
888,-811
887,-810
887,-809
886,-808
885,-807
885,-806
884,-805
883,-804
882,-803
881,-802
881,-801
880,-800
879,-799
878,-798
878,-797
877,-796
876,-795
875,-794
875,-793
874,-792
873,-791
873,-790
872,-789
872,-788
871,-787
870,-786
870,-785
869,-784
869,-783
869,-782
868,-781
867,-780
867,-779
866,-778
866,-777
866,-776
866,-775
865,-774
865,-773
864,-772
864,-771
863,-770
863,-769
863,-768
863,-767
863,-766
862,-765
862,-764
862,-763
861,-762
861,-761
861,-760
861,-759
860,-758
860,-757
860,-756
860,-755
860,-754
859,-753
859,-752
858,-751
858,-750
858,-749
857,-748
857,-747
856,-746
856,-745
855,-744
855,-743
854,-742
854,-741
854,-740
853,-739
853,-738
852,-737
852,-736
851,-735
851,-734
850,-733
850,-732
849,-731
848,-730
848,-729
847,-728
846,-727
846,-726
846,-725
845,-724
844,-723
843,-722
843,-721
842,-720
842,-719
841,-718
841,-717
840,-716
839,-715
839,-714
838,-713
837,-712
837,-711
836,-710
835,-709
835,-708
834,-707
834,-706
833,-705
832,-705
831,-704
831,-703
830,-702
830,-701
829,-700
828,-699
827,-698
827,-697
826,-697
825,-696
825,-695
824,-694
823,-693
822,-692
822,-691
821,-690
820,-690
819,-689
819,-688
818,-687
817,-686
816,-685
815,-684
814,-683
813,-682
812,-681
811,-680
810,-679
809,-678
808,-677
807,-676
806,-675
805,-674
804,-673
803,-672
802,-671
801,-670
800,-669
799,-669
798,-668
798,-667
797,-666
796,-665
795,-665
794,-664
793,-663
792,-662
791,-662
790,-661
789,-660
788,-659
787,-658
786,-657
785,-657
784,-656
783,-655
782,-654
781,-654
780,-653
779,-653
778,-652
777,-651
776,-651
775,-650
774,-649
773,-649
772,-648
771,-647
770,-646
769,-646
768,-645
767,-645
766,-644
765,-643
764,-643
763,-642
762,-641
761,-641
760,-640
759,-640
758,-639
757,-639
756,-638
755,-637
754,-637
753,-636
752,-636
751,-635
750,-634
749,-634
748,-634
747,-633
746,-633
745,-632
744,-632
743,-631
742,-630
741,-630
740,-629
739,-629
738,-628
737,-627
736,-627
735,-626
734,-626
733,-625
732,-625
731,-624
730,-623
729,-623
728,-623
727,-622
726,-622
725,-621
724,-621
723,-620
722,-620
721,-619
720,-619
719,-618
718,-618
717,-618
716,-617
715,-617
714,-616
713,-616
712,-615
711,-615
710,-614
709,-614
708,-614
707,-613
706,-613
705,-612
704,-612
703,-611
702,-611
701,-610
700,-610
699,-609
698,-609
697,-608
696,-608
695,-607
694,-607
693,-606
692,-606
691,-605
690,-605
689,-605
688,-604
687,-604
686,-603
685,-602
684,-602
683,-601
682,-601
681,-601
680,-600
679,-600
678,-599
677,-599
676,-598
675,-598
674,-598
673,-597
672,-597
671,-597
670,-596
669,-596
668,-596
667,-595
666,-595
665,-595
664,-594
663,-594
662,-594
661,-593
660,-593
659,-593
658,-592
657,-592
656,-592
655,-592
654,-591
653,-591
652,-590
651,-590
650,-590
649,-590
648,-590
647,-590
646,-589
646,-588
645,-588
644,-588
643,-588
642,-588
641,-587
640,-587
639,-587
638,-587
637,-587
636,-586
635,-585
634,-585
633,-585
632,-585
631,-585
630,-585
629,-584
628,-584
627,-584
626,-584
625,-584
624,-584
623,-584
622,-584
621,-583
620,-582
619,-582
618,-582
617,-582
616,-582
615,-581
614,-581
613,-581
612,-581
611,-581
610,-580
609,-580
608,-580
607,-580
606,-580
605,-579
604,-579
603,-579
602,-579
601,-578
600,-578
599,-578
598,-578
597,-577
596,-577
595,-577
594,-577
593,-577
592,-576
591,-576
590,-575
589,-575
588,-575
587,-575
586,-574
585,-574
584,-574
583,-574
582,-573
581,-573
580,-573
579,-573
578,-573
577,-572
576,-572
575,-572
574,-572
573,-571
572,-571
571,-571
570,-571
569,-570
568,-570
567,-570
566,-570
565,-569
564,-569
563,-568
562,-568
561,-568
560,-568
559,-567
558,-567
557,-566
556,-566
555,-566
554,-566
553,-566
552,-565
551,-565
550,-565
549,-565
548,-565
547,-565
546,-565
545,-565
545,-566
545,-567
544,-568
544,-569
544,-570
543,-571
