592,-604
592,-605
592,-606
592,-607
592,-608
592,-609
592,-610
592,-611
592,-612
592,-613
592,-614
592,-615
592,-616
592,-617
592,-618
592,-619
593,-619
594,-620
595,-620
596,-621
596,-622
596,-623
596,-624
596,-625
597,-626
597,-627
597,-628
597,-629
597,-630
598,-630
599,-631
600,-631
601,-632
601,-633
601,-634
602,-635
602,-636
603,-636
604,-636
605,-637
605,-638
605,-639
605,-640
605,-641
605,-642
605,-643
605,-644
606,-644
607,-644
608,-645
608,-646
608,-647
608,-648
608,-649
608,-650
608,-651
608,-652
608,-653
609,-653
610,-654
610,-655
611,-656
612,-656
613,-656
614,-657
614,-658
614,-659
614,-660
614,-661
615,-662
615,-663
616,-664
617,-665
617,-666
618,-667
618,-668
618,-669
618,-670
619,-671
620,-671
621,-671
622,-672
623,-673
623,-674
624,-675
624,-676
624,-677
625,-678
626,-679
627,-680
627,-681
628,-682
628,-683
628,-684
629,-685
630,-686
630,-687
630,-688
631,-688
632,-689
633,-690
634,-691
634,-692
634,-693
635,-694
636,-695
636,-696
637,-697
638,-698
638,-699
639,-700
640,-701
640,-702
640,-703
641,-704
642,-705
643,-706
643,-707
644,-708
645,-709
645,-710
646,-711
647,-712
647,-713
648,-714
649,-715
650,-716
651,-717
651,-718
652,-719
652,-720
653,-721
653,-722
653,-723
654,-723
655,-724
656,-725
657,-726
658,-727
658,-728
658,-729
659,-730
660,-731
661,-732
662,-733
663,-734
664,-735
664,-736
665,-737
666,-738
666,-739
667,-740
668,-740
669,-741
669,-742
670,-742
671,-743
671,-744
671,-745
672,-746
673,-746
674,-747
675,-748
676,-749
677,-750
677,-751
678,-752
679,-753
680,-754
681,-755
682,-756
683,-757
683,-758
684,-758
685,-759
686,-760
686,-761
687,-761
688,-762
688,-763
689,-763
690,-764
691,-765
692,-766
693,-767
694,-768
695,-768
696,-769
697,-769
698,-770
698,-771
699,-772
700,-773
701,-773
702,-774
703,-774
704,-775
704,-776
704,-777
705,-777
706,-777
707,-778
707,-779
707,-780
708,-780
709,-780
710,-781
710,-782
711,-782
712,-782
713,-783
714,-784
714,-785
715,-785
716,-786
717,-787
717,-788
718,-788
719,-788
720,-789
721,-789
722,-789
723,-790
724,-791
725,-791
726,-792
726,-793
726,-794
727,-794
728,-795
729,-796
729,-797
730,-797
731,-798
732,-798
733,-798
734,-799
734,-800
735,-800
736,-801
737,-801
738,-801
739,-801
740,-802
740,-803
740,-804
740,-805
741,-806
742,-806
743,-806
744,-806
745,-806
746,-806
747,-806
748,-807
748,-808
749,-809
750,-809
751,-809
752,-810
752,-811
753,-811
754,-811
755,-812
756,-813
757,-813
758,-813
759,-814
759,-815
759,-816
760,-816
761,-816
762,-816
763,-817
764,-817
765,-818
766,-819
767,-819
768,-820
769,-820
770,-821
771,-821
772,-821
773,-821
774,-821
775,-821
776,-821
777,-821
778,-822
779,-822
780,-822
781,-822
782,-822
783,-822
784,-822
785,-822
786,-822
787,-823
788,-823
789,-823
790,-823
791,-823
792,-823
793,-823
794,-823
795,-823
796,-823
797,-822
798,-822
799,-822
800,-823
801,-823
802,-823
803,-823
804,-823
805,-823
806,-823
807,-823
808,-823
809,-823
810,-823
811,-823
812,-823
813,-823
814,-824
815,-824
816,-824
817,-824
818,-824
819,-825
820,-825
821,-826
822,-827
823,-828
824,-828
825,-829
825,-830
825,-831
825,-832
826,-832
827,-833
827,-834
828,-834
829,-835
829,-836
829,-837
830,-838
831,-838
832,-839
833,-839
834,-839
835,-839
836,-839
837,-839
838,-840
839,-840
840,-841
841,-842
842,-842
843,-843
843,-844
844,-845
845,-846
846,-847
847,-848
847,-849
847,-850
848,-851
849,-852
850,-853
850,-854
851,-855
852,-856
852,-857
853,-858
853,-859
854,-860
855,-861
855,-862
855,-863
855,-864
855,-865
856,-865
857,-865
858,-866
859,-867
860,-868
861,-869
861,-870
862,-871
863,-871
864,-872
864,-873
864,-874
865,-875
866,-876
867,-877
867,-878
867,-879
868,-880
869,-881
869,-882
870,-883
870,-884
871,-885
872,-885
873,-886
874,-887
874,-888
874,-889
874,-890
875,-891
875,-892
875,-893
876,-893
877,-893
878,-894
878,-895
879,-896
880,-897
881,-897
882,-897
883,-897
884,-897
885,-898
885,-899
886,-899
887,-899
888,-900
888,-901
889,-902
890,-903
891,-903
892,-903
893,-904
894,-905
895,-906
896,-907
897,-907
898,-907
899,-907
900,-907
901,-907
902,-907
903,-907
904,-907
905,-907
906,-906
906,-905
906,-904
906,-903
906,-902
905,-901
905,-900
905,-899
905,-898
905,-897
905,-896
904,-895
903,-894
903,-893
903,-892
902,-891
902,-890
902,-889
902,-888
903,-887
904,-887
905,-887
906,-887
907,-887
908,-887
908,-886
908,-885
908,-884
908,-883
907,-882
907,-881
906,-881
905,-881
904,-880
904,-879
904,-878
905,-877
906,-876
907,-875
908,-874
909,-873
909,-872
909,-871
909,-870
909,-869
908,-868
907,-867
906,-866
905,-865
904,-864
904,-863
903,-862
902,-862
901,-861
900,-860
900,-859
899,-858
898,-857
898,-856
897,-855
896,-854
895,-853
894,-852
893,-851
892,-850
891,-849
891,-848
890,-847
889,-846
888,-845
887,-844
886,-843
885,-842
885,-841
884,-840
883,-839
882,-838
881,-837
880,-836
879,-835
878,-834
878,-833
877,-832
876,-831
875,-830
874,-829
873,-828
873,-827
872,-826
871,-825
870,-824
870,-823
869,-822
868,-821
868,-820
867,-819
866,-818
865,-817
864,-816
863,-815
863,-814
862,-813
861,-812
860,-811
860,-810
859,-809
858,-808
858,-807
857,-806
856,-805
855,-804
855,-803
854,-802
854,-801
853,-800
852,-799
852,-798
851,-797
851,-796
850,-795
850,-794
850,-793
849,-792
848,-792
847,-791
846,-790
846,-789
846,-788
845,-787
845,-786
845,-785
844,-784
844,-783
843,-782
843,-781
843,-780
843,-779
842,-778
842,-777
842,-776
842,-775
842,-774
842,-773
841,-772
841,-771
841,-770
841,-769
841,-768
841,-767
841,-766
841,-765
841,-764
841,-763
841,-762
840,-761
840,-760
840,-759
840,-758
839,-757
839,-756
839,-755
839,-754
839,-753
839,-752
839,-751
839,-750
839,-749
838,-748
838,-747
838,-746
837,-745
837,-744
837,-743
837,-742
837,-741
836,-740
836,-739
835,-738
835,-737
835,-736
835,-735
835,-734
834,-733
834,-732
833,-731
833,-730
833,-729
833,-728
832,-727
831,-726
830,-725
830,-724
830,-723
830,-722
829,-721
828,-720
828,-719
827,-718
827,-717
827,-716
826,-715
826,-714
825,-713
825,-712
824,-711
823,-710
823,-709
823,-708
822,-707
821,-707
820,-706
819,-705
819,-704
819,-703
818,-703
817,-702
817,-701
817,-700
816,-700
815,-699
815,-698
814,-697
813,-696
812,-695
811,-694
810,-693
809,-692
809,-691
808,-690
807,-690
806,-689
806,-688
806,-687
806,-686
806,-685
805,-685
804,-684
803,-684
802,-683
802,-682
801,-682
800,-682
799,-681
799,-680
798,-679
798,-678
797,-678
796,-677
796,-676
795,-675
794,-674
793,-673
792,-673
791,-672
790,-671
790,-670
789,-670
788,-670
787,-669
787,-668
787,-667
786,-666
785,-666
784,-665
783,-664
782,-663
781,-663
780,-662
780,-661
779,-661
778,-661
777,-660
776,-659
775,-658
774,-657
773,-656
772,-656
771,-655
770,-654
769,-654
768,-653
767,-652
767,-651
766,-651
765,-650
764,-650
763,-649
762,-648
761,-647
760,-647
759,-646
758,-646
757,-645
756,-644
755,-643
754,-643
753,-643
752,-642
751,-641
750,-640
749,-639
748,-639
747,-638
746,-637
745,-636
744,-636
743,-635
742,-635
741,-634
740,-633
739,-633
738,-632
737,-631
736,-631
735,-631
734,-631
733,-630
732,-630
731,-629
730,-628
729,-627
728,-627
727,-627
726,-626
725,-626
724,-625
723,-624
722,-624
721,-624
720,-624
719,-623
718,-623
717,-622
716,-622
715,-622
714,-621
713,-620
712,-620
711,-619
710,-619
709,-618
708,-618
707,-617
706,-617
705,-616
704,-616
703,-615
702,-615
701,-614
700,-614
699,-614
698,-613
697,-612
696,-612
695,-612
694,-611
693,-610
692,-610
691,-610
690,-609
689,-609
688,-609
687,-608
686,-607
685,-607
684,-607
683,-607
682,-606
681,-606
680,-606
679,-606
678,-605
677,-605
676,-604
675,-604
674,-604
673,-604
672,-603
671,-602
670,-602
669,-602
668,-602
667,-602
666,-601
665,-601
664,-601
663,-600
662,-600
661,-600
660,-599
659,-599
658,-599
657,-599
656,-598
655,-598
654,-598
653,-598
652,-598
651,-597
650,-597
649,-597
648,-597
647,-597
646,-596
645,-596
644,-596
643,-596
642,-596
641,-595
640,-595
639,-595
638,-595
637,-595
636,-595
635,-595
634,-595
633,-595
632,-595
631,-594
630,-594
629,-594
628,-594
627,-594
626,-594
625,-594
624,-594
623,-594
622,-594
621,-594
620,-594
619,-594
618,-594
617,-594
616,-594
615,-594
614,-594
613,-594
612,-594
611,-594
610,-594
609,-594
608,-594
607,-594
606,-594
605,-594
604,-594
603,-594
602,-594
601,-595
600,-595
599,-595
598,-595
597,-596
597,-597
597,-598
597,-599
597,-600
597,-601
596,-602
595,-603
594,-603
593,-604
592,-604
