521,-599
521,-600
521,-601
521,-602
521,-603
522,-603
523,-603
524,-604
525,-604
526,-604
527,-605
528,-606
529,-607
529,-608
530,-608
531,-608
532,-609
532,-610
533,-611
534,-612
534,-613
535,-613
536,-614
536,-615
536,-616
537,-617
538,-618
539,-619
539,-620
539,-621
540,-622
541,-623
541,-624
542,-625
542,-626
543,-627
544,-628
545,-629
546,-630
546,-631
547,-632
547,-633
548,-634
548,-635
548,-636
549,-637
550,-638
551,-639
551,-640
552,-641
552,-642
553,-643
553,-644
554,-645
554,-646
554,-647
555,-648
556,-649
557,-649
558,-650
558,-651
558,-652
558,-653
558,-654
559,-655
560,-656
560,-657
561,-658
561,-659
562,-660
562,-661
563,-662
563,-663
564,-664
564,-665
564,-666
564,-667
565,-667
566,-668
566,-669
567,-670
567,-671
568,-672
569,-673
569,-674
570,-675
570,-676
570,-677
571,-678
571,-679
572,-680
573,-681
574,-682
574,-683
575,-684
576,-685
576,-686
577,-687
578,-688
578,-689
578,-690
579,-691
579,-692
580,-693
580,-694
581,-695
582,-696
582,-697
583,-698
584,-699
585,-700
585,-701
586,-702
587,-703
588,-704
588,-705
588,-706
589,-707
589,-708
589,-709
590,-709
591,-709
592,-710
593,-711
593,-712
594,-713
595,-713
596,-714
596,-715
596,-716
597,-716
598,-716
599,-717
599,-718
599,-719
599,-720
599,-721
600,-721
601,-722
602,-723
602,-724
603,-724
604,-725
605,-725
606,-725
607,-726
607,-727
608,-728
609,-729
609,-730
609,-731
610,-732
611,-732
612,-733
612,-734
612,-735
613,-736
614,-736
615,-737
615,-738
616,-739
616,-740
617,-740
618,-740
619,-741
619,-742
620,-742
621,-743
621,-744
621,-745
622,-746
623,-747
623,-748
624,-748
625,-749
625,-750
626,-751
627,-752
628,-753
629,-754
630,-755
631,-756
631,-757
632,-758
633,-759
634,-760
635,-761
636,-761
637,-762
638,-763
638,-764
639,-765
640,-766
641,-767
642,-768
642,-769
643,-770
644,-771
644,-772
645,-772
646,-773
647,-774
648,-775
649,-775
650,-776
651,-777
652,-778
653,-779
653,-780
654,-780
655,-781
656,-782
657,-783
658,-784
658,-785
659,-785
660,-786
661,-787
661,-788
662,-788
663,-789
664,-790
665,-791
666,-791
667,-792
667,-793
668,-793
669,-794
670,-795
670,-796
671,-797
671,-798
672,-798
673,-798
674,-798
675,-799
676,-800
676,-801
677,-802
678,-803
678,-804
679,-805
680,-805
681,-805
682,-805
683,-806
683,-807
684,-808
684,-809
684,-810
684,-811
685,-811
686,-811
687,-812
687,-813
687,-814
687,-815
687,-816
687,-817
687,-818
687,-819
688,-819
689,-819
690,-819
691,-819
692,-820
693,-820
694,-820
695,-821
695,-822
696,-823
696,-824
696,-825
696,-826
697,-826
698,-827
698,-828
699,-828
700,-829
701,-829
702,-829
703,-829
704,-829
705,-830
705,-831
706,-831
707,-831
708,-831
709,-831
710,-831
711,-832
712,-833
712,-834
713,-835
713,-836
714,-836
715,-836
716,-836
717,-837
718,-837
719,-838
720,-839
721,-839
722,-839
723,-839
724,-840
725,-840
726,-840
727,-841
728,-841
729,-842
730,-842
731,-843
731,-844
732,-844
733,-844
734,-844
735,-845
736,-845
737,-845
738,-845
739,-846
739,-847
740,-847
741,-847
742,-847
743,-847
744,-847
745,-848
746,-849
746,-850
746,-851
746,-852
747,-852
748,-852
749,-852
750,-852
751,-852
752,-852
753,-852
754,-852
755,-852
756,-852
757,-853
758,-853
759,-853
760,-853
761,-854
761,-855
761,-856
762,-856
763,-856
764,-857
765,-857
766,-857
767,-857
768,-857
769,-857
770,-857
771,-857
772,-857
773,-857
774,-857
775,-857
776,-856
777,-856
778,-856
779,-856
780,-857
781,-857
782,-857
783,-857
784,-857
785,-857
786,-857
787,-857
788,-857
789,-857
790,-857
791,-857
792,-858
793,-858
794,-858
795,-858
796,-858
797,-858
798,-858
799,-858
800,-857
801,-857
802,-857
803,-857
804,-857
805,-858
806,-858
807,-858
808,-858
809,-858
810,-858
811,-858
812,-858
813,-858
814,-858
815,-858
816,-858
817,-858
818,-858
819,-859
820,-859
821,-859
822,-860
822,-861
823,-861
824,-861
825,-861
826,-861
827,-861
828,-862
829,-863
830,-863
831,-864
832,-865
833,-865
834,-866
835,-867
836,-867
837,-867
838,-868
839,-869
840,-869
841,-869
842,-870
843,-871
844,-872
845,-872
846,-872
847,-872
848,-873
849,-874
850,-874
851,-875
852,-876
853,-876
854,-876
855,-877
855,-878
856,-878
857,-879
858,-879
859,-879
860,-880
861,-880
862,-881
863,-882
864,-882
865,-882
866,-882
867,-883
868,-884
869,-885
870,-885
871,-886
871,-887
872,-887
873,-887
874,-888
875,-888
876,-889
877,-890
878,-890
879,-891
879,-892
879,-893
880,-893
881,-893
882,-893
883,-893
884,-893
885,-894
886,-894
887,-895
888,-895
889,-895
890,-896
891,-897
891,-898
891,-899
892,-899
893,-900
894,-900
895,-900
896,-900
897,-900
898,-900
899,-900
900,-900
901,-901
901,-902
902,-903
903,-904
904,-904
905,-904
906,-904
907,-904
908,-905
909,-906
909,-907
910,-907
911,-908
911,-909
911,-910
912,-910
913,-910
914,-910
915,-910
916,-910
917,-911
918,-912
919,-912
920,-912
921,-912
922,-912
923,-913
924,-913
925,-914
926,-915
926,-916
927,-916
928,-916
929,-916
930,-917
931,-917
932,-917
933,-917
934,-917
935,-917
936,-917
937,-917
938,-918
939,-919
940,-919
941,-919
942,-919
943,-919
944,-919
945,-919
946,-918
947,-918
948,-917
949,-916
949,-915
950,-914
951,-914
952,-914
953,-914
954,-914
955,-914
956,-914
957,-914
958,-914
959,-914
960,-914
961,-914
962,-914
963,-914
964,-913
965,-913
965,-912
966,-911
967,-911
968,-911
969,-910
970,-910
970,-909
971,-908
972,-908
973,-907
974,-907
975,-907
975,-906
976,-905
977,-905
978,-905
979,-905
980,-905
980,-904
980,-903
980,-902
980,-901
980,-900
979,-900
978,-900
977,-900
976,-900
975,-899
974,-899
973,-899
972,-899
971,-898
970,-897
969,-897
968,-896
967,-895
966,-894
966,-893
966,-892
966,-891
967,-890
967,-889
967,-888
967,-887
967,-886
966,-886
965,-885
965,-884
965,-883
965,-882
965,-881
964,-881
963,-881
962,-881
961,-881
960,-881
959,-881
958,-881
957,-881
956,-880
955,-880
954,-879
953,-878
952,-878
951,-878
950,-878
949,-878
948,-878
947,-877
947,-876
947,-875
947,-874
946,-874
945,-873
945,-872
945,-871
945,-870
944,-869
943,-868
943,-867
943,-866
943,-865
943,-864
943,-863
943,-862
943,-861
943,-860
943,-859
943,-858
943,-857
943,-856
942,-855
941,-854
940,-854
939,-854
938,-853
937,-853
936,-852
935,-851
934,-850
933,-850
932,-849
931,-848
930,-848
929,-847
928,-847
927,-846
926,-846
925,-846
924,-846
923,-845
922,-844
921,-844
920,-843
919,-842
918,-842
917,-842
916,-841
915,-840
914,-840
913,-839
912,-839
911,-838
910,-838
909,-838
908,-837
907,-836
906,-836
905,-835
904,-835
903,-834
902,-834
901,-833
900,-832
899,-832
898,-831
897,-831
896,-831
895,-830
894,-830
893,-829
892,-829
891,-828
890,-827
889,-827
888,-826
887,-826
886,-825
885,-825
884,-824
883,-823
882,-823
881,-822
880,-822
879,-821
878,-820
877,-820
876,-819
875,-818
874,-818
873,-817
872,-816
871,-816
870,-815
869,-814
868,-813
867,-812
866,-811
865,-810
864,-809
863,-808
862,-807
861,-806
860,-805
859,-804
859,-803
858,-802
857,-801
857,-800
856,-799
855,-798
854,-797
854,-796
853,-795
853,-794
852,-793
851,-792
850,-791
850,-790
850,-789
849,-788
849,-787
848,-786
847,-785
847,-784
846,-783
846,-782
846,-781
845,-780
844,-779
844,-778
844,-777
843,-776
843,-775
842,-774
842,-773
842,-772
841,-771
840,-770
840,-769
839,-768
839,-767
838,-766
837,-765
836,-764
836,-763
835,-762
834,-761
834,-760
833,-759
832,-758
831,-757
831,-756
830,-755
829,-754
829,-753
828,-752
827,-751
826,-750
826,-749
825,-748
824,-747
823,-746
823,-745
822,-744
821,-743
821,-742
820,-741
819,-740
819,-739
818,-738
817,-737
816,-736
815,-735
814,-734
814,-733
813,-732
812,-731
811,-730
811,-729
810,-728
809,-727
808,-726
807,-725
806,-724
806,-723
805,-722
804,-722
803,-721
803,-720
802,-719
801,-718
800,-717
799,-716
798,-715
797,-714
796,-713
795,-712
794,-711
793,-710
792,-709
791,-708
790,-707
790,-706
789,-706
788,-705
787,-704
786,-703
785,-702
784,-701
783,-700
782,-699
781,-698
780,-697
779,-696
778,-695
777,-694
776,-693
775,-692
774,-691
773,-691
772,-690
771,-689
770,-688
769,-687
768,-686
767,-685
766,-684
765,-684
764,-683
764,-682
763,-682
762,-681
761,-680
760,-679
759,-679
758,-678
758,-677
757,-677
756,-676
755,-675
754,-674
753,-673
752,-672
751,-671
750,-671
749,-670
748,-669
747,-668
746,-667
745,-666
744,-666
743,-665
742,-664
741,-663
740,-663
739,-662
738,-661
737,-660
736,-660
735,-659
734,-658
733,-657
732,-657
731,-656
730,-655
729,-655
728,-654
727,-653
726,-653
725,-652
724,-651
723,-650
722,-650
721,-649
720,-649
719,-648
719,-647
718,-647
717,-646
716,-646
715,-645
714,-644
713,-644
712,-643
711,-642
710,-642
709,-641
708,-641
707,-640
706,-639
705,-639
704,-638
703,-638
702,-637
701,-637
700,-636
699,-635
698,-635
697,-634
696,-634
695,-633
694,-633
693,-632
692,-632
691,-631
690,-630
689,-630
688,-630
687,-629
686,-629
685,-628
684,-628
683,-627
682,-626
681,-626
680,-626
679,-625
678,-625
677,-624
676,-623
675,-623
674,-622
673,-622
672,-622
671,-621
670,-621
669,-620
668,-620
667,-619
666,-619
665,-618
664,-618
663,-618
662,-617
661,-617
660,-616
659,-616
658,-615
657,-615
656,-615
655,-614
654,-614
653,-613
652,-613
651,-613
650,-612
649,-612
648,-611
647,-611
646,-610
645,-610
644,-610
643,-609
642,-609
641,-609
640,-608
639,-608
638,-608
637,-607
636,-607
635,-606
634,-606
633,-606
632,-606
631,-605
630,-605
629,-605
628,-605
627,-604
626,-604
625,-604
624,-603
623,-603
622,-603
621,-603
620,-603
619,-602
618,-602
617,-602
616,-602
615,-602
614,-601
613,-601
612,-601
611,-601
610,-600
609,-600
608,-599
607,-599
606,-599
605,-598
604,-598
603,-597
602,-597
601,-597
600,-596
599,-596
598,-596
597,-595
596,-595
595,-595
594,-595
593,-594
592,-594
591,-594
590,-593
589,-593
588,-593
587,-593
586,-592
585,-592
584,-592
583,-591
582,-591
581,-591
580,-591
579,-590
578,-590
577,-590
576,-589
575,-589
574,-589
573,-589
572,-588
571,-588
570,-588
569,-588
568,-587
567,-587
566,-587
565,-587
564,-587
563,-586
562,-586
561,-586
560,-586
559,-586
558,-585
557,-585
556,-585
555,-585
554,-585
553,-584
552,-584
551,-584
550,-584
549,-584
548,-583
547,-583
546,-583
545,-583
544,-583
543,-583
542,-582
541,-582
540,-582
539,-582
538,-582
537,-582
536,-582
535,-582
534,-582
533,-582
532,-582
531,-582
530,-582
529,-582
528,-582
528,-583
528,-584
528,-585
528,-586
528,-587
528,-588
529,-589
529,-590
529,-591
529,-592
528,-593
527,-593
526,-594
525,-594
524,-595
523,-596
522,-596
522,-597
522,-598
521,-599
