442,-766
442,-767
442,-768
442,-769
442,-770
442,-771
443,-772
443,-773
443,-774
444,-774
445,-775
446,-776
446,-777
447,-778
448,-779
449,-779
450,-780
451,-780
452,-781
453,-782
454,-782
455,-783
456,-783
457,-784
458,-784
459,-784
460,-784
461,-785
462,-785
463,-786
464,-786
465,-787
466,-787
467,-788
468,-788
469,-788
470,-788
471,-789
472,-789
473,-790
474,-790
475,-790
476,-791
477,-791
478,-792
479,-792
480,-792
481,-792
482,-793
483,-793
484,-794
485,-794
486,-794
487,-795
488,-795
489,-796
490,-796
491,-796
492,-797
493,-797
494,-797
495,-797
496,-798
497,-799
498,-799
499,-800
500,-801
501,-801
502,-801
503,-801
504,-802
505,-803
506,-803
507,-804
508,-804
509,-804
510,-805
511,-805
512,-805
513,-806
514,-806
515,-806
516,-806
517,-807
518,-807
519,-808
520,-808
521,-808
522,-808
523,-809
524,-809
525,-809
526,-809
527,-809
528,-810
529,-811
530,-812
531,-812
532,-812
533,-812
534,-812
535,-813
535,-814
536,-815
537,-815
538,-815
539,-815
540,-815
541,-816
542,-816
543,-816
544,-816
545,-816
546,-817
547,-817
548,-817
549,-818
550,-818
551,-818
552,-818
553,-818
554,-819
555,-819
556,-819
557,-819
558,-819
559,-820
560,-820
561,-820
562,-820
563,-820
564,-820
565,-821
566,-821
567,-821
568,-822
569,-822
570,-822
571,-822
572,-823
573,-823
574,-823
575,-823
576,-823
577,-823
578,-824
579,-824
580,-824
581,-824
582,-825
583,-825
584,-825
585,-826
586,-826
587,-826
588,-826
589,-826
590,-826
591,-827
592,-827
593,-827
594,-827
595,-827
596,-827
597,-828
598,-828
599,-828
600,-828
601,-828
602,-829
603,-829
604,-829
605,-829
606,-830
607,-830
608,-830
609,-830
610,-830
611,-830
612,-830
613,-831
614,-831
615,-831
616,-831
617,-831
618,-831
619,-831
620,-832
621,-832
622,-832
623,-832
624,-833
625,-833
626,-833
627,-833
628,-833
629,-833
630,-833
631,-834
632,-834
633,-834
634,-834
635,-834
636,-834
637,-834
638,-835
639,-835
640,-835
641,-835
642,-835
643,-835
644,-835
645,-835
646,-835
647,-835
648,-835
649,-835
650,-835
651,-835
652,-835
653,-835
654,-835
655,-835
656,-835
657,-835
658,-835
659,-835
660,-835
661,-835
662,-835
663,-835
664,-835
665,-835
666,-835
667,-835
668,-835
669,-835
670,-835
671,-835
672,-834
673,-834
674,-834
675,-834
676,-834
677,-834
678,-834
679,-833
680,-833
681,-833
682,-833
683,-833
684,-833
685,-833
686,-832
687,-832
688,-832
689,-831
690,-831
691,-831
692,-831
693,-831
694,-831
695,-830
696,-830
697,-830
698,-830
699,-830
700,-830
701,-830
702,-829
703,-829
704,-829
705,-829
706,-828
707,-828
708,-828
709,-827
710,-827
711,-827
712,-827
713,-827
714,-827
715,-827
716,-826
717,-826
718,-826
719,-825
720,-825
721,-825
722,-825
723,-824
724,-824
725,-824
726,-823
727,-823
728,-823
729,-823
730,-823
731,-823
732,-822
733,-822
734,-822
735,-822
736,-821
737,-821
738,-821
739,-821
740,-820
741,-820
742,-820
743,-820
744,-819
745,-819
746,-819
747,-819
748,-818
749,-818
750,-817
751,-817
752,-816
753,-816
754,-815
755,-815
756,-815
757,-814
758,-814
759,-814
759,-813
760,-812
761,-812
762,-812
763,-812
764,-811
765,-811
766,-811
767,-810
768,-810
769,-809
770,-809
771,-808
772,-807
773,-807
774,-807
775,-806
776,-805
777,-805
778,-805
779,-804
780,-804
781,-803
782,-803
783,-802
784,-802
785,-801
786,-800
787,-799
788,-798
789,-798
790,-797
791,-796
792,-796
793,-795
794,-794
795,-794
796,-794
797,-794
798,-793
799,-792
800,-791
801,-790
802,-790
803,-789
804,-788
805,-788
806,-787
807,-787
808,-787
809,-786
810,-786
811,-786
812,-786
813,-786
814,-786
815,-786
816,-786
817,-785
818,-784
818,-783
819,-782
820,-781
821,-780
821,-779
822,-778
823,-778
824,-778
824,-777
825,-776
825,-775
826,-774
827,-773
828,-772
828,-771
829,-770
830,-770
831,-770
831,-769
832,-768
833,-767
833,-766
833,-765
834,-764
835,-764
836,-764
837,-763
838,-763
839,-763
839,-762
840,-761
841,-760
842,-759
843,-758
844,-757
845,-757
846,-756
847,-756
848,-755
849,-754
850,-754
851,-754
852,-754
853,-753
854,-752
855,-752
856,-752
857,-752
858,-751
859,-751
860,-751
861,-750
862,-750
863,-750
864,-749
865,-749
866,-749
867,-749
868,-749
869,-748
870,-748
871,-748
872,-748
873,-747
874,-747
875,-747
876,-747
877,-747
878,-747
879,-747
880,-747
881,-747
882,-747
883,-747
884,-747
885,-746
886,-746
887,-746
888,-746
889,-746
890,-746
891,-746
892,-746
893,-746
894,-746
895,-746
896,-746
897,-746
898,-746
899,-746
900,-746
901,-746
902,-746
903,-746
904,-746
905,-747
906,-747
907,-747
908,-747
909,-747
910,-747
911,-747
912,-747
913,-747
914,-747
915,-747
916,-747
917,-747
918,-747
919,-747
920,-747
921,-747
922,-747
923,-747
924,-747
925,-747
926,-747
927,-747
928,-747
929,-747
930,-747
931,-747
932,-747
933,-748
934,-748
935,-748
936,-748
937,-748
938,-748
939,-748
940,-748
941,-748
942,-748
943,-748
944,-748
945,-748
946,-749
947,-749
948,-749
949,-749
950,-749
951,-749
952,-749
953,-749
954,-749
955,-749
956,-749
957,-749
958,-749
959,-749
960,-749
961,-749
962,-749
963,-749
964,-750
965,-750
966,-750
967,-750
968,-750
969,-750
970,-750
971,-750
972,-751
973,-751
974,-751
975,-751
976,-751
977,-751
978,-751
979,-751
980,-751
981,-752
982,-752
983,-752
984,-752
985,-752
986,-752
987,-752
988,-752
989,-752
990,-752
991,-752
992,-752
993,-752
994,-752
995,-752
996,-753
997,-753
998,-753
999,-754
1000,-754
1001,-754
1002,-754
1003,-754
1004,-754
1005,-754
1006,-754
1007,-754
1008,-754
1009,-754
1010,-754
1011,-754
1012,-754
1013,-755
1014,-755
1015,-755
1016,-756
1017,-756
1018,-756
1019,-757
1020,-757
1021,-757
1022,-758
1023,-758
1024,-758
1025,-759
1025,-760
1026,-760
1027,-760
1028,-760
1029,-760
1030,-760
1031,-761
1032,-762
1032,-763
1033,-763
1034,-763
1035,-763
1036,-763
1037,-763
1038,-763
1039,-763
1040,-763
1041,-763
1042,-764
1042,-765
1043,-765
1044,-765
1045,-765
1046,-765
1047,-765
1048,-765
1049,-765
1050,-765
1051,-765
1052,-765
1053,-765
1053,-764
1053,-763
1053,-762
1053,-761
1053,-760
1053,-759
1053,-758
1053,-757
1053,-756
1052,-755
1052,-754
1052,-753
1052,-752
1052,-751
1052,-750
1051,-750
1050,-749
1050,-748
1050,-747
1050,-746
1051,-745
1052,-745
1053,-745
1054,-745
1055,-745
1056,-745
1057,-745
1057,-744
1058,-743
1058,-742
1058,-741
1059,-740
1059,-739
1059,-738
1059,-737
1059,-736
1059,-735
1058,-734
1058,-733
1058,-732
1057,-732
1056,-732
1055,-732
1054,-732
1053,-732
1052,-733
1051,-734
1051,-735
1050,-736
1049,-737
1048,-737
1047,-737
1046,-736
1045,-736
1044,-736
1043,-736
1042,-736
1041,-736
1040,-736
1039,-736
1038,-735
1037,-735
1036,-735
1035,-734
1034,-734
1033,-734
1032,-734
1031,-734
1030,-733
1029,-733
1028,-732
1027,-731
1026,-730
1025,-730
1024,-730
1023,-730
1022,-729
1022,-728
1022,-727
1021,-727
1020,-727
1019,-727
1018,-727
1017,-727
1016,-727
1015,-727
1014,-727
1013,-727
1012,-727
1011,-728
1010,-729
1009,-729
1008,-729
1007,-729
1006,-729
1005,-729
1004,-729
1003,-729
1002,-728
1002,-727
1001,-727
1000,-727
999,-727
998,-726
997,-725
997,-724
997,-723
996,-722
996,-721
996,-720
996,-719
995,-718
994,-718
993,-718
992,-718
991,-718
990,-717
990,-716
989,-716
988,-715
988,-714
988,-713
988,-712
987,-712
986,-712
985,-711
985,-710
984,-710
983,-710
982,-710
981,-710
980,-711
979,-711
978,-711
977,-711
976,-710
976,-709
975,-709
974,-709
973,-708
972,-708
971,-708
970,-708
969,-708
968,-708
967,-708
966,-708
965,-708
964,-707
963,-707
962,-707
961,-707
960,-707
959,-707
958,-707
957,-707
956,-707
955,-707
954,-707
953,-707
952,-706
951,-706
950,-706
949,-706
948,-706
947,-706
946,-706
945,-706
944,-706
943,-706
942,-706
941,-706
940,-706
939,-706
938,-706
937,-706
936,-706
935,-705
934,-705
933,-705
932,-705
931,-705
930,-705
929,-705
928,-705
927,-705
926,-705
925,-705
924,-705
923,-705
922,-705
921,-705
920,-705
919,-705
918,-705
917,-705
916,-705
915,-706
914,-706
913,-706
912,-706
911,-706
910,-706
909,-706
908,-706
907,-706
906,-706
905,-706
904,-707
903,-707
902,-707
901,-707
900,-707
899,-707
898,-707
897,-707
896,-707
895,-707
894,-707
893,-707
892,-707
891,-707
890,-707
889,-707
888,-707
887,-707
886,-707
885,-707
884,-707
883,-707
882,-706
881,-706
880,-706
879,-706
878,-706
877,-706
876,-706
875,-706
874,-706
873,-706
872,-706
871,-706
870,-705
869,-705
868,-705
867,-705
866,-704
865,-704
864,-704
863,-704
862,-704
861,-703
860,-703
859,-703
858,-702
857,-702
856,-701
855,-701
854,-701
853,-701
852,-700
851,-700
850,-699
849,-699
848,-699
847,-699
846,-699
845,-698
844,-698
843,-698
842,-697
841,-697
840,-697
839,-696
838,-696
837,-696
836,-695
835,-695
834,-694
833,-694
832,-693
831,-693
830,-692
829,-692
828,-692
827,-691
826,-691
825,-690
824,-690
823,-689
822,-689
821,-688
820,-688
819,-687
818,-687
817,-686
816,-686
815,-685
814,-685
813,-684
812,-684
811,-683
810,-683
809,-682
808,-682
807,-681
806,-681
805,-681
804,-680
803,-680
802,-679
801,-679
800,-679
799,-678
798,-678
797,-678
796,-677
795,-677
794,-677
793,-676
792,-676
791,-676
790,-675
789,-675
788,-675
787,-674
786,-674
785,-674
784,-673
783,-673
782,-673
781,-672
780,-672
779,-672
778,-672
777,-671
776,-671
775,-671
774,-671
773,-671
772,-670
771,-670
770,-670
769,-670
768,-670
767,-670
766,-670
765,-669
764,-669
763,-669
762,-669
761,-669
760,-669
759,-669
758,-668
757,-668
756,-668
755,-668
754,-668
753,-668
752,-668
751,-668
750,-668
749,-667
748,-667
747,-667
746,-667
745,-667
744,-667
743,-667
742,-667
741,-667
740,-667
739,-667
738,-667
737,-667
736,-667
735,-667
734,-666
733,-666
732,-666
731,-666
730,-666
729,-666
728,-666
727,-666
726,-666
725,-666
724,-666
723,-666
722,-666
721,-666
720,-666
719,-666
718,-666
717,-666
716,-666
715,-666
714,-666
713,-666
712,-666
711,-666
710,-666
709,-667
708,-667
707,-667
706,-667
705,-667
704,-667
703,-667
702,-667
701,-667
700,-667
699,-667
698,-667
697,-667
696,-667
695,-667
694,-667
693,-667
692,-667
691,-667
690,-667
689,-667
688,-667
687,-667
686,-667
685,-667
684,-667
683,-667
682,-667
681,-667
680,-667
679,-667
678,-667
677,-667
676,-667
675,-667
674,-667
673,-667
672,-667
671,-667
670,-667
669,-667
668,-667
667,-667
666,-667
665,-667
664,-667
663,-667
662,-667
661,-667
660,-667
659,-667
658,-667
657,-668
656,-668
655,-668
654,-669
653,-669
652,-669
651,-669
650,-669
649,-669
648,-669
647,-670
646,-670
645,-670
644,-670
643,-670
642,-670
641,-670
640,-670
639,-670
638,-671
637,-671
636,-671
635,-671
634,-671
633,-671
632,-672
631,-672
630,-672
629,-672
628,-672
627,-672
626,-672
625,-673
624,-673
623,-673
622,-673
621,-673
620,-673
619,-674
618,-674
617,-674
616,-674
615,-675
614,-675
613,-675
612,-676
611,-676
610,-676
609,-676
608,-676
607,-676
606,-677
605,-677
604,-677
603,-677
602,-678
601,-678
600,-678
599,-678
598,-679
597,-679
596,-679
595,-679
594,-680
593,-680
592,-681
591,-681
590,-682
589,-682
588,-682
587,-682
586,-682
585,-682
584,-683
583,-683
582,-683
581,-683
580,-684
579,-684
578,-684
577,-684
576,-685
575,-685
574,-685
573,-686
572,-686
571,-686
570,-686
569,-687
568,-687
567,-688
566,-688
565,-688
564,-689
563,-689
562,-690
561,-690
560,-691
559,-691
558,-692
557,-692
556,-693
555,-693
554,-693
553,-693
552,-694
551,-694
550,-695
549,-695
548,-696
547,-696
546,-697
545,-697
544,-698
543,-698
542,-699
541,-699
540,-700
539,-700
538,-701
537,-701
536,-702
535,-702
534,-703
533,-703
532,-704
531,-704
530,-704
529,-705
528,-705
527,-705
526,-706
525,-706
524,-707
523,-707
522,-708
521,-708
520,-709
519,-709
518,-710
517,-710
516,-711
515,-712
514,-713
513,-714
512,-714
511,-714
510,-715
509,-715
508,-716
507,-716
506,-717
505,-717
504,-718
503,-718
502,-719
501,-719
500,-720
499,-720
498,-721
497,-722
496,-722
495,-723
494,-723
493,-724
492,-725
491,-725
490,-726
489,-727
488,-727
487,-728
486,-729
485,-729
484,-730
483,-731
482,-731
481,-732
480,-733
479,-733
478,-734
477,-735
476,-735
475,-736
474,-737
473,-737
472,-738
471,-739
470,-739
469,-740
468,-741
467,-742
466,-742
465,-743
464,-744
463,-744
463,-745
462,-746
461,-746
460,-747
459,-747
458,-748
457,-749
456,-750
455,-750
454,-751
453,-752
452,-753
451,-754
450,-754
449,-755
448,-756
447,-756
446,-757
445,-758
444,-759
443,-760
443,-761
443,-762
443,-763
443,-764
443,-765
442,-766
