615,-736
615,-737
615,-738
615,-739
615,-740
615,-741
616,-742
617,-743
617,-744
617,-745
617,-746
616,-747
615,-747
615,-748
615,-749
615,-750
615,-751
615,-752
615,-753
615,-754
615,-755
615,-756
615,-757
615,-758
616,-758
617,-758
618,-758
619,-759
620,-759
621,-759
622,-759
623,-759
624,-759
625,-759
626,-760
627,-760
628,-760
629,-760
630,-760
631,-760
632,-760
633,-760
634,-761
635,-761
636,-761
637,-761
638,-761
639,-761
640,-762
641,-762
642,-762
643,-762
644,-763
645,-763
646,-763
647,-763
648,-763
649,-764
650,-764
651,-764
652,-764
653,-764
654,-765
655,-766
656,-766
657,-766
658,-766
659,-766
660,-767
661,-768
662,-768
663,-768
664,-769
665,-769
666,-769
667,-770
667,-771
668,-771
669,-772
670,-773
671,-774
672,-775
673,-775
674,-776
675,-776
676,-776
677,-777
677,-778
677,-779
678,-779
679,-780
679,-781
680,-782
681,-782
682,-783
682,-784
683,-785
684,-786
685,-786
686,-787
687,-788
688,-789
689,-789
690,-789
691,-789
692,-790
693,-791
694,-791
695,-792
696,-792
697,-793
698,-793
699,-793
700,-793
701,-794
702,-794
703,-795
704,-795
705,-795
706,-795
707,-796
708,-796
709,-797
710,-797
711,-797
712,-798
713,-798
714,-798
715,-799
716,-799
717,-799
718,-800
718,-801
719,-801
720,-801
721,-801
722,-802
723,-803
724,-804
725,-804
726,-804
727,-805
728,-805
729,-806
730,-806
731,-806
732,-806
733,-806
734,-806
735,-807
736,-807
737,-807
738,-807
739,-807
740,-807
741,-807
742,-807
743,-807
744,-807
745,-807
746,-807
747,-807
748,-807
749,-807
750,-807
751,-807
752,-807
753,-807
754,-807
755,-807
756,-806
757,-806
758,-806
759,-806
760,-806
761,-806
762,-805
763,-805
764,-805
765,-805
766,-805
767,-805
768,-804
769,-804
770,-804
771,-804
772,-804
773,-803
774,-803
775,-803
776,-803
777,-803
778,-802
779,-802
780,-802
781,-801
782,-801
783,-801
784,-801
785,-801
786,-800
787,-800
788,-800
789,-800
790,-799
791,-799
792,-798
793,-798
794,-798
795,-798
796,-798
797,-797
798,-797
799,-797
800,-797
801,-797
802,-796
803,-796
804,-795
805,-795
806,-795
807,-794
808,-794
809,-794
810,-794
811,-793
812,-793
813,-793
814,-793
815,-792
816,-791
817,-791
818,-790
819,-790
820,-790
821,-790
822,-789
823,-788
824,-788
825,-787
826,-787
827,-787
828,-786
829,-786
830,-786
831,-785
832,-785
833,-784
834,-784
835,-783
836,-783
837,-782
838,-782
839,-781
840,-781
841,-780
842,-779
843,-779
844,-778
845,-778
846,-778
847,-777
848,-777
848,-776
849,-775
850,-775
851,-775
852,-775
853,-774
854,-773
855,-773
856,-772
857,-772
858,-771
859,-770
860,-770
861,-770
862,-769
863,-768
864,-767
865,-767
866,-767
866,-766
867,-765
868,-765
869,-765
870,-764
871,-764
872,-764
873,-764
874,-764
875,-763
876,-762
877,-762
878,-762
879,-762
880,-762
881,-762
882,-761
883,-761
884,-760
885,-760
886,-759
886,-758
886,-757
886,-756
886,-755
886,-754
886,-753
886,-752
886,-751
886,-750
886,-749
885,-748
885,-747
884,-746
883,-745
883,-744
882,-743
881,-742
880,-741
879,-740
878,-739
877,-738
876,-737
875,-736
874,-735
873,-735
872,-734
871,-733
870,-732
869,-731
868,-731
867,-730
866,-729
865,-728
864,-728
863,-727
862,-726
861,-726
860,-726
859,-725
858,-724
857,-723
856,-723
855,-722
854,-722
853,-721
852,-721
851,-720
850,-720
849,-719
848,-719
847,-718
846,-717
845,-717
844,-717
843,-716
842,-716
841,-715
840,-715
839,-714
838,-714
837,-714
836,-713
835,-713
834,-713
833,-712
832,-712
831,-712
830,-711
829,-710
828,-710
827,-710
826,-709
825,-709
824,-709
823,-708
822,-708
821,-707
820,-707
819,-707
818,-706
817,-705
816,-705
815,-705
814,-704
813,-704
812,-704
811,-704
810,-703
809,-703
808,-702
807,-702
806,-701
805,-701
804,-701
803,-701
802,-700
801,-700
800,-700
799,-700
798,-699
797,-699
796,-699
795,-699
794,-698
793,-698
792,-698
791,-698
790,-697
789,-697
788,-697
787,-697
786,-697
785,-697
784,-696
783,-696
782,-696
781,-696
780,-696
779,-696
778,-695
777,-695
776,-695
775,-695
774,-695
773,-695
772,-695
771,-695
770,-695
769,-695
768,-695
767,-695
766,-695
765,-695
764,-695
763,-695
762,-695
761,-695
760,-695
759,-695
758,-694
757,-694
756,-694
755,-694
754,-694
753,-694
752,-694
751,-695
750,-695
749,-695
748,-695
747,-695
746,-695
745,-695
744,-695
743,-695
742,-696
741,-696
740,-696
739,-696
738,-696
737,-696
736,-697
735,-697
734,-697
733,-697
732,-697
731,-697
730,-698
729,-698
728,-698
727,-698
726,-698
725,-699
724,-700
723,-700
722,-700
721,-700
720,-700
719,-701
718,-701
717,-701
716,-702
715,-702
714,-703
713,-703
712,-703
711,-704
710,-704
709,-704
708,-705
707,-705
706,-706
705,-706
704,-707
704,-708
703,-709
702,-709
701,-709
700,-710
699,-710
698,-711
697,-712
696,-712
695,-713
694,-714
693,-714
692,-715
691,-716
690,-716
689,-717
688,-717
687,-718
686,-719
685,-719
684,-720
683,-720
682,-721
681,-722
680,-722
679,-723
678,-724
677,-724
676,-725
675,-725
674,-726
673,-726
672,-727
671,-727
670,-728
669,-728
668,-729
667,-729
666,-729
665,-730
664,-730
663,-731
662,-732
661,-732
660,-732
659,-732
658,-733
657,-733
656,-733
655,-733
654,-734
653,-734
652,-734
651,-734
650,-735
649,-735
648,-735
647,-735
646,-735
645,-735
644,-735
643,-735
642,-735
641,-735
640,-735
639,-735
638,-736
637,-736
636,-736
635,-736
634,-736
633,-736
632,-736
631,-736
631,-737
630,-738
629,-738
628,-738
627,-739
626,-739
625,-739
624,-738
624,-737
623,-737
622,-736
621,-736
620,-736
619,-736
618,-736
617,-736
616,-736
615,-736
