615,-746
615,-747
615,-748
615,-749
615,-750
616,-751
617,-751
618,-752
619,-753
620,-754
620,-755
621,-755
622,-755
623,-755
624,-756
624,-757
625,-757
626,-758
627,-758
628,-758
629,-758
630,-758
631,-758
632,-758
633,-758
634,-758
635,-758
636,-758
637,-758
638,-758
639,-758
640,-758
641,-758
642,-757
643,-757
644,-757
645,-757
646,-757
647,-757
648,-757
649,-757
650,-757
651,-757
652,-757
653,-757
654,-757
655,-757
656,-758
657,-758
658,-759
659,-759
660,-759
661,-760
662,-761
662,-762
663,-762
664,-762
665,-762
666,-763
666,-764
667,-765
668,-765
669,-766
670,-766
671,-767
672,-768
673,-768
674,-769
675,-770
675,-771
675,-772
676,-773
676,-774
677,-774
678,-775
679,-775
680,-776
681,-776
682,-777
683,-778
684,-778
685,-779
686,-780
687,-781
688,-782
689,-782
690,-782
691,-783
691,-784
692,-784
693,-784
694,-785
695,-785
696,-785
697,-786
698,-787
698,-788
698,-789
699,-789
700,-789
701,-790
702,-790
703,-791
704,-791
705,-791
706,-792
707,-792
708,-793
709,-794
710,-795
711,-795
712,-795
713,-796
714,-796
715,-796
716,-796
717,-797
718,-798
719,-798
720,-798
721,-798
722,-799
722,-800
723,-800
724,-800
725,-800
726,-800
727,-800
728,-801
729,-801
730,-801
731,-801
732,-802
732,-803
733,-803
734,-803
735,-803
736,-804
737,-805
738,-805
739,-805
740,-805
741,-805
742,-805
743,-805
744,-806
745,-806
746,-807
747,-807
748,-807
749,-807
750,-807
751,-807
752,-807
753,-807
754,-807
755,-808
756,-808
757,-808
758,-808
759,-808
760,-808
761,-808
762,-808
763,-808
764,-808
765,-808
766,-808
767,-808
768,-808
769,-808
770,-808
771,-808
772,-808
773,-809
774,-809
775,-809
776,-809
777,-809
778,-809
779,-808
780,-808
781,-808
782,-808
783,-808
784,-808
785,-808
786,-808
787,-808
788,-808
789,-808
790,-807
791,-807
792,-807
793,-807
794,-807
795,-807
796,-806
797,-806
798,-806
799,-806
800,-806
801,-805
802,-805
803,-804
804,-804
805,-804
806,-803
807,-803
808,-803
809,-803
810,-802
811,-801
812,-801
813,-801
814,-800
815,-800
816,-800
817,-800
818,-800
819,-800
820,-800
821,-800
822,-799
822,-798
823,-797
824,-797
825,-797
826,-797
827,-797
828,-797
829,-797
830,-796
831,-796
832,-795
833,-795
834,-795
835,-795
836,-795
837,-795
838,-795
839,-794
840,-794
841,-794
842,-794
843,-793
844,-793
845,-793
846,-792
847,-792
848,-792
849,-792
850,-792
851,-791
852,-791
853,-791
854,-791
855,-790
856,-789
857,-789
858,-789
859,-788
860,-788
861,-788
862,-788
863,-788
864,-788
865,-787
866,-786
867,-785
868,-784
869,-784
870,-783
871,-783
872,-783
872,-782
873,-781
874,-781
875,-781
876,-781
877,-781
878,-780
879,-780
880,-779
880,-778
881,-777
882,-777
882,-776
882,-775
882,-774
883,-773
884,-773
885,-772
886,-771
886,-770
886,-769
886,-768
886,-767
886,-766
886,-765
886,-764
886,-763
886,-762
885,-761
884,-760
883,-759
883,-758
883,-757
883,-756
883,-755
883,-754
883,-753
883,-752
882,-752
881,-751
880,-750
879,-750
878,-749
877,-748
876,-747
875,-747
874,-746
873,-745
872,-744
871,-744
870,-743
869,-742
868,-742
867,-741
866,-740
865,-740
864,-739
863,-738
862,-738
861,-737
860,-737
859,-736
859,-735
858,-735
857,-734
856,-733
855,-732
854,-732
853,-731
852,-730
851,-730
850,-729
849,-728
848,-728
847,-727
846,-726
845,-725
844,-725
843,-724
842,-724
841,-723
840,-723
839,-722
838,-722
837,-721
836,-720
835,-720
834,-719
833,-718
832,-718
831,-717
830,-716
829,-716
828,-716
827,-715
826,-715
825,-714
824,-714
823,-714
822,-713
822,-712
821,-711
820,-711
819,-711
818,-711
817,-710
816,-709
815,-709
814,-709
813,-708
812,-708
811,-708
810,-707
809,-707
808,-707
807,-706
806,-706
805,-705
804,-705
803,-704
802,-704
801,-704
800,-704
799,-704
798,-703
797,-703
796,-703
795,-702
794,-702
793,-702
792,-701
791,-701
790,-700
789,-700
788,-700
787,-700
786,-700
785,-700
784,-700
783,-699
782,-699
781,-699
780,-698
779,-698
778,-698
777,-698
776,-698
775,-698
774,-697
773,-696
772,-696
771,-696
770,-696
769,-695
768,-695
767,-695
766,-695
765,-695
764,-695
763,-695
762,-695
761,-694
760,-694
759,-694
758,-694
757,-694
756,-694
755,-694
754,-694
753,-694
752,-694
751,-694
750,-694
749,-694
748,-694
747,-694
746,-694
745,-694
744,-694
743,-694
742,-694
741,-694
740,-694
739,-693
738,-693
737,-693
736,-693
735,-693
734,-694
733,-694
732,-694
731,-694
730,-694
729,-694
728,-694
727,-694
726,-694
725,-695
724,-695
723,-695
722,-695
721,-695
720,-696
719,-696
718,-696
717,-696
716,-696
715,-697
714,-697
713,-697
712,-697
711,-697
710,-698
709,-698
708,-699
707,-699
706,-699
705,-700
704,-700
703,-700
702,-701
701,-701
700,-701
699,-702
698,-702
697,-703
696,-704
695,-704
694,-704
693,-705
692,-706
691,-706
690,-706
689,-707
688,-708
687,-709
686,-709
685,-710
684,-711
683,-711
682,-712
681,-713
680,-713
679,-714
678,-714
677,-715
676,-716
675,-717
674,-717
673,-718
672,-719
671,-720
670,-720
669,-721
668,-722
667,-722
666,-723
665,-723
664,-724
663,-724
662,-724
661,-725
660,-725
659,-725
658,-726
657,-726
656,-726
655,-727
654,-727
653,-727
652,-727
651,-727
650,-727
649,-728
648,-729
647,-729
646,-729
645,-730
644,-730
643,-730
642,-731
641,-731
640,-731
639,-731
638,-732
637,-732
636,-732
635,-733
634,-733
633,-734
632,-734
631,-734
630,-734
629,-734
628,-734
627,-734
626,-734
625,-734
624,-734
624,-735
624,-736
623,-737
622,-738
621,-738
620,-739
619,-740
618,-740
617,-741
617,-742
617,-743
616,-744
616,-745
615,-746
