442,-693
442,-694
442,-695
442,-696
442,-697
442,-698
442,-699
442,-700
442,-701
442,-702
442,-703
442,-704
443,-704
444,-704
445,-704
446,-705
446,-706
446,-707
446,-708
446,-709
447,-710
447,-711
448,-711
449,-712
449,-713
450,-714
451,-715
452,-715
453,-715
454,-716
455,-716
456,-716
457,-717
458,-718
459,-718
460,-719
460,-720
460,-721
461,-721
462,-721
463,-722
463,-723
463,-724
464,-724
465,-724
466,-725
466,-726
467,-727
468,-727
469,-728
470,-729
470,-730
471,-730
472,-730
473,-731
474,-731
475,-731
476,-732
477,-732
478,-733
478,-734
478,-735
479,-736
480,-737
481,-737
482,-737
483,-738
484,-739
484,-740
485,-740
486,-740
487,-741
488,-742
489,-743
490,-743
491,-744
492,-744
493,-745
494,-745
495,-746
496,-747
497,-747
498,-747
499,-747
500,-748
500,-749
501,-749
502,-750
502,-751
503,-751
504,-751
505,-752
506,-753
507,-753
508,-754
509,-755
509,-756
510,-756
511,-757
512,-757
513,-757
514,-758
515,-759
516,-759
517,-760
518,-761
519,-761
520,-762
521,-763
522,-764
523,-765
524,-765
525,-765
526,-766
527,-767
528,-768
528,-769
529,-769
530,-769
531,-770
532,-770
533,-771
533,-772
534,-772
535,-772
536,-772
537,-773
538,-774
539,-775
540,-776
541,-777
542,-777
543,-777
544,-777
545,-778
545,-779
545,-780
546,-780
547,-780
548,-780
549,-780
550,-781
551,-782
551,-783
552,-783
553,-783
554,-784
555,-784
556,-785
557,-786
557,-787
557,-788
558,-788
559,-788
560,-788
561,-789
561,-790
562,-791
563,-791
564,-791
565,-792
566,-792
567,-792
568,-793
568,-794
569,-794
570,-795
571,-795
572,-796
573,-796
574,-797
575,-798
576,-798
577,-799
578,-799
579,-800
580,-801
581,-802
582,-802
583,-803
583,-804
584,-804
585,-804
586,-805
587,-806
588,-807
589,-808
589,-809
590,-809
591,-809
592,-809
593,-810
594,-810
595,-811
596,-812
597,-812
598,-813
599,-813
600,-813
601,-814
601,-815
601,-816
602,-816
603,-816
604,-816
605,-817
606,-817
607,-817
608,-818
609,-819
610,-819
611,-820
612,-820
613,-821
614,-821
615,-821
616,-822
617,-823
617,-824
618,-824
619,-824
620,-824
621,-825
622,-825
623,-826
624,-826
625,-826
626,-827
627,-827
628,-827
629,-828
630,-829
631,-830
632,-831
633,-831
634,-831
635,-831
636,-831
637,-831
638,-832
638,-833
638,-834
638,-835
639,-835
640,-836
641,-836
642,-836
643,-837
644,-837
645,-838
646,-838
647,-838
648,-839
649,-840
650,-840
651,-840
652,-840
653,-840
654,-841
655,-841
656,-842
657,-842
658,-842
659,-842
660,-843
661,-843
662,-843
663,-844
664,-844
665,-845
666,-845
667,-845
668,-845
669,-845
670,-846
671,-846
672,-846
673,-847
674,-847
675,-848
676,-848
677,-848
678,-848
679,-848
680,-848
681,-848
682,-849
683,-849
684,-849
685,-849
686,-849
687,-849
688,-849
689,-849
690,-849
691,-850
692,-850
693,-851
694,-851
695,-851
696,-851
697,-851
698,-851
699,-851
700,-851
701,-851
702,-852
703,-852
704,-852
705,-852
706,-852
707,-852
708,-852
709,-852
710,-852
711,-852
712,-852
713,-852
714,-852
715,-852
716,-852
717,-852
718,-852
719,-852
720,-852
721,-852
722,-852
723,-852
724,-852
725,-852
726,-852
727,-852
728,-852
729,-853
730,-853
731,-853
732,-853
733,-853
733,-852
734,-851
735,-851
736,-851
737,-851
738,-851
739,-851
740,-851
741,-851
742,-851
743,-851
744,-851
745,-851
746,-851
747,-851
748,-851
749,-851
750,-851
751,-851
752,-851
753,-851
754,-851
755,-851
756,-851
757,-851
758,-851
759,-851
760,-851
760,-850
761,-849
762,-849
763,-849
764,-849
765,-849
766,-849
767,-848
768,-848
769,-848
770,-848
771,-848
772,-848
773,-848
774,-848
775,-848
776,-848
777,-847
778,-847
779,-847
780,-846
781,-846
782,-846
783,-846
784,-845
785,-845
786,-844
787,-843
788,-843
789,-843
790,-843
791,-843
792,-843
793,-843
793,-842
794,-841
795,-841
796,-841
797,-840
798,-840
799,-840
800,-840
801,-840
802,-840
803,-839
804,-838
805,-838
805,-837
806,-836
807,-835
808,-835
808,-834
809,-833
810,-833
811,-833
812,-833
813,-832
814,-831
815,-831
816,-831
817,-831
818,-830
819,-829
820,-828
821,-828
822,-828
823,-827
824,-827
825,-826
826,-826
827,-826
828,-825
828,-824
829,-823
830,-822
831,-822
832,-822
833,-821
834,-821
835,-820
835,-819
836,-818
837,-818
838,-818
839,-817
840,-816
841,-816
842,-816
842,-815
843,-814
844,-813
845,-812
846,-812
847,-812
848,-811
849,-810
850,-810
851,-809
852,-808
853,-807
854,-807
855,-807
856,-807
857,-806
858,-806
859,-805
860,-805
861,-805
862,-805
863,-804
864,-804
865,-804
866,-803
867,-803
868,-802
869,-802
870,-802
871,-802
872,-801
873,-801
874,-801
875,-801
876,-800
877,-800
878,-800
879,-800
880,-800
881,-800
882,-800
883,-800
884,-800
885,-800
886,-800
887,-800
888,-800
889,-800
890,-800
891,-800
892,-800
893,-800
894,-800
895,-800
896,-800
897,-800
898,-800
899,-800
900,-800
901,-800
902,-800
903,-800
904,-800
905,-800
906,-800
907,-801
908,-801
909,-801
910,-801
911,-801
912,-801
913,-801
914,-801
915,-802
916,-802
917,-802
918,-802
919,-802
920,-802
921,-802
922,-802
923,-802
924,-803
925,-803
926,-803
927,-803
928,-803
929,-804
930,-804
931,-804
932,-804
933,-804
934,-804
935,-804
936,-805
937,-805
938,-805
939,-805
940,-805
941,-805
942,-805
943,-806
944,-806
945,-806
946,-806
947,-806
948,-806
949,-807
950,-807
951,-807
952,-807
953,-807
954,-807
955,-807
956,-807
957,-807
958,-807
959,-808
960,-808
961,-808
962,-808
963,-808
964,-808
965,-808
966,-808
967,-808
968,-808
969,-809
970,-809
971,-809
972,-809
973,-809
974,-809
975,-809
976,-810
977,-810
978,-810
979,-810
980,-810
981,-810
982,-810
983,-811
984,-811
985,-811
986,-811
987,-811
988,-811
989,-811
990,-811
991,-811
992,-812
993,-812
994,-812
995,-812
996,-812
997,-812
998,-812
999,-813
1000,-813
1001,-813
1002,-813
1003,-813
1004,-813
1005,-813
1006,-813
1007,-814
1008,-814
1009,-814
1010,-814
1011,-814
1012,-814
1013,-814
1014,-814
1015,-814
1016,-814
1017,-815
1018,-815
1019,-815
1020,-815
1021,-815
1022,-815
1023,-815
1024,-814
1025,-814
1026,-813
1027,-813
1028,-813
1029,-813
1030,-813
1031,-812
1032,-812
1033,-812
1034,-811
1035,-811
1035,-810
1035,-809
1035,-808
1035,-807
1036,-806
1037,-806
1038,-806
1038,-805
1038,-804
1039,-803
1040,-803
1040,-802
1040,-801
1040,-800
1040,-799
1040,-798
1040,-797
1041,-796
1042,-796
1043,-796
1044,-796
1044,-795
1045,-794
1046,-794
1047,-794
1048,-794
1049,-794
1050,-794
1051,-794
1052,-794
1053,-794
1054,-793
1055,-792
1056,-792
1057,-792
1058,-792
1059,-792
1059,-791
1059,-790
1059,-789
1059,-788
1059,-787
1059,-786
1058,-786
1057,-786
1056,-785
1055,-785
1054,-784
1053,-784
1052,-784
1051,-784
1050,-784
1049,-784
1049,-785
1048,-786
1047,-786
1046,-786
1045,-786
1044,-786
1043,-786
1042,-786
1041,-787
1041,-788
1041,-789
1040,-790
1039,-791
1039,-792
1039,-793
1038,-794
1037,-794
1036,-794
1035,-794
1034,-795
1033,-795
1032,-795
1031,-794
1031,-793
1031,-792
1031,-791
1030,-791
1029,-791
1028,-791
1027,-791
1026,-790
1025,-790
1024,-789
1024,-788
1023,-788
1022,-788
1021,-788
1020,-787
1019,-787
1018,-787
1017,-787
1016,-787
1015,-787
1014,-787
1013,-787
1012,-786
1011,-786
1010,-785
1010,-784
1010,-783
1011,-782
1012,-782
1013,-782
1013,-781
1013,-780
1013,-779
1013,-778
1012,-778
1011,-778
1010,-778
1009,-778
1009,-779
1009,-780
1009,-781
1009,-782
1009,-783
1009,-784
1008,-785
1007,-785
1006,-785
1005,-784
1004,-784
1003,-784
1002,-784
1001,-784
1000,-784
999,-785
998,-785
997,-785
996,-785
995,-785
994,-785
993,-785
992,-784
991,-783
990,-782
990,-781
990,-780
990,-779
991,-778
992,-778
993,-778
994,-778
995,-778
996,-778
997,-779
998,-779
999,-779
1000,-779
1001,-779
1002,-779
1003,-779
1004,-779
1005,-779
1005,-778
1005,-777
1005,-776
1005,-775
1006,-774
1007,-774
1008,-774
1009,-774
1010,-774
1011,-774
1011,-773
1011,-772
1011,-771
1011,-770
1011,-769
1010,-769
1009,-768
1008,-768
1007,-768
1006,-767
1005,-767
1004,-767
1003,-767
1002,-767
1001,-767
1000,-766
999,-765
998,-765
997,-765
996,-765
995,-765
994,-765
993,-765
992,-765
991,-765
990,-765
989,-765
988,-764
987,-764
986,-764
985,-764
984,-763
983,-763
982,-763
981,-762
980,-762
979,-762
978,-762
977,-762
976,-762
975,-762
974,-762
973,-762
972,-762
971,-762
970,-762
969,-762
968,-761
967,-761
966,-760
965,-760
964,-760
963,-760
962,-760
961,-760
960,-759
959,-759
958,-759
957,-759
956,-759
955,-759
954,-758
953,-758
952,-758
951,-758
950,-758
949,-758
948,-758
947,-758
946,-758
945,-758
944,-758
943,-758
942,-758
941,-757
940,-757
939,-757
938,-757
937,-757
936,-756
936,-755
935,-755
934,-755
933,-755
932,-755
931,-755
930,-755
929,-754
928,-754
927,-754
926,-754
925,-754
924,-754
923,-754
922,-753
922,-752
921,-752
920,-752
919,-752
918,-752
917,-752
916,-752
915,-752
914,-752
913,-752
912,-751
911,-751
910,-750
909,-750
908,-750
907,-750
906,-750
905,-749
904,-749
903,-749
902,-749
901,-748
900,-748
899,-748
898,-748
897,-748
896,-747
895,-747
894,-746
893,-746
892,-746
891,-745
890,-745
889,-744
888,-744
887,-744
886,-743
885,-743
884,-743
883,-742
882,-742
881,-741
880,-741
879,-740
878,-740
877,-739
876,-739
875,-739
874,-738
873,-738
872,-737
871,-737
870,-736
869,-736
868,-735
867,-734
866,-733
865,-733
864,-733
863,-732
862,-732
861,-731
860,-730
859,-729
858,-729
857,-728
856,-727
855,-726
854,-726
853,-725
852,-725
851,-724
850,-723
849,-722
848,-722
847,-721
846,-720
846,-719
845,-719
844,-718
843,-717
842,-717
841,-716
840,-715
839,-714
838,-713
837,-713
836,-712
835,-711
834,-711
833,-710
832,-709
831,-708
830,-707
829,-707
828,-706
827,-705
826,-704
825,-704
824,-703
824,-702
823,-702
822,-702
821,-702
820,-702
819,-702
818,-702
817,-702
816,-701
816,-700
816,-699
816,-698
815,-698
814,-697
813,-696
812,-696
811,-695
810,-694
809,-694
808,-693
807,-693
806,-693
805,-693
804,-692
804,-691
803,-690
802,-690
801,-690
800,-690
799,-689
798,-688
797,-688
796,-687
795,-686
794,-685
793,-685
792,-684
791,-684
790,-684
789,-683
788,-683
787,-682
786,-682
785,-682
784,-681
783,-681
782,-680
781,-680
780,-680
779,-680
778,-679
777,-678
776,-678
775,-677
774,-677
773,-676
772,-676
771,-676
770,-675
769,-675
768,-674
767,-674
766,-673
765,-673
764,-673
763,-673
762,-673
761,-673
760,-674
759,-674
758,-674
757,-674
756,-674
755,-673
755,-672
755,-671
755,-670
755,-669
754,-669
753,-668
752,-668
751,-668
750,-667
749,-667
748,-666
747,-666
746,-665
745,-665
744,-665
743,-665
742,-664
741,-664
740,-664
739,-664
738,-663
737,-663
736,-662
735,-662
734,-661
733,-661
732,-661
731,-661
730,-661
729,-661
728,-660
727,-660
726,-660
725,-659
724,-659
723,-659
722,-658
721,-658
720,-658
719,-658
718,-657
717,-657
716,-657
715,-657
714,-657
713,-656
712,-656
711,-656
710,-656
709,-656
708,-655
707,-655
706,-655
705,-655
704,-654
703,-654
702,-654
701,-654
700,-654
699,-653
698,-653
697,-653
696,-653
695,-653
694,-653
693,-653
692,-652
691,-652
690,-652
689,-652
688,-652
687,-652
686,-652
685,-651
684,-651
683,-651
682,-651
681,-651
680,-651
679,-651
678,-651
677,-651
676,-651
675,-651
674,-651
673,-651
672,-650
671,-650
670,-650
669,-650
668,-650
667,-650
666,-650
665,-650
664,-650
663,-650
662,-650
661,-650
660,-650
659,-650
658,-650
657,-650
656,-650
655,-650
654,-650
653,-650
652,-650
651,-650
650,-650
649,-650
648,-650
647,-649
646,-649
645,-649
644,-649
643,-649
642,-649
641,-649
640,-649
639,-649
638,-649
637,-649
636,-650
635,-650
634,-650
633,-650
632,-650
631,-650
630,-650
629,-650
628,-650
627,-650
626,-650
625,-650
624,-650
623,-651
622,-651
621,-651
620,-651
619,-652
618,-652
617,-652
616,-652
615,-652
614,-652
613,-652
612,-652
611,-652
610,-653
609,-653
608,-653
607,-653
606,-653
605,-654
604,-654
603,-654
602,-654
601,-655
600,-655
599,-655
598,-655
597,-655
596,-655
595,-655
594,-656
593,-656
592,-656
591,-657
590,-657
589,-657
588,-657
587,-657
586,-657
585,-657
584,-657
583,-657
582,-657
581,-658
580,-658
579,-658
578,-658
577,-658
576,-658
575,-658
574,-658
573,-659
572,-659
571,-659
570,-660
569,-660
568,-660
567,-660
566,-661
565,-661
564,-661
563,-661
562,-661
561,-661
561,-662
560,-663
559,-663
558,-663
557,-663
556,-663
555,-664
554,-664
553,-664
552,-665
551,-665
550,-665
549,-665
548,-665
547,-665
546,-665
545,-665
544,-666
543,-666
542,-667
541,-667
540,-667
539,-667
538,-667
537,-667
536,-667
535,-667
534,-668
533,-668
532,-668
531,-668
530,-668
529,-669
528,-669
527,-669
526,-669
525,-669
524,-670
523,-670
522,-670
521,-671
520,-671
519,-671
518,-671
517,-672
516,-672
515,-672
514,-673
513,-673
512,-673
511,-673
510,-673
509,-674
508,-674
507,-674
506,-674
506,-675
505,-676
504,-676
503,-676
502,-676
501,-676
500,-676
499,-677
498,-677
497,-677
496,-677
495,-677
494,-677
493,-678
492,-678
491,-678
490,-678
489,-679
488,-679
487,-680
486,-680
485,-680
484,-680
483,-680
482,-680
481,-681
480,-681
479,-681
478,-682
477,-682
476,-682
475,-682
474,-683
473,-683
472,-683
471,-683
470,-684
469,-684
468,-685
467,-685
466,-685
465,-685
464,-685
463,-686
462,-686
461,-686
460,-686
459,-687
458,-687
457,-687
456,-687
455,-687
454,-687
453,-688
452,-688
451,-688
450,-689
449,-689
448,-690
447,-690
446,-691
445,-691
444,-692
443,-692
442,-693
