480,-721
480,-722
480,-723
480,-724
480,-725
480,-726
480,-727
480,-728
480,-729
481,-729
482,-729
483,-729
484,-729
485,-729
486,-730
487,-730
488,-730
489,-731
490,-731
491,-731
492,-732
493,-732
494,-732
495,-732
496,-732
497,-733
498,-734
499,-734
500,-734
501,-734
502,-734
503,-734
504,-734
505,-734
506,-734
507,-735
508,-735
509,-735
510,-735
511,-735
512,-735
513,-736
514,-736
515,-737
516,-737
517,-737
518,-737
519,-738
520,-738
521,-738
522,-738
523,-738
524,-738
525,-738
526,-738
527,-738
528,-739
529,-739
530,-739
531,-740
532,-740
533,-740
534,-740
535,-740
536,-740
537,-741
538,-741
539,-741
540,-741
541,-741
542,-741
543,-741
544,-742
545,-742
546,-742
547,-742
548,-743
549,-743
550,-743
551,-743
552,-743
553,-743
554,-743
555,-743
556,-744
557,-744
558,-744
559,-744
560,-744
561,-745
562,-745
563,-745
564,-745
565,-745
566,-745
567,-745
568,-745
569,-745
570,-745
571,-745
572,-746
572,-747
573,-747
574,-747
575,-747
576,-747
577,-747
578,-747
579,-747
580,-747
581,-747
582,-747
583,-747
584,-748
585,-748
586,-748
587,-748
588,-748
589,-749
590,-749
591,-749
592,-749
593,-749
594,-749
595,-749
596,-749
597,-750
598,-750
599,-750
600,-750
601,-750
602,-750
603,-750
604,-750
605,-750
606,-750
607,-750
608,-750
609,-750
610,-750
611,-751
612,-751
613,-751
614,-751
615,-752
616,-752
617,-752
618,-752
619,-752
620,-752
621,-752
622,-753
622,-754
622,-755
622,-756
623,-756
624,-756
625,-756
626,-756
627,-756
628,-756
629,-756
630,-757
631,-757
632,-758
633,-759
634,-759
635,-759
636,-759
637,-759
638,-759
639,-759
640,-759
641,-759
642,-759
643,-759
644,-759
645,-759
646,-759
647,-759
648,-759
649,-759
650,-759
651,-759
652,-759
653,-759
654,-759
655,-760
656,-760
657,-761
657,-762
658,-762
659,-763
660,-764
661,-765
662,-766
663,-767
664,-768
665,-768
666,-769
667,-770
667,-771
668,-771
669,-772
670,-773
670,-774
671,-775
671,-776
672,-776
673,-777
674,-777
675,-778
675,-779
675,-780
675,-781
675,-782
675,-783
675,-784
676,-785
677,-785
678,-785
679,-785
680,-785
681,-784
682,-784
683,-784
684,-784
685,-784
686,-785
686,-786
686,-787
685,-788
685,-789
685,-790
685,-791
685,-792
685,-793
685,-794
686,-794
687,-794
688,-795
689,-796
689,-797
690,-798
691,-799
692,-799
693,-800
693,-801
693,-802
694,-802
695,-803
696,-804
696,-805
697,-806
698,-807
699,-807
700,-807
701,-807
702,-808
702,-809
703,-810
703,-811
704,-812
705,-812
706,-812
707,-813
708,-813
709,-814
709,-815
710,-816
711,-816
712,-816
713,-817
714,-818
715,-818
716,-818
717,-819
718,-820
719,-820
720,-821
720,-822
721,-822
722,-823
723,-823
724,-823
725,-823
726,-823
727,-823
728,-824
729,-824
730,-824
731,-824
732,-825
732,-826
733,-826
734,-826
735,-826
736,-827
737,-827
738,-827
739,-827
740,-828
741,-828
742,-828
743,-828
744,-828
745,-828
746,-828
747,-829
748,-829
749,-829
750,-829
751,-830
752,-830
753,-830
754,-830
755,-830
756,-830
757,-830
758,-830
759,-831
760,-831
761,-831
762,-831
763,-831
764,-831
765,-832
766,-832
767,-832
768,-832
769,-832
770,-833
771,-833
772,-833
773,-833
774,-833
775,-833
776,-833
777,-833
778,-834
779,-835
780,-835
781,-835
782,-835
783,-835
784,-836
784,-837
785,-837
786,-837
787,-837
788,-837
789,-837
790,-837
791,-837
792,-837
793,-837
794,-838
795,-838
796,-838
797,-839
798,-839
799,-840
800,-840
801,-840
802,-840
803,-840
804,-841
805,-841
806,-841
807,-841
808,-842
809,-842
810,-842
811,-843
812,-843
813,-843
814,-844
815,-845
816,-845
817,-846
818,-846
819,-846
820,-846
821,-846
822,-846
823,-846
824,-847
825,-847
826,-848
827,-848
828,-848
829,-848
830,-848
831,-847
832,-847
833,-847
834,-847
835,-847
836,-847
837,-848
838,-848
839,-848
840,-848
841,-848
842,-848
843,-848
844,-848
845,-848
846,-848
847,-847
848,-847
849,-847
850,-847
851,-847
852,-847
853,-847
854,-847
855,-846
856,-846
857,-846
858,-846
859,-846
860,-846
861,-845
862,-845
863,-845
864,-845
865,-845
866,-845
867,-845
867,-844
868,-843
869,-843
870,-843
871,-843
872,-843
873,-843
874,-843
875,-842
876,-842
877,-842
878,-842
879,-842
880,-842
881,-841
882,-840
883,-840
884,-840
885,-840
886,-840
887,-840
888,-840
889,-839
890,-839
891,-839
892,-839
893,-838
894,-838
895,-837
896,-837
897,-837
898,-837
899,-837
900,-837
901,-837
902,-837
903,-837
904,-837
905,-836
906,-835
907,-835
908,-835
909,-835
910,-835
911,-835
912,-834
913,-833
914,-833
915,-833
916,-833
917,-833
918,-833
919,-832
920,-832
921,-832
922,-832
923,-832
924,-832
925,-831
926,-831
927,-831
928,-831
929,-831
930,-831
931,-831
932,-830
933,-829
934,-829
935,-828
936,-828
937,-828
938,-828
939,-828
940,-828
941,-828
942,-827
943,-826
944,-826
945,-825
946,-825
947,-825
948,-824
949,-823
950,-823
951,-823
952,-823
953,-822
954,-821
955,-821
956,-821
957,-821
958,-821
959,-821
960,-821
961,-820
962,-819
963,-819
964,-818
965,-817
966,-817
967,-817
968,-817
969,-817
970,-817
970,-816
970,-815
971,-814
972,-814
973,-814
974,-814
975,-813
976,-812
977,-812
978,-812
979,-812
980,-812
981,-812
982,-812
983,-812
984,-812
985,-812
986,-812
987,-812
988,-811
989,-811
990,-811
991,-811
991,-810
992,-809
993,-809
994,-809
995,-808
996,-808
997,-808
998,-808
999,-808
1000,-807
1001,-806
1002,-806
1003,-806
1004,-806
1004,-805
1005,-804
1006,-804
1007,-803
1008,-802
1009,-802
1010,-801
1011,-801
1012,-801
1013,-801
1013,-800
1013,-799
1014,-798
1015,-798
1016,-798
1016,-797
1016,-796
1017,-795
1018,-795
1019,-795
1019,-794
1020,-793
1021,-792
1022,-792
1022,-791
1022,-790
1022,-789
1022,-788
1022,-787
1022,-786
1022,-785
1022,-784
1022,-783
1022,-782
1022,-781
1021,-781
1020,-780
1020,-779
1019,-779
1018,-778
1018,-777
1018,-776
1018,-775
1018,-774
1017,-773
1017,-772
1016,-771
1015,-770
1015,-769
1014,-768
1013,-767
1012,-767
1011,-766
1010,-765
1009,-764
1008,-763
1007,-762
1006,-761
1005,-760
1004,-760
1003,-759
1002,-758
1001,-757
1000,-756
1000,-755
999,-754
998,-753
997,-752
996,-751
995,-750
994,-749
993,-748
992,-747
991,-746
990,-745
989,-744
988,-743
987,-742
986,-741
985,-741
984,-740
983,-739
982,-738
982,-737
981,-737
980,-736
979,-735
978,-734
977,-733
976,-732
975,-731
974,-731
973,-730
972,-729
971,-728
970,-727
969,-726
968,-725
967,-724
966,-724
965,-723
964,-722
963,-722
962,-721
961,-720
960,-719
959,-719
958,-718
957,-717
956,-716
955,-715
954,-714
953,-714
952,-714
951,-713
951,-712
950,-711
949,-711
948,-711
947,-711
946,-711
945,-712
944,-712
943,-712
942,-712
941,-711
940,-710
939,-709
939,-708
939,-707
939,-706
939,-705
939,-704
939,-703
939,-702
938,-702
937,-701
936,-701
935,-701
934,-700
933,-700
932,-699
931,-699
930,-698
929,-697
928,-697
927,-696
926,-696
925,-695
924,-695
923,-694
922,-693
921,-693
920,-693
919,-692
918,-691
917,-691
916,-691
915,-690
914,-690
913,-689
912,-688
911,-688
910,-687
909,-687
908,-687
907,-687
906,-686
905,-685
904,-685
903,-685
902,-684
901,-684
900,-684
899,-683
898,-682
897,-681
896,-681
895,-680
894,-680
893,-680
892,-679
891,-679
890,-678
889,-678
888,-678
887,-677
886,-677
885,-677
884,-676
883,-676
882,-675
881,-675
880,-674
879,-674
878,-673
877,-673
876,-673
875,-672
874,-672
873,-672
872,-672
871,-671
870,-671
869,-671
868,-670
867,-670
866,-670
865,-669
864,-669
863,-669
862,-668
861,-668
860,-668
859,-668
858,-668
857,-667
856,-667
855,-666
854,-666
853,-666
852,-666
851,-665
850,-665
849,-665
848,-665
847,-664
846,-664
845,-664
844,-664
843,-664
842,-663
841,-663
840,-663
839,-662
838,-662
837,-662
836,-661
835,-661
834,-661
833,-661
832,-660
831,-660
830,-659
829,-659
828,-659
827,-659
826,-659
825,-658
824,-658
823,-658
822,-658
821,-658
820,-657
819,-657
818,-657
817,-657
816,-657
815,-657
814,-657
813,-657
812,-657
811,-657
810,-656
809,-656
808,-656
807,-656
806,-656
805,-656
804,-655
803,-655
802,-655
801,-655
800,-655
799,-655
798,-655
797,-655
796,-655
795,-655
794,-655
793,-655
792,-655
791,-655
790,-654
789,-654
788,-654
787,-654
786,-654
785,-654
784,-653
783,-653
782,-653
781,-653
780,-653
779,-653
778,-653
777,-653
776,-653
775,-653
774,-653
773,-653
772,-653
771,-653
770,-653
769,-653
768,-653
767,-653
766,-653
765,-653
764,-653
763,-653
762,-653
761,-653
760,-653
759,-653
758,-653
757,-654
756,-654
755,-654
754,-654
753,-654
752,-654
751,-653
750,-653
749,-653
748,-653
747,-653
746,-653
745,-654
744,-654
743,-654
742,-654
741,-654
740,-654
739,-654
738,-654
737,-655
736,-655
735,-655
734,-655
733,-655
732,-655
731,-655
730,-655
729,-655
728,-655
727,-656
726,-656
725,-656
724,-656
723,-656
722,-656
721,-657
720,-657
719,-657
718,-657
717,-657
716,-657
715,-657
714,-657
713,-657
712,-657
712,-658
711,-659
710,-659
709,-659
708,-659
707,-659
706,-660
705,-660
704,-661
703,-661
702,-661
701,-661
700,-662
699,-662
698,-662
697,-663
696,-663
695,-664
694,-665
693,-665
692,-665
691,-666
690,-666
689,-666
688,-667
687,-667
686,-667
685,-668
684,-668
683,-669
682,-669
681,-670
680,-670
679,-671
678,-672
677,-672
676,-673
675,-673
674,-673
673,-674
672,-675
671,-676
670,-676
669,-677
668,-677
667,-678
666,-678
665,-679
664,-680
663,-680
662,-681
661,-681
660,-682
659,-683
658,-683
657,-684
656,-685
655,-685
654,-686
653,-686
652,-686
651,-687
650,-687
649,-688
648,-688
647,-689
646,-689
645,-690
644,-690
643,-691
642,-691
641,-692
640,-692
639,-693
638,-693
637,-693
636,-694
635,-694
634,-694
633,-694
632,-694
631,-695
630,-695
629,-696
628,-696
627,-696
626,-696
625,-696
624,-697
623,-697
622,-697
621,-697
620,-697
619,-698
618,-698
617,-698
616,-698
615,-698
614,-698
613,-698
612,-698
611,-698
610,-698
609,-698
608,-698
607,-699
606,-699
605,-699
604,-699
603,-699
602,-699
601,-699
600,-699
599,-699
598,-699
597,-699
596,-699
595,-699
594,-699
593,-699
592,-699
591,-699
590,-699
589,-699
588,-699
587,-699
586,-699
585,-699
584,-699
583,-699
582,-699
581,-699
580,-699
579,-699
578,-699
577,-699
576,-699
575,-699
574,-699
573,-699
572,-699
571,-699
570,-699
569,-699
568,-699
567,-699
566,-699
565,-699
564,-699
563,-699
562,-699
561,-699
560,-699
559,-699
558,-699
557,-699
556,-699
555,-699
554,-699
553,-699
552,-700
551,-700
550,-700
549,-700
548,-700
547,-700
546,-700
545,-700
544,-700
543,-700
542,-700
541,-700
540,-700
539,-700
538,-700
537,-700
536,-700
535,-700
534,-700
533,-700
532,-700
531,-700
530,-700
529,-700
528,-700
527,-700
526,-700
525,-700
524,-700
523,-700
522,-700
521,-700
520,-700
519,-700
518,-700
517,-700
516,-700
515,-700
514,-700
513,-700
512,-700
511,-700
510,-700
509,-700
508,-700
507,-700
506,-700
505,-700
504,-700
503,-700
502,-700
501,-700
500,-700
499,-700
498,-700
497,-700
496,-700
495,-700
494,-700
493,-700
492,-700
491,-700
490,-700
489,-700
488,-700
487,-700
486,-699
485,-699
484,-699
483,-699
482,-699
482,-700
482,-701
482,-702
482,-703
483,-704
484,-705
484,-706
484,-707
485,-708
485,-709
485,-710
485,-711
485,-712
484,-713
484,-714
483,-715
483,-716
482,-717
482,-718
482,-719
481,-720
480,-721
