466,-1047
466,-1048
466,-1049
466,-1050
466,-1051
466,-1052
467,-1053
468,-1053
469,-1053
470,-1053
471,-1053
471,-1052
471,-1051
471,-1050
472,-1049
473,-1048
474,-1047
475,-1046
475,-1045
476,-1044
476,-1043
477,-1042
478,-1042
479,-1042
480,-1043
480,-1044
480,-1045
480,-1046
480,-1047
479,-1048
479,-1049
479,-1050
478,-1051
478,-1052
478,-1053
478,-1054
478,-1055
478,-1056
479,-1056
480,-1056
481,-1056
482,-1057
483,-1057
484,-1058
484,-1059
484,-1060
483,-1061
482,-1061
482,-1062
481,-1063
480,-1063
480,-1064
480,-1065
479,-1066
478,-1066
477,-1067
477,-1068
477,-1069
477,-1070
477,-1071
477,-1072
477,-1073
477,-1074
477,-1075
477,-1076
476,-1077
476,-1078
475,-1079
475,-1080
475,-1081
475,-1082
475,-1083
475,-1084
475,-1085
475,-1086
476,-1086
477,-1086
478,-1086
479,-1086
480,-1086
481,-1086
482,-1086
483,-1085
483,-1084
484,-1083
485,-1083
486,-1082
486,-1081
487,-1080
488,-1080
489,-1080
490,-1081
491,-1081
492,-1082
493,-1083
494,-1084
495,-1084
496,-1084
497,-1084
498,-1084
499,-1084
500,-1084
500,-1083
500,-1082
501,-1081
502,-1081
503,-1081
504,-1081
505,-1080
506,-1080
507,-1080
508,-1080
509,-1080
510,-1080
510,-1079
510,-1078
511,-1077
512,-1077
513,-1077
514,-1077
515,-1077
516,-1077
517,-1077
517,-1076
518,-1075
519,-1074
520,-1073
521,-1073
522,-1073
522,-1072
522,-1071
523,-1070
524,-1070
524,-1069
524,-1068
524,-1067
524,-1066
524,-1065
525,-1064
525,-1063
526,-1062
527,-1062
527,-1061
527,-1060
527,-1059
527,-1058
527,-1057
527,-1056
527,-1055
527,-1054
526,-1053
526,-1052
526,-1051
526,-1050
526,-1049
526,-1048
527,-1047
528,-1046
529,-1046
530,-1045
530,-1044
530,-1043
531,-1042
532,-1042
533,-1041
534,-1040
534,-1039
535,-1038
536,-1037
537,-1037
537,-1036
538,-1035
539,-1034
540,-1034
541,-1034
541,-1033
542,-1032
543,-1032
543,-1031
543,-1030
544,-1029
545,-1028
546,-1027
547,-1027
548,-1026
549,-1026
549,-1025
550,-1024
551,-1024
552,-1023
552,-1022
552,-1021
552,-1020
553,-1019
554,-1019
555,-1018
556,-1018
557,-1017
557,-1016
557,-1015
558,-1014
559,-1014
560,-1013
560,-1012
561,-1011
562,-1011
563,-1010
564,-1009
564,-1008
565,-1007
566,-1006
567,-1006
568,-1006
568,-1005
568,-1004
569,-1003
570,-1003
570,-1002
571,-1001
572,-1000
573,-999
573,-998
574,-997
575,-996
576,-995
577,-995
577,-994
578,-993
579,-993
580,-993
581,-992
582,-991
582,-990
582,-989
582,-988
583,-987
584,-986
585,-986
585,-985
585,-984
586,-983
587,-983
588,-982
589,-982
590,-981
590,-980
591,-979
592,-979
593,-979
594,-979
594,-978
594,-977
594,-976
595,-975
596,-974
596,-973
597,-972
598,-971
599,-971
599,-970
600,-969
601,-969
602,-968
603,-968
603,-967
603,-966
603,-965
603,-964
604,-963
605,-963
605,-962
606,-961
607,-961
608,-960
609,-959
609,-958
610,-957
611,-956
612,-956
612,-955
612,-954
613,-953
614,-952
615,-952
616,-951
616,-950
617,-949
618,-948
619,-948
620,-947
621,-947
621,-946
622,-945
623,-945
623,-944
624,-943
625,-942
625,-941
626,-940
627,-939
628,-939
629,-938
630,-937
631,-936
632,-935
633,-934
634,-933
635,-932
636,-932
637,-931
637,-930
638,-929
639,-928
640,-927
640,-926
641,-925
642,-925
643,-924
644,-924
644,-923
645,-922
646,-921
647,-921
648,-920
649,-919
649,-918
650,-917
651,-917
652,-916
653,-916
653,-915
654,-914
655,-913
656,-912
657,-911
658,-911
659,-910
660,-910
661,-909
662,-908
663,-907
664,-907
665,-907
666,-906
667,-906
668,-906
668,-905
669,-904
670,-903
671,-902
671,-901
671,-900
671,-899
672,-898
673,-898
674,-898
675,-898
676,-898
676,-897
676,-896
677,-895
678,-895
679,-895
680,-894
681,-894
681,-893
681,-892
682,-891
682,-890
683,-889
684,-889
685,-889
686,-889
686,-888
686,-887
686,-886
687,-885
688,-885
688,-884
688,-883
689,-882
690,-882
691,-882
692,-882
693,-881
694,-881
695,-880
696,-880
697,-879
697,-878
698,-877
699,-877
700,-876
701,-875
702,-874
703,-873
704,-872
705,-872
706,-872
707,-871
708,-871
709,-870
709,-869
710,-868
711,-868
712,-868
713,-867
714,-866
715,-866
715,-865
716,-864
717,-864
718,-864
719,-864
720,-864
720,-863
721,-862
722,-861
723,-861
724,-860
725,-860
726,-859
727,-859
728,-859
729,-858
730,-858
731,-857
732,-857
733,-857
734,-856
735,-856
736,-856
737,-856
738,-855
739,-855
740,-854
741,-854
742,-854
743,-853
744,-853
745,-852
745,-851
745,-850
746,-849
747,-849
748,-848
749,-848
750,-848
751,-848
752,-848
753,-848
754,-848
755,-848
756,-848
757,-848
758,-848
759,-848
760,-848
761,-847
762,-847
763,-847
764,-846
765,-846
766,-846
767,-845
768,-845
769,-844
770,-844
771,-844
771,-843
771,-842
771,-841
772,-840
773,-840
774,-839
775,-839
776,-838
777,-838
778,-838
779,-837
780,-837
781,-837
782,-837
782,-836
783,-835
784,-835
785,-834
786,-834
787,-834
788,-833
789,-833
790,-833
791,-833
791,-832
792,-831
793,-831
794,-831
795,-831
795,-830
796,-829
796,-828
797,-827
798,-827
799,-827
800,-827
801,-827
802,-826
802,-825
803,-824
804,-824
804,-823
805,-822
806,-822
807,-822
808,-822
808,-821
808,-820
809,-819
810,-819
810,-818
811,-817
812,-817
813,-816
814,-815
815,-815
816,-815
817,-815
818,-815
818,-814
818,-813
819,-812
820,-811
821,-811
822,-811
822,-810
822,-809
822,-808
822,-807
822,-806
823,-805
824,-805
825,-805
826,-805
826,-804
826,-803
826,-802
826,-801
826,-800
826,-799
826,-798
827,-797
828,-796
829,-795
830,-794
831,-794
832,-793
833,-792
834,-791
835,-790
836,-790
837,-790
837,-789
837,-788
838,-787
839,-787
840,-787
840,-786
841,-785
842,-784
843,-784
844,-784
845,-784
846,-784
847,-784
847,-783
847,-782
847,-781
848,-780
849,-780
850,-779
851,-778
852,-777
853,-777
854,-776
854,-775
855,-774
856,-774
857,-773
858,-773
859,-772
860,-771
861,-771
862,-770
863,-769
863,-768
864,-767
865,-766
866,-765
867,-765
867,-764
868,-763
869,-763
869,-762
870,-761
871,-760
872,-759
873,-758
874,-758
874,-757
874,-756
875,-755
876,-755
877,-754
878,-754
878,-753
879,-752
880,-752
880,-751
880,-750
881,-749
882,-749
883,-748
884,-747
884,-746
885,-745
886,-744
887,-743
888,-742
888,-741
888,-740
888,-739
888,-738
889,-737
890,-737
891,-737
892,-737
893,-736
893,-735
894,-734
895,-734
895,-733
895,-732
896,-731
897,-730
898,-730
899,-730
899,-729
900,-728
901,-727
902,-726
902,-725
902,-724
902,-723
902,-722
902,-721
903,-720
904,-720
905,-720
906,-719
906,-718
907,-717
907,-716
908,-715
909,-715
910,-715
911,-715
912,-715
913,-715
914,-715
915,-715
915,-714
916,-713
917,-712
918,-711
918,-710
918,-709
919,-708
920,-708
920,-707
920,-706
920,-705
920,-704
920,-703
920,-702
920,-701
920,-700
921,-699
922,-699
923,-699
924,-699
925,-699
926,-699
927,-698
928,-697
928,-696
928,-695
929,-694
930,-693
930,-692
930,-691
930,-690
930,-689
931,-688
932,-688
933,-688
933,-687
933,-686
933,-685
933,-684
933,-683
934,-682
935,-682
936,-682
937,-682
938,-681
938,-680
939,-679
939,-678
939,-677
940,-676
941,-676
942,-675
942,-674
943,-673
944,-672
945,-671
945,-670
946,-669
947,-669
947,-668
948,-667
949,-667
949,-666
949,-665
949,-664
950,-663
951,-662
952,-662
953,-662
953,-661
953,-660
953,-659
953,-658
954,-657
954,-656
954,-655
955,-654
956,-654
956,-653
957,-652
958,-652
958,-651
958,-650
958,-649
958,-648
959,-647
960,-646
961,-646
962,-646
962,-645
963,-644
964,-643
964,-642
964,-641
965,-640
966,-639
967,-638
968,-637
968,-636
968,-635
968,-634
968,-633
968,-632
968,-631
969,-630
969,-629
970,-628
970,-627
970,-626
971,-625
972,-625
972,-624
972,-623
972,-622
973,-621
974,-620
975,-619
975,-618
975,-617
976,-616
977,-615
977,-614
977,-613
977,-612
977,-611
977,-610
977,-609
976,-609
975,-608
974,-607
974,-606
974,-605
975,-604
976,-604
977,-604
978,-604
979,-604
980,-604
981,-604
981,-603
981,-602
982,-601
982,-600
982,-599
982,-598
983,-597
983,-596
983,-595
984,-594
984,-593
985,-592
986,-592
986,-591
986,-590
986,-589
986,-588
986,-587
986,-586
986,-585
986,-584
986,-583
986,-582
986,-581
986,-580
987,-579
988,-579
989,-578
990,-577
991,-576
992,-575
993,-574
994,-574
995,-574
995,-573
995,-572
995,-571
995,-570
994,-570
993,-569
992,-568
992,-567
992,-566
992,-565
993,-564
994,-564
995,-564
996,-564
997,-564
998,-564
999,-564
1000,-564
1001,-564
1002,-564
1003,-564
1004,-564
1005,-564
1006,-564
1007,-564
1007,-563
1007,-562
1007,-561
1007,-560
1006,-560
1005,-560
1004,-560
1003,-560
1002,-559
1002,-558
1001,-558
1000,-558
999,-557
998,-557
997,-557
996,-557
995,-557
994,-557
993,-556
993,-555
993,-554
994,-553
995,-553
996,-552
997,-552
998,-551
998,-550
999,-549
1000,-548
1000,-547
1001,-546
1002,-545
1002,-544
1002,-543
1003,-542
1003,-541
1003,-540
1004,-539
1004,-538
1005,-537
1005,-536
1005,-535
1005,-534
1006,-533
1006,-532
1006,-531
1006,-530
1006,-529
1006,-528
1006,-527
1006,-526
1005,-526
1004,-526
1003,-526
1002,-525
1001,-525
1000,-524
999,-524
998,-524
997,-523
996,-523
995,-522
994,-522
993,-521
992,-520
991,-520
990,-519
990,-518
990,-517
990,-516
990,-515
990,-514
991,-513
992,-513
992,-512
992,-511
993,-510
993,-509
993,-508
994,-507
995,-506
996,-505
997,-505
998,-505
999,-505
1000,-506
1001,-507
1002,-508
1003,-509
1004,-510
1004,-511
1005,-512
1006,-512
1007,-513
1008,-513
1009,-513
1010,-513
1011,-513
1011,-512
1011,-511
1011,-510
1011,-509
1011,-508
1011,-507
1011,-506
1011,-505
1011,-504
1011,-503
1011,-502
1011,-501
1012,-500
1013,-500
1013,-499
1013,-498
1013,-497
1013,-496
1014,-495
1014,-494
1014,-493
1014,-492
1014,-491
1014,-490
1015,-489
1016,-489
1016,-488
1016,-487
1017,-486
1017,-485
1017,-484
1017,-483
1017,-482
1018,-481
1019,-480
1019,-479
1020,-478
1020,-477
1020,-476
1020,-475
1021,-474
1022,-473
1022,-472
1022,-471
1022,-470
1023,-469
1024,-469
1025,-469
1026,-469
1027,-469
1027,-468
1027,-467
1028,-466
1028,-465
1028,-464
1029,-463
1030,-462
1031,-462
1032,-462
1033,-462
1034,-462
1035,-462
1035,-461
1035,-460
1035,-459
1035,-458
1035,-457
1035,-456
1035,-455
1035,-454
1035,-453
1035,-452
1035,-451
1034,-450
1033,-450
1032,-450
1031,-449
1031,-448
1031,-447
1031,-446
1032,-445
1033,-445
1034,-445
1034,-444
1034,-443
1034,-442
1034,-441
1034,-440
1034,-439
1035,-438
1035,-437
1035,-436
1035,-435
1035,-434
1034,-433
1034,-432
1034,-431
1034,-430
1035,-429
1035,-428
1035,-427
1035,-426
1036,-425
1036,-424
1036,-423
1036,-422
1036,-421
1036,-420
1036,-419
1036,-418
1036,-417
1035,-416
1035,-415
1034,-415
1033,-415
1032,-415
1031,-415
1030,-415
1029,-415
1028,-415
1027,-415
1026,-415
1025,-415
1024,-416
1023,-416
1022,-416
1021,-417
1020,-417
1019,-418
1018,-418
1017,-418
1016,-419
1015,-419
1014,-420
1013,-420
1012,-421
1011,-421
1010,-422
1009,-422
1008,-423
1007,-423
1006,-424
1005,-424
1004,-425
1003,-425
1002,-426
1001,-426
1000,-427
999,-427
998,-427
997,-427
996,-428
995,-429
994,-430
993,-430
992,-431
991,-431
990,-432
989,-432
988,-433
987,-434
986,-434
985,-435
984,-435
983,-436
982,-436
981,-437
980,-437
979,-438
978,-439
977,-439
976,-440
975,-440
974,-441
973,-441
972,-442
971,-442
970,-443
969,-443
968,-444
967,-444
966,-445
965,-446
964,-446
963,-446
962,-447
961,-448
960,-448
959,-449
958,-449
957,-449
956,-450
955,-450
954,-451
953,-452
952,-452
951,-453
950,-453
949,-454
948,-454
947,-455
946,-455
945,-456
944,-456
943,-457
942,-457
941,-458
940,-458
939,-459
938,-459
937,-460
936,-460
935,-461
934,-461
933,-462
932,-462
931,-463
930,-463
929,-463
928,-464
927,-465
926,-465
925,-465
924,-466
923,-467
922,-467
921,-467
920,-468
919,-468
918,-469
917,-469
916,-470
915,-470
914,-471
913,-471
912,-472
911,-472
910,-473
909,-473
908,-474
907,-474
906,-475
905,-476
904,-476
903,-477
902,-477
901,-478
900,-478
899,-478
898,-479
897,-479
896,-480
895,-481
894,-481
893,-482
892,-482
891,-483
890,-483
889,-484
888,-484
887,-485
886,-485
885,-486
884,-487
883,-487
882,-488
881,-488
880,-489
879,-489
878,-490
877,-490
876,-491
875,-492
874,-492
873,-492
872,-493
871,-494
870,-494
869,-495
868,-495
867,-496
866,-496
865,-497
864,-498
863,-498
862,-498
861,-499
860,-500
859,-500
858,-501
857,-502
856,-503
855,-503
854,-504
853,-505
852,-505
851,-506
850,-506
849,-507
848,-508
847,-509
846,-509
845,-510
844,-511
843,-511
842,-512
841,-513
840,-514
839,-514
838,-515
837,-515
836,-516
835,-517
834,-518
833,-518
832,-519
831,-520
830,-521
829,-521
828,-522
827,-522
826,-523
825,-524
824,-525
823,-525
822,-526
821,-527
820,-528
819,-529
818,-529
817,-530
816,-531
815,-531
814,-532
814,-533
813,-534
812,-534
811,-535
810,-536
809,-536
808,-537
807,-538
806,-539
805,-540
804,-541
803,-542
802,-542
801,-543
800,-544
799,-545
798,-545
797,-546
796,-547
796,-548
795,-549
794,-549
793,-550
792,-551
791,-552
790,-553
789,-554
788,-555
787,-556
786,-556
785,-557
784,-558
783,-559
782,-560
781,-561
780,-562
779,-563
778,-564
777,-565
776,-566
775,-566
775,-567
774,-568
773,-569
772,-570
771,-571
770,-572
769,-573
768,-574
767,-575
766,-576
765,-577
764,-578
764,-579
763,-580
762,-581
761,-582
760,-583
759,-584
758,-585
757,-586
757,-587
756,-588
755,-589
754,-590
753,-591
752,-592
752,-593
751,-594
750,-595
749,-596
748,-597
748,-598
747,-599
746,-600
745,-601
744,-602
743,-603
742,-604
742,-605
741,-606
740,-607
739,-608
738,-609
737,-610
736,-611
736,-612
735,-613
734,-614
733,-615
733,-616
732,-617
731,-618
730,-619
729,-620
728,-621
728,-622
727,-623
726,-624
725,-625
725,-626
724,-627
723,-628
722,-629
722,-630
721,-631
720,-632
719,-633
719,-634
718,-635
717,-636
716,-637
716,-638
715,-639
714,-640
714,-641
713,-642
712,-643
712,-644
711,-645
710,-646
709,-647
708,-648
707,-649
707,-650
707,-651
707,-652
706,-653
705,-654
704,-655
704,-656
703,-657
702,-658
701,-658
701,-659
700,-660
700,-661
700,-662
700,-663
700,-664
701,-664
702,-664
703,-664
704,-664
705,-663
706,-663
707,-663
708,-664
708,-665
708,-666
707,-667
706,-667
705,-668
704,-668
703,-668
702,-668
701,-668
700,-668
699,-669
698,-669
697,-669
696,-669
695,-669
694,-670
694,-671
694,-672
694,-673
694,-674
693,-675
692,-675
691,-675
690,-676
689,-677
688,-678
688,-679
687,-680
686,-681
686,-682
685,-683
684,-684
684,-685
683,-686
683,-687
682,-688
681,-689
681,-690
680,-691
680,-692
679,-693
679,-694
678,-695
677,-696
677,-697
676,-698
675,-699
674,-700
674,-701
674,-702
673,-703
673,-704
672,-705
671,-706
670,-707
670,-708
670,-709
669,-710
668,-711
668,-712
668,-713
667,-714
666,-715
666,-716
665,-717
665,-718
664,-719
664,-720
663,-721
663,-722
662,-723
662,-724
661,-725
661,-726
660,-727
660,-728
660,-729
659,-730
659,-731
658,-732
658,-733
657,-734
657,-735
657,-736
657,-737
656,-738
656,-739
656,-740
655,-741
655,-742
654,-743
654,-744
654,-745
653,-746
653,-747
653,-748
652,-749
652,-750
652,-751
652,-752
651,-753
651,-754
651,-755
651,-756
651,-757
651,-758
650,-759
650,-760
650,-761
649,-762
649,-763
649,-764
649,-765
649,-766
648,-767
648,-768
648,-769
648,-770
648,-771
648,-772
648,-773
648,-774
647,-775
647,-776
647,-777
647,-778
647,-779
647,-780
647,-781
647,-782
647,-783
647,-784
647,-785
647,-786
647,-787
647,-788
646,-789
646,-790
646,-791
646,-792
646,-793
646,-794
646,-795
645,-796
645,-797
645,-798
645,-799
645,-800
645,-801
645,-802
645,-803
645,-804
644,-805
644,-806
644,-807
644,-808
644,-809
644,-810
644,-811
644,-812
644,-813
644,-814
644,-815
644,-816
644,-817
643,-818
642,-818
642,-819
642,-820
642,-821
642,-822
642,-823
642,-824
642,-825
642,-826
641,-827
641,-828
640,-829
639,-829
639,-830
638,-831
638,-832
638,-833
637,-834
636,-835
636,-836
636,-837
635,-838
635,-839
634,-840
634,-841
634,-842
633,-843
633,-844
632,-845
631,-846
631,-847
630,-848
630,-849
629,-850
628,-851
628,-852
628,-853
627,-854
626,-855
626,-856
625,-857
624,-857
623,-858
623,-859
622,-860
621,-860
621,-861
620,-862
619,-863
618,-864
618,-865
617,-866
616,-867
615,-868
614,-869
613,-870
612,-871
612,-872
611,-873
610,-874
609,-875
608,-876
607,-877
606,-878
605,-879
604,-880
604,-881
603,-882
602,-882
601,-883
601,-884
600,-885
599,-886
598,-886
598,-887
597,-888
597,-889
597,-890
596,-891
596,-892
595,-893
594,-893
593,-894
592,-895
591,-896
590,-896
589,-897
588,-898
587,-899
587,-900
586,-901
585,-901
584,-902
583,-903
582,-904
581,-905
581,-906
580,-907
579,-908
578,-909
577,-910
576,-911
575,-912
575,-913
574,-914
573,-915
572,-916
571,-917
570,-918
569,-919
568,-920
568,-921
567,-922
566,-922
565,-923
564,-924
564,-925
563,-926
562,-927
561,-927
561,-928
560,-929
559,-930
558,-931
557,-932
556,-933
556,-934
556,-935
556,-936
556,-937
556,-938
556,-939
555,-940
554,-940
553,-940
552,-940
551,-940
550,-940
549,-941
548,-942
547,-943
546,-944
545,-945
544,-946
544,-947
543,-948
542,-949
541,-949
541,-950
540,-951
539,-952
538,-952
538,-953
537,-954
536,-955
535,-955
534,-956
534,-957
533,-958
532,-959
531,-960
530,-961
529,-962
528,-963
527,-964
526,-965
525,-966
525,-967
525,-968
524,-969
523,-970
522,-970
521,-970
520,-971
519,-972
518,-973
517,-974
517,-975
516,-976
515,-977
514,-978
513,-979
512,-980
511,-981
510,-982
509,-983
508,-984
507,-985
507,-986
506,-987
505,-988
504,-989
503,-990
502,-991
501,-992
500,-993
500,-994
499,-995
498,-996
497,-997
496,-998
495,-999
495,-1000
494,-1001
493,-1002
492,-1002
492,-1003
491,-1004
491,-1005
490,-1006
489,-1007
488,-1008
487,-1009
487,-1010
486,-1011
485,-1012
484,-1013
484,-1014
483,-1015
483,-1016
482,-1017
481,-1018
481,-1019
480,-1020
480,-1021
480,-1022
479,-1023
479,-1024
478,-1025
477,-1026
477,-1027
476,-1028
476,-1029
476,-1030
475,-1031
475,-1032
474,-1033
473,-1034
473,-1035
473,-1036
472,-1037
472,-1038
471,-1039
470,-1040
470,-1041
469,-1042
469,-1043
468,-1044
468,-1045
467,-1046
466,-1047
