441,-664
441,-665
441,-666
441,-667
441,-668
441,-669
441,-670
441,-671
441,-672
441,-673
441,-674
441,-675
441,-676
441,-677
442,-677
443,-678
444,-678
445,-678
446,-678
447,-679
447,-680
447,-681
447,-682
448,-683
449,-684
450,-685
451,-685
452,-686
453,-686
454,-687
455,-687
456,-687
457,-687
458,-688
459,-688
460,-688
461,-689
462,-689
463,-690
464,-690
465,-690
466,-690
467,-690
468,-690
469,-690
470,-691
471,-691
472,-691
473,-692
474,-692
475,-692
476,-692
477,-692
478,-692
479,-693
480,-693
481,-693
482,-693
483,-693
484,-693
485,-693
486,-694
487,-694
488,-694
489,-694
490,-694
491,-695
492,-695
493,-695
494,-695
495,-695
496,-696
497,-696
498,-696
499,-696
500,-696
501,-697
502,-697
503,-697
504,-697
505,-697
506,-697
507,-698
508,-698
509,-698
510,-698
511,-698
512,-699
513,-699
514,-699
515,-699
516,-700
517,-700
518,-700
519,-700
520,-700
521,-701
522,-701
523,-701
524,-702
525,-702
526,-702
527,-702
528,-702
529,-702
530,-702
531,-702
532,-703
533,-703
534,-703
535,-703
536,-704
537,-704
538,-704
539,-705
540,-705
541,-705
542,-705
543,-705
544,-705
545,-706
546,-706
547,-706
548,-707
549,-707
550,-708
551,-708
552,-708
553,-708
554,-708
555,-708
556,-708
557,-709
558,-710
559,-710
560,-710
561,-710
562,-710
563,-710
564,-711
565,-711
566,-711
567,-711
568,-712
569,-712
570,-712
571,-713
572,-714
573,-715
574,-715
575,-715
576,-716
577,-716
578,-716
579,-717
580,-717
581,-717
582,-717
583,-717
584,-717
585,-718
586,-718
587,-718
588,-719
589,-719
590,-719
591,-719
592,-719
593,-720
594,-720
595,-720
596,-720
597,-720
598,-721
599,-721
600,-721
601,-722
602,-722
603,-722
604,-723
605,-723
606,-724
607,-724
608,-724
609,-724
610,-724
611,-724
612,-724
613,-725
614,-725
615,-725
616,-726
617,-726
618,-726
619,-727
620,-727
621,-727
622,-727
623,-728
624,-728
625,-729
626,-729
627,-729
628,-730
629,-730
630,-731
631,-731
632,-732
633,-733
634,-734
635,-734
636,-735
637,-735
638,-735
639,-736
640,-737
641,-737
642,-738
642,-739
642,-740
643,-741
643,-742
644,-742
645,-743
646,-743
647,-744
647,-745
647,-746
648,-746
649,-747
649,-748
650,-748
651,-749
652,-749
653,-750
653,-751
654,-752
655,-752
656,-753
657,-754
658,-755
658,-756
659,-756
660,-757
660,-758
661,-759
662,-760
663,-761
664,-762
665,-763
666,-764
666,-765
667,-765
668,-766
669,-767
670,-768
670,-769
671,-769
672,-770
673,-771
673,-772
674,-772
675,-773
676,-774
677,-775
678,-775
679,-776
679,-777
680,-778
681,-779
682,-779
683,-780
684,-781
685,-782
686,-782
687,-783
688,-784
689,-784
690,-785
691,-786
692,-787
693,-788
694,-789
695,-789
696,-790
697,-791
697,-792
698,-792
699,-792
700,-792
701,-793
702,-794
702,-795
702,-796
702,-797
703,-797
704,-798
705,-799
706,-799
707,-799
708,-799
709,-800
710,-801
711,-801
712,-801
713,-801
714,-801
715,-802
716,-803
716,-804
716,-805
717,-805
718,-805
719,-805
720,-806
721,-807
722,-808
723,-808
724,-808
725,-808
726,-808
727,-808
728,-808
729,-809
730,-809
731,-810
731,-811
731,-812
732,-812
733,-812
734,-812
735,-812
736,-812
737,-812
738,-813
739,-813
740,-814
740,-815
740,-816
740,-817
741,-817
742,-817
743,-817
744,-817
745,-817
746,-817
747,-818
747,-819
747,-820
748,-821
749,-821
750,-821
751,-821
752,-821
753,-821
754,-821
755,-821
756,-821
757,-822
757,-823
757,-824
758,-825
759,-825
760,-825
761,-826
762,-826
763,-826
764,-826
765,-827
766,-828
767,-828
768,-829
769,-829
770,-829
771,-829
772,-829
773,-830
774,-830
775,-830
776,-830
777,-831
778,-831
779,-832
780,-832
781,-832
782,-832
783,-833
784,-833
785,-833
786,-833
787,-833
788,-833
789,-833
790,-834
790,-835
791,-835
792,-836
793,-836
794,-836
795,-836
796,-836
797,-837
798,-837
799,-837
800,-838
801,-838
802,-838
803,-838
804,-838
805,-838
806,-838
807,-838
808,-839
809,-839
810,-839
811,-840
812,-840
813,-840
814,-841
815,-841
816,-841
817,-841
818,-841
819,-841
820,-841
821,-841
822,-841
823,-842
824,-842
825,-842
826,-842
827,-842
828,-842
829,-843
830,-843
831,-844
832,-844
833,-844
834,-844
835,-844
836,-845
837,-845
838,-845
839,-845
840,-845
841,-846
842,-846
843,-846
844,-846
845,-846
846,-846
847,-846
848,-846
849,-846
850,-847
851,-847
852,-847
853,-847
854,-847
855,-847
856,-847
857,-847
858,-847
859,-847
860,-847
861,-847
862,-847
863,-848
864,-848
865,-848
866,-848
867,-848
868,-847
869,-847
870,-847
871,-847
872,-847
873,-847
874,-847
875,-847
876,-847
877,-847
878,-847
879,-847
880,-847
881,-847
882,-847
883,-847
884,-847
885,-846
886,-846
887,-846
888,-846
889,-846
890,-846
891,-846
892,-846
893,-846
894,-846
895,-846
896,-846
897,-846
898,-846
899,-846
900,-846
901,-845
902,-845
903,-845
904,-845
905,-845
906,-845
907,-844
908,-844
909,-844
910,-844
911,-844
912,-843
913,-843
914,-843
915,-843
916,-843
917,-842
918,-842
919,-842
920,-842
921,-842
922,-842
923,-841
924,-841
925,-841
926,-841
927,-841
928,-841
929,-841
930,-841
931,-841
932,-841
933,-841
934,-841
935,-841
936,-841
937,-841
938,-841
939,-841
940,-841
941,-840
942,-840
943,-840
944,-839
945,-839
946,-839
947,-839
948,-838
949,-838
950,-838
951,-838
952,-838
953,-838
954,-838
955,-838
956,-838
957,-838
958,-838
959,-837
960,-837
961,-837
962,-837
963,-837
964,-837
965,-837
966,-837
967,-837
968,-836
969,-836
970,-836
971,-836
972,-836
973,-836
974,-836
975,-835
976,-835
977,-834
978,-834
979,-834
980,-834
981,-834
982,-834
983,-834
984,-834
985,-834
986,-834
987,-834
988,-834
989,-834
990,-833
991,-833
992,-833
993,-833
994,-833
995,-833
996,-833
997,-833
998,-832
999,-832
1000,-832
1001,-832
1002,-832
1003,-832
1004,-832
1004,-831
1005,-830
1006,-829
1007,-829
1008,-829
1009,-829
1010,-829
1011,-829
1012,-829
1013,-829
1014,-830
1015,-830
1016,-830
1017,-830
1018,-830
1019,-830
1020,-830
1021,-830
1022,-830
1023,-829
1024,-829
1025,-829
1026,-829
1027,-828
1028,-828
1029,-827
1030,-827
1031,-827
1032,-827
1033,-827
1034,-826
1035,-826
1036,-826
1037,-826
1038,-826
1039,-825
1040,-824
1041,-824
1042,-823
1043,-823
1044,-822
1045,-822
1046,-821
1047,-821
1048,-821
1049,-820
1050,-819
1051,-819
1052,-818
1053,-818
1054,-817
1055,-817
1056,-816
1056,-815
1057,-814
1058,-813
1059,-813
1060,-813
1060,-812
1060,-811
1060,-810
1060,-809
1059,-808
1058,-808
1057,-807
1057,-806
1056,-805
1056,-804
1056,-803
1057,-802
1058,-802
1058,-801
1058,-800
1058,-799
1058,-798
1058,-797
1058,-796
1057,-795
1056,-795
1055,-794
1055,-793
1054,-793
1053,-792
1052,-791
1051,-790
1050,-789
1049,-788
1048,-787
1047,-787
1046,-786
1046,-785
1045,-784
1044,-783
1043,-783
1042,-782
1042,-781
1041,-780
1040,-779
1039,-778
1038,-777
1037,-776
1036,-775
1035,-775
1034,-774
1034,-773
1033,-772
1032,-771
1031,-770
1030,-769
1029,-769
1028,-768
1027,-767
1026,-766
1025,-765
1024,-764
1023,-764
1022,-763
1021,-762
1020,-761
1019,-760
1018,-759
1017,-758
1016,-757
1015,-757
1014,-756
1013,-755
1012,-754
1011,-754
1010,-753
1009,-752
1009,-751
1008,-750
1007,-749
1006,-749
1005,-748
1004,-747
1003,-746
1002,-745
1001,-745
1000,-744
999,-743
998,-742
997,-741
996,-740
995,-740
994,-739
993,-738
992,-738
991,-737
990,-736
989,-736
988,-736
987,-735
986,-734
985,-733
984,-732
983,-731
982,-730
981,-729
980,-728
979,-727
978,-726
977,-726
976,-725
975,-724
974,-724
973,-723
972,-722
971,-722
970,-721
969,-721
968,-720
967,-719
966,-718
965,-717
964,-716
963,-716
962,-715
961,-714
960,-713
959,-713
958,-712
957,-711
956,-711
955,-710
954,-709
953,-709
952,-708
951,-707
950,-706
949,-706
948,-705
947,-704
946,-704
945,-704
944,-703
943,-702
942,-702
941,-701
940,-700
939,-700
938,-700
937,-699
936,-698
935,-697
934,-697
933,-696
932,-696
931,-695
930,-695
929,-695
928,-694
927,-694
926,-693
925,-692
924,-692
923,-691
922,-691
921,-690
920,-689
919,-689
918,-689
917,-688
916,-688
915,-687
914,-687
913,-687
912,-686
911,-685
910,-685
909,-685
908,-684
907,-684
906,-683
905,-683
904,-682
903,-682
902,-681
901,-681
900,-680
899,-680
898,-680
897,-680
896,-679
895,-679
894,-678
893,-678
892,-677
891,-677
890,-676
889,-676
888,-676
887,-676
886,-676
885,-675
884,-675
883,-674
882,-674
881,-674
880,-673
879,-673
878,-673
877,-672
876,-672
875,-672
874,-671
873,-671
872,-670
871,-670
870,-670
869,-669
868,-669
867,-669
866,-668
865,-668
864,-668
863,-668
862,-667
861,-667
860,-667
859,-666
858,-666
857,-666
856,-666
855,-665
854,-665
853,-665
852,-664
851,-664
850,-664
849,-663
848,-663
847,-663
846,-663
845,-662
844,-662
843,-662
842,-662
841,-661
840,-661
839,-661
838,-661
837,-661
836,-660
835,-660
834,-660
833,-660
832,-660
831,-660
830,-659
829,-659
828,-659
827,-659
826,-659
825,-658
824,-658
823,-658
822,-658
821,-658
820,-658
819,-658
818,-658
817,-658
816,-658
815,-657
814,-657
813,-657
812,-657
811,-657
810,-657
809,-657
808,-657
807,-657
806,-657
805,-656
804,-656
803,-656
802,-655
801,-655
800,-655
799,-655
798,-655
797,-655
796,-654
795,-654
794,-654
793,-654
792,-654
791,-654
790,-654
789,-654
788,-654
787,-654
786,-654
785,-654
784,-654
783,-654
782,-654
781,-654
780,-654
779,-654
778,-654
777,-654
776,-654
775,-654
774,-654
773,-654
772,-654
771,-654
770,-654
769,-654
768,-654
767,-653
766,-653
765,-653
764,-653
763,-653
762,-653
761,-653
760,-653
759,-653
758,-653
757,-653
756,-653
755,-653
754,-654
753,-654
752,-654
751,-654
750,-654
749,-654
748,-654
747,-655
746,-655
745,-655
744,-655
743,-655
742,-655
741,-655
740,-655
739,-655
738,-655
737,-655
736,-656
735,-656
734,-656
733,-656
732,-656
731,-656
730,-657
729,-657
728,-657
727,-657
726,-657
725,-657
724,-657
723,-657
722,-658
721,-658
720,-658
719,-658
718,-658
717,-658
716,-659
715,-659
714,-659
713,-659
712,-659
711,-660
710,-660
709,-660
708,-660
707,-661
706,-661
705,-661
704,-661
703,-661
702,-661
701,-662
700,-663
699,-663
698,-663
697,-664
696,-664
695,-664
694,-664
693,-665
692,-665
691,-665
690,-665
689,-666
688,-666
687,-667
686,-667
685,-668
684,-668
683,-669
682,-669
681,-669
680,-669
679,-670
678,-670
677,-670
676,-671
675,-671
674,-672
673,-672
672,-673
671,-673
670,-673
669,-674
668,-674
667,-674
666,-675
665,-675
664,-675
663,-676
662,-676
661,-677
660,-677
659,-677
658,-678
657,-678
656,-678
655,-678
654,-679
653,-679
652,-680
651,-680
650,-680
649,-681
648,-681
647,-682
646,-682
645,-682
644,-682
643,-682
642,-682
641,-682
640,-682
639,-682
638,-681
637,-681
636,-681
635,-680
634,-680
633,-680
632,-680
631,-680
630,-680
629,-680
628,-680
627,-680
626,-680
625,-680
624,-680
623,-680
622,-680
621,-679
620,-679
619,-679
618,-679
617,-679
616,-679
615,-679
614,-679
613,-678
612,-678
611,-678
610,-678
609,-678
608,-678
607,-678
606,-678
605,-678
604,-677
603,-677
602,-677
601,-677
600,-677
599,-677
598,-676
597,-676
596,-676
595,-676
594,-676
593,-676
592,-675
591,-675
590,-675
589,-675
588,-674
587,-674
586,-674
585,-674
584,-674
583,-674
582,-673
581,-673
580,-673
579,-673
578,-673
577,-673
576,-673
575,-672
574,-672
573,-672
572,-672
571,-672
570,-672
569,-672
568,-672
567,-672
566,-672
565,-671
564,-671
563,-671
562,-671
561,-670
560,-670
559,-670
558,-670
557,-670
556,-670
555,-669
554,-669
553,-669
552,-669
551,-669
550,-669
549,-669
548,-669
547,-668
546,-668
545,-668
544,-668
543,-668
542,-667
541,-667
540,-667
539,-667
538,-667
537,-667
536,-667
535,-667
534,-667
533,-666
532,-666
531,-666
530,-666
529,-666
528,-666
527,-666
526,-665
525,-665
524,-665
523,-665
522,-665
521,-665
520,-664
519,-664
518,-664
517,-664
516,-664
515,-664
514,-663
513,-663
512,-663
511,-663
510,-663
509,-663
508,-662
507,-662
506,-662
505,-662
504,-662
503,-662
502,-662
501,-662
500,-662
499,-661
498,-661
497,-661
496,-661
495,-661
494,-661
493,-660
492,-660
491,-660
490,-660
489,-659
488,-659
487,-659
486,-659
485,-659
484,-659
483,-659
482,-659
481,-659
480,-659
479,-659
478,-659
477,-659
476,-659
475,-660
474,-660
473,-660
472,-661
471,-661
470,-661
469,-661
468,-660
467,-660
466,-660
465,-660
464,-659
463,-659
462,-659
461,-659
460,-659
459,-659
458,-659
457,-660
456,-660
455,-660
454,-660
453,-660
452,-660
452,-661
451,-662
450,-662
449,-662
448,-661
447,-661
446,-661
445,-661
444,-661
443,-661
442,-661
442,-662
442,-663
441,-664
