410,-798
410,-799
410,-800
410,-801
410,-802
410,-803
411,-803
412,-803
413,-803
414,-803
415,-803
416,-804
416,-805
416,-806
417,-807
418,-807
419,-808
420,-809
421,-809
422,-809
423,-809
424,-809
425,-810
426,-810
427,-810
428,-810
429,-810
430,-810
431,-810
432,-811
432,-812
432,-813
433,-813
434,-813
435,-813
436,-813
437,-813
438,-813
439,-814
440,-815
441,-815
442,-815
443,-815
444,-815
445,-815
446,-815
447,-816
448,-817
449,-817
450,-817
451,-818
451,-819
452,-819
453,-819
454,-819
455,-819
456,-818
457,-818
458,-818
459,-818
460,-818
461,-818
462,-818
463,-818
464,-818
465,-819
466,-820
466,-821
466,-822
467,-822
468,-822
469,-822
470,-823
471,-823
472,-823
473,-823
474,-823
475,-823
476,-824
477,-824
478,-824
479,-825
480,-825
481,-825
482,-826
482,-827
483,-827
484,-827
485,-827
486,-827
487,-827
488,-827
489,-828
489,-829
489,-830
490,-830
491,-831
492,-831
493,-831
494,-831
495,-831
496,-831
497,-831
498,-830
499,-830
500,-830
501,-830
502,-831
502,-832
502,-833
502,-834
502,-835
503,-835
504,-835
505,-835
506,-836
507,-836
508,-837
509,-837
510,-837
511,-837
512,-837
513,-837
514,-838
515,-838
516,-838
517,-839
518,-839
519,-839
520,-839
521,-839
522,-839
523,-839
524,-839
525,-840
526,-841
526,-842
527,-842
528,-842
529,-843
530,-843
531,-843
532,-843
533,-843
534,-843
535,-844
536,-844
537,-844
538,-844
539,-844
540,-844
541,-844
542,-845
542,-846
543,-846
544,-846
545,-846
546,-846
547,-846
548,-846
549,-846
550,-846
551,-846
552,-846
553,-846
554,-846
555,-846
556,-847
557,-847
558,-847
559,-848
559,-849
559,-850
560,-851
561,-851
562,-851
563,-851
564,-852
565,-852
566,-853
567,-853
568,-854
569,-854
570,-855
571,-855
572,-855
573,-855
574,-855
575,-855
576,-855
577,-855
578,-856
579,-856
580,-856
581,-856
582,-856
583,-856
584,-856
585,-856
586,-856
587,-856
588,-856
589,-856
590,-857
591,-857
592,-857
593,-857
594,-857
595,-857
596,-857
597,-858
598,-858
599,-858
600,-858
601,-858
602,-858
603,-858
604,-859
605,-859
606,-859
607,-859
608,-859
609,-859
610,-859
611,-859
612,-859
613,-859
614,-860
615,-860
616,-860
617,-860
618,-860
619,-860
620,-860
621,-860
622,-860
623,-860
624,-860
625,-860
626,-861
627,-861
628,-861
629,-861
630,-861
631,-861
632,-861
633,-861
634,-861
635,-861
636,-861
637,-861
638,-861
639,-862
640,-862
641,-862
642,-862
643,-862
644,-862
645,-862
646,-862
647,-862
648,-862
649,-862
650,-862
651,-863
652,-863
653,-863
654,-863
655,-863
656,-863
657,-863
658,-863
659,-863
660,-863
661,-863
662,-863
663,-863
664,-863
665,-863
666,-863
667,-863
668,-863
669,-863
670,-863
671,-863
672,-862
673,-862
674,-862
675,-862
676,-863
677,-863
678,-863
679,-863
680,-863
681,-863
682,-863
683,-863
684,-863
685,-863
686,-863
687,-863
688,-863
689,-863
690,-863
691,-863
692,-862
693,-862
694,-862
695,-862
696,-862
697,-862
698,-862
699,-862
700,-862
701,-862
702,-862
703,-862
704,-862
705,-861
706,-861
707,-861
708,-861
709,-860
710,-860
711,-860
712,-860
713,-860
714,-860
715,-860
716,-860
717,-859
718,-859
719,-859
720,-859
721,-859
722,-859
723,-859
724,-859
725,-859
726,-858
727,-858
728,-858
729,-858
730,-858
730,-857
731,-856
732,-856
733,-856
734,-856
735,-855
736,-855
737,-855
738,-855
739,-855
740,-855
741,-855
742,-855
743,-854
744,-854
745,-854
746,-853
747,-853
748,-853
749,-852
750,-852
751,-852
752,-852
753,-852
754,-852
755,-852
755,-851
755,-850
755,-849
755,-848
755,-847
756,-846
757,-846
758,-846
759,-846
760,-846
761,-846
762,-846
763,-847
764,-847
765,-847
766,-847
767,-847
768,-847
769,-846
770,-846
771,-846
772,-845
773,-845
774,-845
775,-844
776,-844
777,-844
777,-843
778,-842
779,-842
780,-842
781,-842
782,-842
782,-841
783,-840
784,-840
785,-840
786,-840
787,-839
788,-839
789,-839
790,-839
791,-839
792,-839
793,-838
794,-838
795,-838
796,-837
797,-837
798,-836
798,-835
799,-834
800,-834
801,-834
802,-834
803,-834
804,-833
804,-832
804,-831
805,-830
806,-830
807,-830
808,-830
809,-830
810,-830
811,-829
811,-828
812,-827
813,-826
814,-826
815,-825
816,-824
817,-824
818,-824
819,-823
820,-823
821,-823
822,-823
823,-823
823,-822
824,-821
825,-821
826,-820
827,-819
828,-819
829,-818
830,-817
830,-816
830,-815
831,-814
832,-814
833,-813
834,-813
835,-812
836,-811
837,-811
838,-811
839,-811
840,-811
841,-810
841,-809
841,-808
842,-807
843,-807
843,-806
844,-805
845,-805
846,-805
847,-805
848,-805
849,-805
849,-804
849,-803
850,-802
851,-801
852,-801
853,-801
854,-800
855,-799
856,-798
857,-797
858,-796
859,-795
860,-795
861,-794
862,-794
862,-793
863,-792
864,-791
865,-790
866,-789
867,-788
868,-787
869,-786
870,-785
871,-784
872,-783
873,-783
874,-782
874,-781
875,-780
876,-780
876,-779
877,-778
878,-777
879,-776
879,-775
880,-774
881,-774
882,-774
882,-773
883,-772
883,-771
884,-770
885,-769
886,-768
887,-767
888,-766
889,-765
889,-764
890,-763
891,-762
892,-761
893,-760
894,-759
894,-758
895,-757
896,-756
897,-755
897,-754
898,-753
899,-753
900,-753
901,-752
902,-752
902,-751
903,-750
903,-749
903,-748
904,-747
905,-747
906,-746
906,-745
907,-744
908,-744
909,-744
910,-743
910,-742
911,-741
912,-741
913,-741
914,-740
915,-740
916,-740
917,-740
918,-740
919,-739
920,-739
921,-739
922,-739
923,-739
924,-739
925,-738
926,-738
927,-738
928,-737
929,-736
929,-735
930,-734
930,-733
931,-732
932,-732
933,-731
934,-730
935,-729
936,-729
937,-729
938,-729
939,-728
940,-728
941,-728
942,-727
943,-727
944,-726
945,-725
946,-724
947,-724
948,-724
949,-723
950,-723
951,-723
952,-722
953,-722
954,-721
955,-721
956,-720
957,-720
958,-720
959,-720
960,-720
961,-720
962,-719
963,-719
964,-719
965,-719
966,-720
967,-720
968,-720
969,-720
970,-720
971,-720
972,-720
973,-720
974,-720
975,-720
976,-720
977,-720
978,-721
979,-721
980,-721
981,-721
982,-721
983,-721
984,-721
985,-721
986,-721
987,-721
988,-721
989,-721
990,-721
991,-721
992,-721
993,-721
994,-721
995,-721
996,-721
997,-721
998,-721
999,-721
1000,-721
1001,-722
1002,-722
1003,-722
1004,-722
1005,-722
1006,-722
1007,-722
1008,-722
1009,-722
1010,-722
1011,-722
1012,-722
1013,-722
1014,-722
1015,-722
1016,-722
1017,-722
1018,-722
1019,-722
1020,-722
1021,-722
1022,-722
1023,-722
1024,-722
1025,-722
1026,-722
1027,-722
1028,-722
1029,-722
1030,-722
1031,-722
1032,-722
1033,-722
1034,-722
1035,-722
1036,-722
1037,-722
1038,-722
1039,-722
1040,-722
1041,-722
1042,-722
1043,-722
1044,-722
1045,-721
1046,-721
1047,-721
1048,-721
1049,-721
1050,-721
1051,-721
1052,-721
1053,-720
1054,-720
1055,-720
1056,-720
1057,-720
1058,-720
1059,-720
1060,-719
1061,-719
1062,-719
1063,-719
1064,-719
1065,-719
1066,-719
1067,-719
1068,-719
1069,-718
1070,-718
1071,-718
1072,-718
1073,-718
1074,-718
1075,-718
1075,-717
1076,-716
1077,-716
1078,-716
1079,-716
1080,-716
1080,-715
1081,-714
1082,-714
1083,-714
1083,-713
1084,-712
1084,-711
1084,-710
1084,-709
1084,-708
1085,-707
1086,-707
1086,-706
1086,-705
1086,-704
1086,-703
1086,-702
1086,-701
1085,-700
1085,-699
1085,-698
1085,-697
1085,-696
1086,-695
1087,-695
1088,-695
1089,-694
1090,-693
1090,-692
1091,-691
1091,-690
1091,-689
1091,-688
1091,-687
1090,-686
1090,-685
1089,-684
1089,-683
1089,-682
1089,-681
1088,-680
1087,-679
1086,-678
1086,-677
1086,-676
1086,-675
1086,-674
1085,-673
1085,-672
1085,-671
1085,-670
1084,-669
1084,-668
1084,-667
1084,-666
1084,-665
1083,-664
1083,-663
1083,-662
1083,-661
1083,-660
1083,-659
1083,-658
1082,-657
1082,-656
1082,-655
1081,-655
1080,-655
1079,-655
1078,-655
1078,-656
1077,-657
1076,-657
1075,-657
1074,-657
1073,-657
1072,-658
1071,-658
1070,-658
1069,-658
1068,-658
1067,-659
1066,-659
1065,-659
1064,-659
1063,-659
1062,-658
1062,-657
1061,-657
1060,-657
1059,-657
1058,-657
1057,-657
1056,-658
1055,-658
1054,-658
1053,-658
1052,-659
1051,-659
1050,-659
1049,-659
1048,-660
1047,-660
1046,-660
1045,-660
1044,-660
1043,-660
1042,-660
1041,-660
1040,-661
1039,-661
1038,-661
1037,-661
1036,-661
1035,-661
1034,-662
1033,-662
1032,-662
1031,-662
1030,-663
1029,-663
1028,-663
1027,-663
1026,-663
1025,-663
1024,-663
1023,-663
1022,-663
1021,-663
1020,-663
1019,-664
1018,-664
1017,-665
1016,-665
1015,-665
1014,-665
1013,-665
1012,-665
1011,-665
1010,-666
1009,-666
1008,-666
1007,-666
1006,-666
1005,-666
1004,-666
1003,-666
1002,-667
1001,-667
1000,-667
999,-668
998,-668
997,-668
996,-669
995,-669
994,-669
993,-669
992,-669
991,-669
990,-669
989,-669
988,-669
987,-669
986,-669
985,-669
984,-669
983,-669
982,-670
981,-670
980,-670
979,-670
978,-671
977,-671
976,-671
975,-671
974,-671
973,-671
972,-672
971,-672
970,-672
969,-672
968,-672
967,-672
966,-673
965,-673
964,-673
963,-673
962,-673
961,-673
960,-673
959,-674
958,-674
957,-674
956,-674
955,-674
954,-674
953,-674
952,-675
951,-675
950,-675
949,-675
948,-676
947,-676
946,-676
945,-676
944,-676
943,-676
942,-676
941,-677
940,-677
939,-677
938,-677
937,-677
936,-677
935,-677
934,-678
933,-678
932,-678
931,-678
930,-678
929,-678
928,-679
927,-679
926,-679
925,-679
924,-679
923,-679
922,-679
921,-679
920,-679
919,-679
918,-679
917,-679
916,-679
915,-680
914,-680
913,-680
912,-680
911,-680
910,-680
909,-680
908,-680
907,-680
906,-680
905,-680
904,-680
903,-680
902,-680
901,-680
900,-681
899,-681
898,-681
897,-681
896,-680
895,-680
894,-680
893,-680
892,-680
891,-679
890,-679
889,-679
888,-679
887,-679
886,-679
885,-678
884,-678
883,-678
882,-678
881,-677
880,-676
879,-676
878,-675
877,-675
876,-674
875,-674
874,-674
873,-673
872,-672
871,-671
870,-671
869,-671
868,-670
867,-670
866,-669
866,-668
865,-668
864,-667
863,-667
862,-667
861,-667
860,-666
859,-665
858,-664
857,-663
856,-663
855,-663
854,-662
853,-662
852,-661
851,-660
850,-659
849,-659
848,-659
847,-658
846,-658
845,-657
844,-656
843,-656
842,-655
841,-655
840,-655
839,-654
838,-654
837,-654
836,-653
835,-653
834,-652
833,-652
832,-652
831,-651
830,-651
829,-651
828,-650
827,-650
826,-650
825,-650
824,-649
823,-649
822,-648
821,-648
820,-648
819,-648
818,-647
817,-647
816,-647
815,-647
814,-647
813,-647
812,-646
811,-646
810,-646
809,-645
808,-645
807,-645
806,-645
805,-645
804,-644
803,-644
802,-644
801,-644
800,-644
799,-643
798,-643
797,-643
796,-643
795,-643
794,-642
793,-642
792,-642
791,-642
790,-642
789,-642
788,-641
787,-641
786,-641
785,-641
784,-641
783,-641
782,-641
781,-640
780,-640
779,-640
778,-640
777,-640
776,-640
775,-639
774,-639
773,-639
772,-639
771,-639
770,-639
769,-639
768,-639
767,-639
766,-639
765,-639
764,-638
763,-638
762,-638
761,-638
760,-638
759,-639
758,-639
757,-639
756,-639
755,-639
754,-638
753,-638
752,-638
751,-638
750,-638
749,-638
748,-638
747,-638
746,-638
745,-638
744,-638
743,-638
742,-638
741,-638
740,-638
739,-638
738,-638
737,-638
736,-638
735,-638
734,-638
733,-638
732,-638
731,-638
730,-638
729,-638
728,-638
727,-638
726,-638
725,-638
724,-638
723,-638
722,-638
721,-639
720,-639
719,-639
718,-639
717,-639
716,-639
715,-639
714,-639
713,-639
712,-639
711,-639
710,-639
709,-639
708,-639
707,-639
706,-639
705,-639
704,-639
703,-640
702,-640
701,-640
700,-640
699,-640
698,-640
697,-640
696,-640
695,-640
694,-641
693,-641
692,-641
691,-641
690,-642
689,-642
688,-642
687,-642
686,-642
685,-642
684,-642
683,-642
682,-642
681,-642
680,-642
679,-642
678,-642
677,-642
676,-643
675,-643
674,-643
673,-643
672,-643
671,-643
670,-644
669,-644
668,-644
667,-644
666,-645
665,-645
664,-645
663,-645
662,-645
661,-646
660,-646
659,-646
658,-647
657,-647
656,-647
655,-647
654,-648
653,-648
652,-648
651,-648
650,-648
649,-649
648,-649
647,-649
646,-650
645,-650
644,-650
643,-650
642,-651
641,-651
640,-651
639,-651
638,-651
637,-652
636,-652
635,-652
634,-652
633,-653
632,-653
631,-653
630,-654
629,-654
628,-654
627,-654
626,-655
625,-655
624,-655
623,-656
622,-656
621,-656
620,-657
619,-657
618,-658
617,-658
616,-658
615,-658
614,-659
613,-659
612,-660
611,-660
610,-660
609,-661
608,-661
607,-661
606,-662
605,-663
604,-663
603,-663
602,-663
601,-664
600,-664
599,-664
598,-665
597,-665
596,-665
595,-666
594,-666
593,-666
592,-667
591,-667
590,-667
589,-668
588,-668
587,-669
586,-669
585,-670
584,-670
583,-670
582,-671
581,-671
580,-671
579,-672
578,-672
577,-673
576,-674
575,-674
574,-675
573,-676
572,-676
571,-676
570,-676
569,-677
568,-677
567,-678
566,-678
565,-679
564,-679
563,-680
562,-680
561,-681
560,-682
559,-682
558,-683
557,-683
556,-683
555,-684
554,-684
553,-685
552,-686
551,-686
550,-686
549,-687
548,-688
547,-688
546,-689
545,-689
544,-690
543,-690
542,-691
541,-691
540,-692
539,-693
538,-693
537,-694
536,-695
535,-695
534,-696
533,-696
532,-697
531,-698
530,-698
529,-699
528,-700
527,-700
526,-701
525,-701
524,-702
523,-703
522,-703
521,-704
520,-704
519,-705
518,-706
517,-706
516,-707
515,-707
514,-708
513,-709
512,-710
511,-710
510,-711
509,-711
508,-712
507,-713
506,-713
505,-714
504,-715
503,-715
502,-716
501,-717
500,-718
499,-719
498,-719
497,-720
496,-720
495,-721
494,-722
493,-722
492,-723
491,-723
490,-724
489,-725
488,-726
487,-726
486,-727
485,-727
484,-728
483,-729
482,-729
481,-730
480,-730
479,-731
478,-732
477,-732
476,-733
475,-734
474,-734
473,-735
472,-736
471,-736
470,-737
469,-737
469,-738
468,-739
467,-739
466,-740
465,-740
464,-741
463,-742
462,-743
461,-743
460,-744
459,-745
458,-745
457,-746
456,-747
455,-747
454,-748
453,-749
452,-750
451,-751
450,-751
449,-752
448,-753
447,-753
446,-754
445,-755
444,-756
443,-757
442,-758
441,-758
440,-759
439,-760
438,-761
437,-762
436,-763
435,-764
434,-765
433,-765
432,-766
431,-767
430,-768
429,-769
428,-769
428,-770
427,-771
426,-771
425,-772
424,-773
423,-774
422,-775
421,-776
420,-777
419,-777
418,-778
417,-779
417,-780
416,-781
415,-781
414,-782
414,-783
413,-784
413,-785
413,-786
413,-787
413,-788
413,-789
414,-790
415,-791
415,-792
415,-793
415,-794
415,-795
414,-796
413,-796
412,-796
412,-797
411,-798
410,-798
