454,-748
454,-749
454,-750
454,-751
454,-752
454,-753
455,-754
455,-755
456,-756
457,-756
458,-756
459,-756
460,-756
461,-756
462,-756
463,-757
463,-758
464,-758
465,-759
466,-760
467,-761
467,-762
468,-762
469,-762
470,-762
471,-762
472,-763
473,-764
473,-765
474,-765
475,-765
476,-765
477,-766
478,-767
478,-768
479,-769
480,-769
481,-769
482,-769
483,-769
484,-769
485,-768
486,-768
487,-768
488,-769
489,-770
490,-770
491,-771
492,-771
493,-771
494,-772
495,-772
496,-772
497,-772
498,-773
499,-773
500,-774
501,-774
502,-774
503,-774
504,-775
505,-775
506,-776
507,-777
508,-777
509,-777
510,-778
510,-779
511,-779
512,-779
513,-780
514,-781
515,-782
515,-783
516,-783
517,-783
518,-784
519,-785
520,-786
521,-786
522,-786
523,-787
524,-787
525,-788
526,-789
527,-789
528,-789
529,-790
530,-791
531,-792
532,-792
533,-792
534,-793
535,-793
536,-794
537,-794
538,-795
539,-796
540,-797
541,-797
542,-797
543,-798
544,-799
545,-799
546,-800
547,-800
548,-801
549,-801
550,-801
551,-801
552,-801
553,-802
553,-803
554,-803
555,-803
556,-804
557,-805
558,-805
559,-805
560,-806
561,-806
562,-807
562,-808
563,-808
564,-808
565,-809
565,-810
566,-810
567,-810
568,-811
569,-811
570,-811
571,-812
571,-813
572,-813
573,-813
574,-814
575,-814
576,-815
577,-815
578,-815
579,-816
580,-817
581,-817
582,-818
583,-818
584,-818
585,-818
586,-818
587,-819
588,-820
589,-821
590,-821
591,-821
592,-821
593,-822
593,-823
594,-823
595,-823
596,-823
597,-823
598,-823
599,-824
600,-824
601,-824
602,-825
603,-826
604,-826
605,-827
606,-827
607,-827
608,-827
609,-827
610,-827
611,-828
611,-829
612,-829
613,-829
614,-829
615,-829
616,-829
617,-829
618,-829
619,-829
620,-829
621,-830
621,-831
622,-831
623,-831
624,-831
625,-831
626,-831
627,-831
628,-831
629,-831
630,-831
631,-832
632,-833
633,-833
634,-834
634,-835
635,-835
636,-835
637,-835
638,-835
639,-835
640,-836
641,-836
642,-836
643,-836
644,-836
645,-836
646,-836
647,-836
648,-836
649,-836
650,-836
651,-836
652,-836
653,-836
654,-836
655,-837
656,-837
657,-837
658,-837
659,-837
660,-837
661,-837
662,-837
663,-837
664,-838
665,-838
666,-838
667,-838
668,-838
669,-837
670,-837
671,-837
672,-837
673,-837
674,-837
675,-837
676,-837
677,-837
678,-837
679,-837
680,-837
681,-837
682,-837
683,-837
684,-837
685,-837
686,-837
687,-837
688,-837
689,-837
690,-837
691,-837
692,-836
693,-836
694,-836
695,-836
696,-836
697,-835
698,-835
699,-835
700,-835
701,-835
702,-834
703,-834
704,-834
705,-834
706,-834
707,-833
708,-833
709,-832
710,-832
711,-832
712,-832
713,-832
714,-832
715,-832
716,-832
717,-831
718,-831
719,-831
720,-831
721,-831
722,-831
723,-831
724,-831
725,-831
726,-830
727,-830
728,-830
729,-830
730,-829
731,-829
732,-829
733,-829
734,-829
735,-829
736,-828
737,-828
738,-828
739,-828
740,-828
741,-828
742,-828
743,-828
744,-827
745,-827
746,-827
747,-827
748,-827
749,-826
750,-826
751,-826
752,-826
753,-825
754,-825
755,-825
756,-825
757,-824
758,-824
759,-823
760,-823
761,-823
762,-822
763,-822
764,-822
765,-821
766,-821
767,-820
768,-820
769,-820
770,-820
771,-820
772,-820
773,-819
774,-819
775,-818
776,-818
777,-817
778,-817
779,-816
780,-815
781,-815
782,-815
783,-814
784,-814
785,-813
786,-813
787,-812
788,-811
789,-811
790,-811
791,-811
792,-810
793,-809
794,-809
794,-808
795,-807
796,-807
797,-807
798,-807
799,-806
800,-805
801,-805
802,-804
803,-803
804,-803
805,-802
806,-802
807,-801
808,-801
809,-800
810,-800
811,-799
812,-799
813,-798
814,-798
815,-798
816,-797
817,-797
818,-797
819,-797
820,-797
821,-797
822,-798
823,-799
824,-799
825,-799
826,-799
827,-799
828,-799
829,-799
830,-800
831,-800
832,-800
833,-800
834,-800
835,-800
836,-800
837,-800
838,-800
839,-801
840,-801
841,-801
842,-801
843,-801
844,-802
845,-802
846,-802
847,-802
848,-802
849,-802
850,-802
851,-802
852,-802
853,-803
854,-803
855,-803
856,-803
857,-803
858,-803
859,-803
860,-803
861,-804
862,-804
863,-804
864,-804
865,-804
866,-804
867,-804
868,-804
869,-805
870,-805
871,-805
872,-805
873,-805
874,-805
875,-806
876,-806
877,-806
878,-806
879,-806
880,-806
881,-806
882,-806
883,-806
884,-806
885,-806
886,-806
887,-806
888,-806
889,-806
890,-806
891,-807
892,-807
893,-807
894,-808
895,-808
896,-808
897,-808
898,-808
899,-808
900,-808
901,-809
902,-809
903,-809
904,-809
905,-809
906,-809
907,-810
908,-810
909,-810
910,-810
911,-810
912,-810
913,-810
914,-809
915,-809
916,-809
917,-810
917,-811
918,-811
919,-811
920,-811
921,-811
922,-811
923,-811
924,-811
925,-811
926,-811
927,-811
928,-811
929,-811
930,-812
931,-812
932,-812
933,-813
934,-813
935,-813
936,-813
937,-813
938,-813
939,-813
940,-813
941,-813
942,-813
943,-813
944,-813
945,-813
946,-813
947,-813
948,-813
949,-813
950,-814
951,-814
952,-814
953,-814
954,-814
955,-814
956,-814
957,-814
958,-814
959,-814
960,-815
961,-815
962,-815
963,-815
964,-815
965,-815
966,-815
967,-815
968,-816
969,-816
970,-816
971,-816
972,-816
973,-816
974,-816
975,-816
976,-817
976,-818
977,-818
978,-818
979,-818
980,-818
981,-817
982,-817
983,-817
984,-817
985,-817
986,-818
987,-818
988,-818
989,-818
990,-818
991,-818
992,-818
993,-818
994,-818
995,-818
996,-818
997,-818
998,-818
999,-817
1000,-817
1001,-817
1002,-818
1003,-818
1004,-818
1005,-818
1006,-818
1007,-818
1008,-818
1009,-818
1010,-818
1011,-818
1012,-818
1013,-817
1014,-817
1015,-817
1016,-817
1017,-817
1018,-817
1019,-817
1020,-817
1021,-817
1022,-817
1023,-817
1024,-817
1025,-817
1026,-817
1027,-817
1028,-817
1029,-817
1030,-817
1031,-816
1032,-816
1033,-816
1034,-816
1035,-816
1036,-816
1037,-816
1038,-816
1039,-816
1040,-816
1041,-816
1042,-815
1043,-814
1044,-814
1045,-813
1046,-813
1047,-812
1047,-811
1047,-810
1047,-809
1047,-808
1047,-807
1047,-806
1047,-805
1047,-804
1048,-803
1048,-802
1048,-801
1048,-800
1048,-799
1048,-798
1048,-797
1048,-796
1048,-795
1047,-794
1046,-793
1046,-792
1046,-791
1045,-791
1044,-791
1043,-791
1042,-791
1041,-791
1040,-791
1039,-791
1038,-791
1037,-791
1036,-791
1035,-791
1034,-791
1033,-791
1032,-791
1031,-791
1030,-791
1029,-791
1028,-791
1027,-791
1026,-791
1025,-791
1024,-791
1023,-791
1022,-791
1021,-791
1020,-790
1020,-789
1020,-788
1019,-788
1018,-788
1017,-788
1016,-788
1015,-788
1014,-788
1013,-787
1013,-786
1013,-785
1014,-784
1014,-783
1015,-782
1016,-781
1017,-781
1017,-780
1017,-779
1018,-778
1019,-778
1020,-778
1020,-777
1020,-776
1020,-775
1020,-774
1019,-774
1018,-774
1017,-774
1016,-774
1015,-774
1014,-774
1013,-773
1013,-772
1012,-771
1012,-770
1012,-769
1012,-768
1011,-768
1010,-768
1009,-768
1008,-767
1007,-767
1006,-767
1005,-766
1004,-766
1003,-766
1002,-766
1001,-766
1000,-766
999,-766
998,-766
997,-766
996,-766
995,-766
994,-766
993,-766
992,-766
991,-766
990,-766
989,-765
988,-765
987,-765
986,-765
985,-765
984,-765
983,-765
982,-765
981,-765
980,-765
979,-765
978,-765
977,-764
977,-763
976,-763
975,-762
974,-762
973,-762
972,-762
971,-762
970,-763
969,-763
968,-764
967,-764
966,-764
965,-763
965,-762
964,-761
963,-761
962,-760
961,-760
960,-760
959,-760
958,-760
957,-760
956,-761
955,-761
954,-761
953,-761
952,-761
951,-761
950,-761
949,-761
948,-760
947,-760
946,-760
945,-760
944,-760
943,-760
942,-760
941,-760
940,-760
939,-760
938,-759
937,-759
936,-759
935,-759
934,-759
933,-759
932,-759
931,-759
930,-759
929,-759
928,-759
927,-760
926,-760
925,-760
924,-759
923,-759
922,-758
921,-758
920,-758
919,-758
918,-758
917,-758
916,-758
915,-759
914,-759
913,-759
912,-758
911,-758
910,-758
909,-758
908,-757
907,-756
906,-756
905,-756
904,-756
903,-756
902,-756
901,-756
900,-756
899,-756
898,-756
897,-756
896,-756
895,-755
894,-755
893,-755
892,-755
891,-754
890,-754
889,-754
888,-754
887,-754
886,-754
885,-754
884,-753
883,-753
882,-753
881,-753
880,-753
879,-753
878,-753
877,-753
876,-752
875,-752
874,-752
873,-752
872,-752
871,-752
870,-751
869,-751
868,-751
867,-751
866,-751
865,-750
864,-750
863,-750
862,-750
861,-750
860,-750
859,-750
858,-749
857,-749
856,-749
855,-749
854,-748
853,-748
852,-748
851,-747
850,-747
849,-746
848,-746
847,-746
846,-745
845,-744
844,-743
843,-743
842,-742
841,-742
840,-741
839,-741
838,-740
837,-739
836,-739
835,-738
834,-737
833,-737
832,-737
831,-736
830,-735
829,-734
828,-733
827,-733
826,-732
825,-731
824,-731
823,-731
822,-730
821,-729
820,-728
819,-727
818,-727
817,-726
816,-725
815,-724
814,-723
813,-723
812,-722
811,-721
810,-720
809,-720
808,-719
807,-718
806,-717
805,-717
804,-716
803,-715
802,-715
801,-714
800,-713
799,-712
798,-711
797,-711
796,-710
795,-710
794,-709
793,-708
792,-708
791,-708
790,-707
789,-707
788,-706
787,-706
786,-705
786,-704
785,-704
784,-703
783,-703
782,-703
781,-702
780,-701
779,-701
778,-700
777,-700
776,-699
775,-698
774,-698
773,-698
772,-697
771,-696
770,-696
769,-696
768,-695
767,-695
766,-694
765,-694
764,-693
763,-693
762,-692
761,-691
760,-691
759,-691
758,-690
757,-690
756,-690
755,-689
754,-689
753,-688
752,-688
751,-687
750,-687
749,-687
748,-686
747,-686
746,-686
745,-685
744,-685
743,-685
742,-684
741,-684
740,-683
739,-683
738,-683
737,-683
736,-682
735,-682
734,-681
733,-681
732,-681
731,-681
730,-680
729,-680
728,-679
727,-679
726,-678
725,-678
724,-678
723,-678
722,-677
721,-677
720,-676
719,-676
718,-676
717,-675
716,-675
715,-675
714,-675
713,-674
712,-674
711,-674
710,-673
709,-673
708,-673
707,-672
706,-672
705,-672
704,-672
703,-672
702,-671
701,-671
700,-671
699,-671
698,-671
697,-671
696,-670
695,-670
694,-670
693,-670
692,-670
691,-670
690,-669
689,-669
688,-669
687,-669
686,-669
685,-668
684,-668
683,-668
682,-667
681,-667
680,-667
679,-667
678,-667
677,-667
676,-667
675,-667
674,-667
673,-666
672,-666
671,-666
670,-666
669,-666
668,-666
667,-666
666,-666
665,-666
664,-666
663,-666
662,-665
661,-665
660,-665
659,-665
658,-665
657,-665
656,-665
655,-665
654,-665
653,-665
652,-664
651,-664
650,-664
649,-664
648,-664
647,-664
646,-664
645,-664
644,-664
643,-664
642,-664
641,-664
640,-664
639,-664
638,-664
637,-664
636,-664
635,-664
634,-664
633,-664
632,-664
631,-664
630,-664
629,-664
628,-664
627,-664
626,-664
625,-664
624,-664
623,-664
622,-664
621,-664
620,-664
619,-664
618,-665
617,-665
616,-665
615,-665
614,-665
613,-666
612,-666
611,-666
610,-666
609,-666
608,-666
607,-666
606,-666
605,-666
604,-666
603,-667
602,-667
601,-667
600,-667
599,-667
598,-667
597,-668
596,-668
595,-668
594,-668
593,-668
592,-668
591,-669
590,-669
589,-669
588,-670
587,-670
586,-670
585,-670
584,-671
583,-671
582,-671
581,-672
580,-672
579,-672
578,-672
577,-673
576,-673
575,-674
574,-674
573,-674
572,-674
571,-675
570,-675
569,-675
568,-675
567,-676
566,-676
565,-676
564,-676
563,-677
562,-677
561,-677
560,-677
559,-678
558,-678
557,-678
556,-679
555,-679
554,-679
553,-680
552,-680
551,-680
550,-680
549,-680
548,-681
547,-681
546,-682
545,-682
544,-682
543,-682
542,-683
541,-683
540,-683
539,-683
538,-684
537,-685
536,-686
535,-686
534,-686
533,-686
532,-686
531,-686
530,-687
529,-687
528,-687
527,-688
526,-688
525,-689
524,-689
523,-689
522,-690
521,-690
520,-690
519,-691
518,-691
517,-691
516,-692
515,-692
514,-692
513,-693
512,-694
511,-694
510,-694
509,-695
508,-695
507,-695
506,-695
505,-696
504,-696
503,-697
502,-698
501,-698
500,-698
499,-699
498,-699
497,-699
496,-700
495,-701
494,-702
493,-702
492,-702
491,-703
490,-703
489,-704
488,-704
487,-705
486,-706
485,-706
484,-707
483,-707
482,-708
481,-708
480,-709
479,-710
478,-710
477,-711
476,-712
475,-712
474,-713
473,-713
472,-714
471,-714
470,-715
469,-716
468,-716
467,-717
466,-718
465,-718
464,-719
463,-719
462,-720
461,-721
460,-722
459,-722
458,-723
457,-724
456,-725
456,-726
456,-727
456,-728
456,-729
456,-730
457,-731
458,-732
459,-733
460,-734
460,-735
460,-736
460,-737
460,-738
459,-739
459,-740
458,-741
457,-741
456,-741
455,-742
455,-743
455,-744
455,-745
455,-746
455,-747
454,-748
