446,-655
446,-656
446,-657
446,-658
446,-659
446,-660
446,-661
446,-662
446,-663
446,-664
446,-665
447,-666
448,-667
448,-668
449,-669
449,-670
449,-671
449,-672
449,-673
449,-674
449,-675
449,-676
449,-677
449,-678
450,-679
451,-680
452,-680
453,-680
454,-681
455,-681
456,-681
457,-681
458,-681
459,-682
460,-682
461,-682
462,-682
463,-682
464,-682
465,-682
466,-683
467,-683
468,-683
469,-683
470,-683
471,-683
472,-683
473,-683
474,-683
475,-683
476,-683
477,-683
478,-683
479,-683
480,-683
481,-683
482,-683
483,-684
484,-684
485,-684
486,-684
487,-684
488,-685
489,-685
490,-685
491,-685
492,-685
493,-685
494,-685
495,-685
496,-685
497,-685
498,-685
499,-685
500,-685
501,-685
502,-685
503,-685
504,-686
505,-686
506,-686
507,-686
508,-686
509,-686
510,-686
511,-686
512,-686
513,-687
514,-687
515,-687
516,-687
517,-687
518,-687
519,-687
520,-688
521,-688
522,-688
523,-688
524,-688
525,-688
526,-689
527,-689
528,-689
529,-689
530,-689
531,-690
532,-690
533,-690
534,-690
535,-690
536,-691
537,-691
538,-691
539,-691
540,-691
541,-692
542,-692
543,-692
544,-692
545,-692
546,-692
547,-693
548,-693
549,-693
550,-693
551,-694
552,-694
553,-694
554,-694
555,-695
556,-695
557,-695
558,-696
559,-696
560,-696
561,-696
562,-696
563,-697
564,-697
565,-697
566,-697
567,-697
568,-698
569,-698
570,-698
571,-699
572,-699
573,-699
574,-699
575,-700
576,-700
577,-700
578,-700
579,-701
580,-701
581,-701
582,-701
583,-702
584,-702
585,-702
586,-702
587,-702
588,-703
589,-703
590,-703
591,-704
592,-704
593,-705
594,-705
595,-705
596,-706
597,-706
598,-706
599,-706
600,-706
601,-707
601,-708
602,-708
603,-708
604,-709
605,-709
606,-709
607,-709
608,-710
609,-710
610,-711
611,-711
612,-711
613,-712
614,-713
615,-713
616,-714
617,-714
618,-714
619,-715
620,-715
621,-715
622,-715
623,-716
624,-716
625,-717
626,-718
627,-718
628,-718
629,-719
630,-719
631,-720
631,-721
632,-721
633,-722
634,-723
635,-723
636,-723
637,-724
638,-724
639,-724
640,-725
641,-726
642,-726
643,-727
643,-728
644,-729
644,-730
644,-731
645,-732
646,-733
646,-734
647,-735
647,-736
648,-737
649,-738
650,-738
651,-738
652,-739
652,-740
652,-741
652,-742
652,-743
653,-744
654,-745
654,-746
654,-747
655,-747
656,-748
656,-749
657,-750
657,-751
658,-752
658,-753
659,-754
659,-755
660,-755
661,-756
661,-757
661,-758
661,-759
662,-759
663,-759
664,-760
664,-761
664,-762
665,-762
666,-763
667,-764
668,-765
669,-766
670,-766
671,-767
671,-768
672,-769
673,-770
673,-771
674,-771
675,-772
675,-773
676,-773
677,-773
678,-773
679,-773
680,-774
680,-775
680,-776
680,-777
681,-778
682,-779
683,-779
684,-779
685,-779
686,-780
686,-781
687,-782
687,-783
687,-784
688,-784
689,-785
689,-786
690,-787
691,-787
692,-787
693,-787
694,-788
694,-789
694,-790
695,-791
696,-792
696,-793
697,-794
698,-795
699,-796
700,-797
701,-798
701,-799
702,-799
703,-800
704,-800
705,-801
705,-802
705,-803
706,-803
707,-804
708,-805
708,-806
709,-807
710,-807
711,-808
712,-809
712,-810
712,-811
713,-811
714,-812
715,-813
716,-814
716,-815
716,-816
717,-816
718,-816
719,-817
720,-818
720,-819
720,-820
721,-820
722,-821
723,-821
724,-822
725,-823
725,-824
726,-825
727,-826
728,-826
729,-827
730,-828
730,-829
730,-830
731,-830
732,-830
733,-830
734,-831
735,-831
736,-832
737,-833
738,-833
739,-834
740,-835
741,-835
742,-836
743,-837
744,-837
745,-837
746,-837
747,-838
747,-839
748,-839
749,-840
750,-841
751,-841
752,-841
753,-842
754,-842
755,-842
756,-842
757,-843
758,-843
759,-843
760,-843
761,-843
762,-844
762,-845
763,-845
764,-845
765,-846
766,-846
767,-846
768,-847
769,-847
770,-848
771,-848
772,-848
773,-848
774,-849
775,-849
776,-849
777,-849
778,-849
779,-850
780,-850
781,-850
782,-851
783,-851
784,-852
785,-852
786,-852
787,-852
788,-852
789,-852
790,-852
791,-853
792,-853
793,-853
794,-853
795,-853
796,-854
797,-854
798,-854
799,-854
800,-855
801,-855
802,-855
803,-855
804,-856
805,-856
806,-857
807,-857
808,-857
809,-857
810,-857
811,-856
812,-856
813,-856
814,-856
815,-857
816,-857
817,-857
818,-857
819,-857
820,-857
821,-857
822,-857
823,-858
824,-858
825,-858
826,-858
827,-858
828,-858
829,-858
830,-858
831,-858
832,-858
833,-859
834,-859
835,-859
836,-860
837,-860
838,-860
839,-860
840,-860
841,-860
842,-860
843,-860
844,-860
845,-860
846,-860
847,-860
848,-860
849,-861
850,-861
851,-861
852,-861
853,-861
854,-861
855,-861
856,-861
857,-861
858,-862
859,-862
860,-862
861,-862
862,-862
863,-862
864,-862
865,-862
866,-861
867,-861
868,-861
869,-861
870,-861
871,-862
872,-862
873,-862
874,-862
875,-862
876,-862
877,-862
878,-862
879,-862
880,-862
881,-862
882,-862
883,-862
884,-862
885,-862
886,-862
887,-862
888,-861
889,-861
890,-861
891,-862
892,-862
893,-862
894,-862
895,-862
896,-862
897,-862
898,-862
899,-862
900,-862
901,-862
902,-862
903,-862
904,-862
905,-861
906,-861
907,-861
908,-861
909,-861
910,-861
911,-861
912,-861
913,-860
914,-860
915,-860
916,-860
917,-860
918,-860
919,-859
920,-859
921,-859
922,-859
923,-859
924,-858
925,-858
926,-858
927,-858
928,-858
929,-858
930,-858
931,-858
932,-858
933,-858
934,-858
935,-858
936,-858
937,-858
938,-858
939,-857
940,-857
941,-857
942,-856
943,-856
944,-856
945,-856
946,-856
947,-855
948,-855
949,-855
950,-855
951,-855
952,-855
953,-854
954,-853
955,-853
956,-853
957,-853
958,-853
959,-853
960,-853
961,-853
962,-853
963,-853
964,-853
965,-853
966,-853
967,-853
968,-852
969,-852
970,-852
970,-851
971,-850
972,-850
973,-850
974,-850
975,-850
976,-850
977,-850
978,-849
979,-849
980,-849
981,-849
982,-849
983,-849
984,-849
985,-849
986,-849
987,-849
987,-848
988,-847
989,-847
990,-846
991,-846
992,-846
993,-846
994,-846
995,-846
996,-845
997,-844
998,-844
999,-844
1000,-843
1001,-843
1002,-842
1003,-842
1004,-842
1005,-842
1006,-842
1007,-841
1008,-841
1009,-841
1010,-841
1011,-840
1012,-840
1013,-840
1014,-839
1015,-838
1016,-838
1017,-838
1018,-838
1019,-838
1020,-838
1021,-838
1022,-838
1023,-838
1024,-838
1025,-838
1026,-837
1027,-837
1028,-837
1029,-837
1030,-837
1031,-837
1032,-837
1033,-837
1034,-837
1035,-836
1036,-836
1037,-836
1038,-836
1039,-836
1040,-836
1041,-836
1042,-835
1043,-835
1044,-835
1045,-834
1046,-834
1047,-834
1048,-834
1049,-834
1050,-834
1051,-833
1052,-832
1053,-831
1054,-830
1055,-830
1055,-829
1055,-828
1055,-827
1055,-826
1055,-825
1055,-824
1055,-823
1055,-822
1055,-821
1055,-820
1055,-819
1055,-818
1054,-817
1054,-816
1053,-815
1053,-814
1052,-813
1052,-812
1051,-811
1051,-810
1050,-809
1049,-808
1049,-807
1048,-806
1048,-805
1047,-804
1047,-803
1046,-802
1046,-801
1046,-800
1045,-799
1044,-798
1043,-797
1043,-796
1042,-795
1041,-794
1041,-793
1040,-792
1040,-791
1039,-790
1038,-789
1037,-788
1037,-787
1036,-786
1035,-785
1034,-784
1033,-783
1033,-782
1032,-781
1031,-780
1031,-779
1030,-778
1030,-777
1029,-776
1028,-775
1028,-774
1027,-774
1026,-773
1026,-772
1025,-772
1024,-771
1024,-770
1023,-769
1022,-768
1021,-767
1020,-766
1019,-765
1018,-764
1017,-763
1016,-762
1016,-761
1015,-760
1014,-759
1013,-758
1012,-757
1011,-756
1010,-755
1009,-754
1008,-753
1007,-752
1006,-751
1005,-750
1004,-749
1003,-748
1002,-747
1002,-746
1001,-746
1000,-745
1000,-744
999,-743
998,-742
997,-742
996,-741
995,-740
994,-739
993,-738
993,-737
992,-736
991,-735
990,-734
989,-733
988,-732
987,-731
986,-730
985,-729
984,-728
983,-728
982,-727
981,-726
981,-725
980,-724
979,-724
978,-723
978,-722
977,-722
976,-721
975,-720
974,-719
973,-718
972,-717
971,-716
970,-715
969,-715
968,-714
968,-713
967,-712
966,-711
965,-711
964,-710
964,-709
963,-709
962,-708
961,-707
960,-706
959,-705
958,-705
957,-704
956,-703
955,-702
954,-701
953,-701
952,-700
951,-700
950,-699
949,-698
948,-697
947,-696
946,-696
945,-695
945,-694
944,-694
943,-693
942,-692
941,-692
940,-691
939,-691
938,-690
937,-690
936,-689
935,-689
934,-688
933,-687
932,-686
931,-686
930,-686
929,-685
928,-685
927,-684
926,-683
925,-683
924,-682
923,-682
922,-681
921,-681
920,-680
919,-680
918,-679
917,-679
916,-678
915,-677
914,-676
913,-676
912,-676
911,-675
910,-675
909,-674
908,-673
907,-673
906,-673
905,-672
904,-672
903,-672
902,-671
901,-670
900,-670
899,-669
898,-669
897,-669
896,-668
895,-668
894,-667
893,-667
892,-666
891,-666
890,-665
889,-665
888,-665
887,-664
886,-664
885,-663
884,-663
883,-662
882,-662
881,-662
880,-661
879,-661
878,-660
877,-660
876,-660
875,-660
874,-659
873,-658
872,-658
871,-658
870,-658
869,-657
868,-657
867,-657
866,-657
865,-656
864,-656
863,-655
862,-655
861,-655
860,-654
859,-654
858,-654
857,-653
856,-653
855,-653
854,-653
853,-653
852,-653
851,-653
850,-653
849,-653
848,-652
847,-652
846,-652
845,-651
844,-650
843,-650
842,-650
841,-650
840,-650
839,-649
838,-649
837,-649
836,-649
835,-649
834,-649
833,-649
832,-648
831,-648
830,-648
829,-648
828,-648
827,-648
826,-648
825,-648
824,-647
823,-647
822,-647
821,-646
820,-646
819,-646
818,-646
817,-646
816,-646
815,-646
814,-645
813,-645
812,-645
811,-645
810,-645
809,-645
808,-645
807,-645
806,-644
805,-644
804,-644
803,-644
802,-644
801,-643
800,-643
799,-643
798,-643
797,-642
796,-641
795,-641
794,-641
793,-641
792,-641
791,-641
790,-641
789,-641
788,-641
787,-640
786,-640
785,-640
784,-640
783,-640
782,-640
781,-640
780,-640
779,-640
778,-639
777,-639
776,-639
775,-639
774,-639
773,-639
772,-639
771,-639
770,-639
769,-639
768,-639
767,-639
766,-639
765,-640
764,-640
763,-640
762,-640
761,-640
760,-640
759,-640
758,-640
757,-640
756,-640
755,-640
754,-640
753,-640
752,-640
751,-640
750,-640
749,-640
748,-640
747,-640
746,-640
745,-640
744,-641
743,-641
742,-641
741,-641
740,-641
739,-641
738,-641
737,-641
736,-641
735,-641
734,-641
733,-641
732,-642
731,-642
730,-642
729,-642
728,-642
727,-642
726,-643
725,-643
724,-643
723,-643
722,-643
721,-643
720,-644
719,-644
718,-644
717,-644
716,-645
715,-645
714,-645
713,-646
712,-646
711,-647
710,-647
709,-647
708,-648
707,-648
706,-648
705,-649
704,-649
703,-649
702,-650
701,-650
700,-651
699,-651
698,-652
697,-653
696,-653
695,-653
694,-654
693,-655
692,-655
691,-656
690,-656
689,-657
688,-657
687,-658
686,-658
685,-659
684,-660
683,-660
682,-661
681,-661
680,-661
679,-662
678,-662
677,-662
676,-663
675,-663
674,-664
673,-664
672,-664
671,-665
670,-665
669,-666
668,-666
667,-666
666,-667
665,-667
664,-667
663,-668
662,-668
661,-668
660,-668
659,-668
658,-668
657,-668
656,-668
655,-668
654,-668
653,-668
652,-669
651,-669
650,-669
649,-669
648,-669
647,-669
646,-669
645,-669
644,-669
643,-669
642,-669
641,-669
640,-669
639,-669
638,-669
637,-669
636,-669
635,-669
634,-669
633,-669
632,-669
631,-669
630,-669
629,-669
628,-669
627,-669
626,-669
625,-669
624,-669
623,-669
622,-668
621,-668
620,-668
619,-668
618,-668
617,-668
616,-668
615,-668
614,-667
613,-667
612,-667
611,-667
610,-667
609,-667
608,-667
607,-667
606,-667
605,-667
604,-666
603,-666
602,-666
601,-665
600,-665
599,-665
598,-665
597,-665
596,-665
595,-664
594,-664
593,-664
592,-664
591,-664
590,-664
589,-663
588,-663
587,-663
586,-663
585,-662
584,-662
583,-662
582,-662
581,-662
580,-662
579,-662
578,-662
577,-662
576,-661
575,-661
574,-661
573,-661
572,-661
571,-660
570,-660
569,-660
568,-660
567,-660
566,-660
565,-659
564,-658
563,-658
562,-658
561,-658
560,-658
559,-658
558,-657
557,-657
556,-657
555,-657
554,-656
553,-656
552,-656
551,-656
550,-655
549,-655
548,-655
547,-655
546,-654
545,-654
544,-654
543,-654
542,-654
541,-653
540,-653
539,-653
538,-653
537,-653
536,-652
535,-652
534,-652
533,-652
532,-652
531,-651
530,-651
529,-651
528,-651
527,-651
526,-651
525,-650
524,-650
523,-650
522,-650
521,-650
520,-650
519,-650
518,-649
517,-649
516,-649
515,-649
514,-649
513,-649
512,-648
511,-648
510,-648
509,-648
508,-648
507,-648
506,-648
505,-648
504,-647
503,-647
502,-647
501,-647
500,-647
499,-647
498,-647
497,-647
496,-647
495,-647
494,-647
493,-646
492,-646
491,-646
490,-646
489,-646
488,-646
487,-646
486,-646
485,-646
484,-646
483,-646
482,-646
481,-646
480,-646
479,-646
478,-646
477,-646
476,-646
475,-646
474,-646
473,-646
472,-646
471,-646
470,-646
469,-646
468,-646
467,-645
466,-645
465,-645
464,-645
463,-645
462,-645
461,-645
460,-645
459,-645
458,-645
457,-645
456,-645
455,-646
454,-646
453,-647
452,-647
451,-648
450,-648
449,-649
449,-650
449,-651
448,-652
448,-653
447,-654
446,-655
