544,-933
544,-934
544,-935
544,-936
544,-937
544,-938
544,-939
545,-940
546,-941
546,-942
547,-942
548,-943
549,-944
550,-945
551,-946
552,-947
552,-948
552,-949
552,-950
553,-950
554,-951
554,-952
555,-952
556,-953
557,-954
557,-955
558,-955
559,-955
560,-956
561,-957
562,-958
563,-958
564,-958
565,-958
566,-958
567,-958
568,-957
569,-957
570,-957
571,-957
572,-958
573,-958
574,-959
575,-959
576,-959
577,-959
578,-959
579,-959
580,-959
581,-959
582,-959
583,-958
584,-957
585,-956
586,-955
587,-954
588,-953
589,-953
590,-952
591,-951
591,-950
592,-949
593,-948
594,-947
595,-946
596,-945
597,-944
598,-943
599,-942
599,-941
600,-940
601,-940
602,-939
602,-938
603,-937
604,-936
605,-935
606,-934
606,-933
607,-932
608,-931
609,-931
609,-930
609,-929
610,-928
611,-928
611,-927
612,-926
613,-926
613,-925
614,-924
615,-923
616,-922
617,-921
618,-920
618,-919
619,-918
620,-917
621,-917
622,-917
622,-916
622,-915
623,-914
624,-914
625,-913
626,-912
627,-911
628,-910
629,-910
630,-910
631,-910
632,-909
633,-909
634,-909
635,-908
636,-908
637,-908
638,-908
639,-908
640,-909
641,-909
642,-909
643,-909
644,-909
645,-910
645,-911
646,-911
647,-911
648,-911
649,-911
650,-911
651,-911
652,-912
653,-912
654,-912
655,-912
656,-912
657,-912
658,-912
659,-912
660,-912
661,-912
662,-912
663,-912
664,-912
664,-911
665,-910
666,-910
667,-910
668,-910
669,-910
670,-909
671,-909
672,-909
673,-908
674,-907
675,-907
676,-907
677,-907
678,-906
679,-906
680,-906
681,-906
682,-905
683,-905
684,-905
685,-905
686,-904
687,-904
688,-903
689,-903
690,-902
691,-902
692,-902
693,-902
694,-902
695,-902
696,-901
697,-901
697,-900
698,-899
699,-898
700,-898
701,-898
702,-898
703,-898
704,-898
704,-897
705,-896
706,-896
707,-896
708,-895
709,-895
710,-895
711,-895
712,-895
712,-894
713,-893
714,-892
715,-892
716,-892
717,-892
718,-891
719,-891
719,-890
720,-889
721,-889
722,-889
723,-888
724,-888
725,-888
726,-887
727,-886
728,-886
729,-886
729,-885
729,-884
730,-883
731,-883
732,-883
733,-883
734,-883
735,-883
735,-882
736,-881
737,-880
738,-879
739,-879
740,-878
741,-878
742,-878
743,-878
744,-877
745,-877
745,-876
746,-875
747,-875
748,-874
749,-873
750,-873
751,-873
752,-873
753,-873
754,-873
754,-872
754,-871
755,-870
755,-869
756,-868
757,-868
758,-867
759,-866
760,-865
761,-865
762,-864
763,-864
764,-863
765,-863
766,-863
766,-862
767,-861
768,-861
769,-860
770,-860
771,-859
772,-858
773,-858
774,-857
775,-856
775,-855
776,-854
777,-854
778,-853
779,-853
780,-852
781,-852
782,-852
783,-851
783,-850
783,-849
784,-848
785,-848
786,-847
787,-847
788,-846
789,-845
790,-844
791,-843
792,-842
793,-841
794,-841
795,-841
795,-840
796,-839
797,-838
798,-837
799,-837
799,-836
800,-835
801,-835
802,-835
802,-834
802,-833
803,-832
804,-831
805,-831
806,-830
807,-829
808,-829
808,-828
808,-827
808,-826
808,-825
808,-824
808,-823
808,-822
809,-821
809,-820
809,-819
810,-818
811,-817
812,-817
813,-817
814,-817
815,-817
816,-817
816,-816
816,-815
817,-814
818,-814
819,-814
819,-813
820,-812
821,-812
821,-811
822,-810
822,-809
822,-808
823,-807
824,-807
824,-806
825,-805
825,-804
825,-803
826,-802
827,-801
828,-800
829,-800
830,-799
830,-798
831,-797
832,-797
833,-796
833,-795
834,-794
835,-793
836,-793
837,-792
837,-791
837,-790
838,-789
839,-789
839,-788
840,-787
841,-786
841,-785
842,-784
843,-783
844,-782
845,-781
846,-780
846,-779
847,-778
847,-777
848,-776
849,-775
850,-774
851,-773
851,-772
852,-771
853,-770
853,-769
854,-768
855,-767
856,-766
857,-765
857,-764
858,-763
859,-762
860,-761
861,-760
862,-759
863,-758
863,-757
864,-756
865,-755
865,-754
866,-753
867,-752
868,-751
868,-750
869,-749
870,-748
871,-747
871,-746
872,-745
872,-744
873,-743
874,-742
874,-741
875,-740
875,-739
876,-738
877,-737
878,-736
878,-735
879,-734
879,-733
879,-732
880,-731
881,-730
882,-729
882,-728
883,-727
884,-726
884,-725
885,-724
885,-723
886,-722
886,-721
887,-720
887,-719
887,-718
888,-717
889,-716
889,-715
890,-714
891,-713
891,-712
891,-711
892,-710
892,-709
893,-708
893,-707
894,-706
895,-705
895,-704
896,-703
896,-702
897,-701
897,-700
898,-699
898,-698
898,-697
899,-696
899,-695
900,-694
900,-693
901,-692
901,-691
902,-690
902,-689
903,-688
903,-687
903,-686
904,-685
904,-684
905,-683
906,-682
906,-681
907,-680
908,-679
908,-678
908,-677
908,-676
909,-675
910,-674
910,-673
910,-672
911,-671
911,-670
911,-669
912,-668
912,-667
913,-666
913,-665
914,-664
914,-663
914,-662
915,-661
915,-660
915,-659
916,-658
917,-657
917,-656
917,-655
918,-654
918,-653
918,-652
918,-651
919,-650
919,-649
920,-648
921,-648
921,-647
922,-646
922,-645
923,-644
923,-643
923,-642
923,-641
924,-640
925,-640
925,-639
925,-638
925,-637
926,-636
927,-636
927,-635
927,-634
928,-633
929,-632
930,-631
931,-630
931,-629
931,-628
931,-627
931,-626
932,-625
933,-625
934,-624
935,-623
935,-622
936,-621
936,-620
936,-619
937,-618
938,-617
938,-616
938,-615
938,-614
938,-613
939,-612
940,-612
940,-611
940,-610
940,-609
941,-608
941,-607
941,-606
942,-605
943,-605
943,-604
944,-603
944,-602
945,-601
945,-600
946,-599
947,-599
947,-598
947,-597
947,-596
947,-595
948,-594
948,-593
948,-592
948,-591
948,-590
949,-589
950,-589
951,-588
951,-587
951,-586
951,-585
951,-584
951,-583
951,-582
951,-581
952,-580
953,-580
954,-580
954,-579
954,-578
954,-577
954,-576
954,-575
954,-574
954,-573
955,-572
955,-571
955,-570
955,-569
956,-568
957,-567
957,-566
957,-565
958,-564
958,-563
958,-562
958,-561
958,-560
958,-559
958,-558
958,-557
958,-556
958,-555
958,-554
958,-553
957,-552
957,-551
957,-550
957,-549
957,-548
957,-547
957,-546
957,-545
956,-544
956,-543
955,-543
954,-543
953,-543
952,-543
951,-543
950,-544
949,-544
948,-544
947,-544
946,-544
945,-544
944,-544
943,-545
942,-545
941,-545
940,-545
939,-545
938,-545
937,-546
936,-546
935,-546
934,-546
933,-546
932,-547
931,-547
930,-547
929,-547
928,-547
927,-548
926,-548
925,-548
924,-548
923,-549
922,-549
921,-549
920,-549
919,-550
918,-550
917,-550
916,-550
915,-551
914,-551
913,-551
912,-551
911,-552
910,-552
909,-552
908,-552
907,-553
906,-553
905,-553
904,-553
903,-554
902,-554
901,-554
900,-555
899,-555
898,-555
897,-555
896,-555
895,-556
894,-556
893,-557
892,-557
891,-557
890,-557
889,-558
888,-558
887,-558
886,-559
885,-559
884,-559
883,-560
882,-560
881,-560
880,-560
879,-561
878,-561
877,-561
876,-562
875,-562
874,-562
873,-563
872,-563
871,-563
870,-564
869,-564
868,-564
867,-565
866,-565
865,-565
864,-566
863,-566
862,-567
861,-567
860,-567
859,-567
858,-568
857,-568
856,-568
855,-569
854,-569
853,-570
852,-570
851,-571
850,-571
849,-572
848,-572
847,-572
846,-572
845,-573
844,-573
843,-574
842,-574
841,-575
840,-575
839,-575
838,-576
837,-576
836,-576
835,-577
834,-577
833,-577
832,-578
831,-579
830,-579
829,-579
828,-579
827,-580
826,-580
825,-580
824,-580
823,-581
822,-581
821,-582
820,-582
819,-583
818,-583
817,-583
816,-583
815,-584
814,-584
813,-585
812,-585
811,-586
810,-586
809,-587
808,-587
807,-587
806,-588
805,-588
804,-588
803,-589
802,-589
801,-590
800,-590
799,-591
798,-591
797,-591
796,-592
795,-592
794,-593
793,-593
792,-594
791,-594
790,-594
789,-595
788,-596
787,-596
786,-596
785,-596
784,-597
784,-598
783,-599
782,-599
781,-599
780,-599
779,-599
778,-600
777,-600
776,-601
775,-601
774,-601
773,-602
772,-603
771,-604
770,-604
769,-605
768,-605
767,-606
766,-606
765,-607
764,-608
763,-608
762,-609
761,-609
760,-610
759,-611
758,-611
757,-612
756,-612
755,-612
754,-613
753,-613
752,-614
751,-615
750,-615
749,-616
748,-617
747,-617
746,-618
745,-619
744,-619
743,-620
742,-620
741,-621
740,-621
739,-622
738,-622
737,-623
736,-624
735,-624
734,-625
733,-626
732,-627
731,-627
730,-628
729,-628
728,-629
727,-630
726,-631
725,-632
724,-632
723,-633
722,-634
721,-635
720,-635
719,-636
718,-636
717,-637
716,-638
715,-639
714,-640
713,-641
712,-642
711,-642
710,-643
709,-644
708,-645
707,-646
706,-647
705,-647
704,-648
703,-649
702,-649
701,-650
701,-651
700,-652
699,-652
698,-653
697,-653
697,-654
696,-655
695,-655
694,-656
693,-657
692,-658
691,-659
690,-659
689,-660
688,-661
688,-662
687,-663
686,-663
685,-664
684,-665
683,-665
683,-666
682,-667
681,-668
680,-669
679,-670
678,-670
678,-671
677,-672
676,-673
675,-674
674,-674
673,-675
672,-676
672,-677
671,-678
670,-679
669,-679
669,-680
668,-681
667,-682
666,-683
665,-684
664,-685
663,-686
662,-687
661,-688
660,-689
660,-690
659,-691
658,-691
658,-692
657,-693
656,-694
656,-695
655,-696
654,-697
653,-698
652,-699
652,-700
651,-701
650,-702
649,-703
649,-704
648,-705
647,-706
646,-707
645,-708
644,-709
644,-710
643,-711
643,-712
642,-713
641,-714
640,-715
640,-716
639,-717
638,-718
637,-719
637,-720
636,-721
635,-722
635,-723
634,-724
633,-725
633,-726
632,-727
632,-728
631,-729
630,-730
629,-731
629,-732
628,-733
627,-734
627,-735
626,-736
626,-737
625,-738
625,-739
624,-740
624,-741
623,-742
623,-743
622,-744
621,-745
621,-746
621,-747
620,-748
619,-749
618,-750
618,-751
618,-752
617,-753
617,-754
617,-755
616,-756
616,-757
615,-758
614,-759
614,-760
613,-761
613,-762
613,-763
613,-764
612,-765
612,-766
612,-767
611,-768
610,-769
610,-770
610,-771
610,-772
609,-773
609,-774
608,-775
608,-776
607,-777
607,-778
607,-779
606,-780
606,-781
606,-782
605,-783
605,-784
605,-785
605,-786
604,-787
604,-788
604,-789
604,-790
603,-791
603,-792
603,-793
603,-794
602,-795
602,-796
602,-797
602,-798
601,-799
601,-800
601,-801
601,-802
601,-803
601,-804
600,-805
600,-806
600,-807
600,-808
599,-809
599,-810
599,-811
599,-812
598,-813
598,-814
598,-815
598,-816
598,-817
598,-818
598,-819
598,-820
597,-821
597,-822
597,-823
597,-824
597,-825
597,-826
597,-827
597,-828
597,-829
597,-830
596,-831
596,-832
596,-833
596,-834
596,-835
596,-836
595,-837
595,-838
595,-839
595,-840
595,-841
595,-842
595,-843
595,-844
595,-845
594,-846
594,-847
594,-848
594,-849
593,-850
593,-851
593,-852
592,-853
592,-854
592,-855
592,-856
592,-857
591,-858
591,-859
590,-860
590,-861
589,-862
589,-863
589,-864
588,-865
588,-866
587,-867
587,-868
586,-869
586,-870
586,-871
585,-872
585,-873
584,-874
583,-874
583,-875
583,-876
582,-877
581,-878
581,-879
580,-880
579,-881
579,-882
578,-883
578,-884
577,-885
577,-886
576,-887
575,-888
574,-889
574,-890
573,-891
572,-892
572,-893
571,-894
571,-895
570,-896
569,-897
569,-898
568,-899
567,-900
566,-901
565,-902
564,-902
564,-903
564,-904
564,-905
563,-906
562,-906
562,-907
561,-908
561,-909
560,-910
559,-911
559,-912
558,-913
557,-914
556,-915
556,-916
555,-917
555,-918
554,-919
553,-920
553,-921
552,-922
551,-923
551,-924
550,-925
549,-926
548,-927
547,-928
547,-929
546,-930
545,-931
545,-932
544,-933
