513,-900
513,-901
513,-902
513,-903
513,-904
513,-905
513,-906
513,-907
513,-908
514,-908
515,-908
516,-908
517,-908
518,-908
519,-908
520,-908
521,-908
522,-908
523,-908
524,-909
524,-910
525,-910
526,-911
526,-912
526,-913
527,-914
528,-915
528,-916
529,-917
529,-918
530,-918
531,-918
532,-918
533,-918
534,-917
535,-917
536,-917
537,-917
538,-917
539,-917
540,-916
541,-916
542,-916
543,-915
544,-914
545,-913
546,-913
547,-913
548,-913
549,-912
550,-912
551,-912
552,-912
553,-912
554,-911
555,-911
556,-910
557,-910
558,-909
559,-909
560,-908
561,-908
562,-908
563,-908
564,-907
565,-907
566,-906
567,-906
568,-905
569,-905
570,-904
571,-904
572,-903
573,-903
574,-903
575,-902
576,-902
577,-902
578,-901
579,-901
580,-901
581,-900
582,-900
583,-900
584,-899
585,-899
586,-899
587,-898
588,-898
589,-898
590,-898
590,-897
591,-896
592,-896
593,-896
594,-895
595,-895
596,-895
597,-895
598,-894
599,-894
600,-894
601,-893
602,-893
603,-893
604,-892
605,-892
606,-892
607,-892
608,-892
609,-892
610,-891
611,-891
612,-891
613,-891
614,-891
615,-891
616,-891
617,-891
618,-890
619,-890
620,-890
621,-890
622,-890
623,-890
624,-890
625,-890
626,-890
627,-890
628,-890
629,-890
630,-890
631,-890
632,-890
633,-890
634,-890
635,-890
636,-890
637,-890
638,-890
639,-890
640,-891
641,-891
642,-891
643,-891
644,-891
645,-891
646,-891
647,-891
648,-891
649,-891
650,-891
651,-891
652,-891
653,-891
654,-891
655,-892
656,-892
657,-892
658,-892
659,-892
660,-892
661,-892
662,-892
663,-892
664,-892
665,-892
666,-892
667,-892
668,-892
669,-892
670,-892
671,-892
672,-892
673,-892
674,-892
675,-892
676,-892
677,-892
678,-892
679,-892
680,-892
681,-892
682,-892
683,-892
684,-892
685,-892
686,-892
687,-892
688,-892
689,-892
690,-892
691,-892
692,-892
693,-892
694,-892
695,-892
696,-892
697,-891
698,-891
699,-891
700,-891
701,-891
702,-891
703,-890
704,-890
705,-890
706,-890
707,-890
708,-890
709,-890
710,-889
711,-889
712,-889
713,-888
714,-888
715,-888
716,-888
717,-888
718,-887
719,-887
720,-887
721,-887
722,-886
723,-886
724,-886
725,-886
726,-885
727,-885
728,-884
729,-884
730,-884
731,-883
732,-883
733,-883
734,-883
735,-883
736,-882
737,-882
738,-882
738,-881
739,-880
740,-880
741,-880
742,-879
743,-879
744,-879
745,-879
746,-879
747,-878
748,-878
748,-877
749,-876
750,-876
751,-875
752,-875
753,-875
754,-875
755,-874
756,-874
757,-873
758,-873
759,-872
760,-872
761,-871
762,-870
763,-870
764,-870
765,-869
766,-869
767,-869
768,-868
768,-867
769,-866
770,-866
771,-866
772,-866
773,-866
774,-866
774,-865
774,-864
775,-863
776,-863
777,-863
778,-862
779,-862
780,-862
781,-861
782,-861
783,-860
783,-859
784,-858
785,-857
786,-857
787,-857
788,-857
789,-856
790,-856
791,-855
792,-854
793,-854
794,-854
795,-853
795,-852
796,-851
797,-850
798,-850
799,-849
800,-849
800,-848
800,-847
801,-846
802,-846
803,-846
804,-846
805,-845
806,-845
807,-844
808,-844
809,-844
809,-843
810,-842
811,-842
812,-842
812,-841
813,-840
814,-840
815,-839
816,-838
816,-837
817,-836
818,-835
819,-834
820,-834
821,-834
822,-833
823,-833
824,-832
825,-831
826,-831
827,-831
827,-830
827,-829
828,-828
829,-827
830,-827
831,-826
832,-825
833,-825
833,-824
834,-823
835,-822
836,-822
837,-821
837,-820
838,-819
839,-818
840,-817
841,-817
842,-816
843,-815
844,-815
845,-814
845,-813
846,-812
847,-811
848,-811
848,-810
849,-809
850,-809
851,-809
852,-808
853,-807
854,-806
854,-805
855,-804
856,-804
857,-803
858,-802
859,-801
860,-800
861,-799
861,-798
862,-797
863,-796
864,-795
865,-795
866,-794
867,-793
868,-792
869,-792
869,-791
869,-790
870,-789
871,-789
872,-789
872,-788
872,-787
873,-786
874,-785
875,-784
875,-783
876,-782
877,-782
878,-782
878,-781
878,-780
879,-779
880,-779
880,-778
881,-777
882,-776
883,-775
883,-774
884,-773
885,-772
886,-771
887,-770
887,-769
888,-768
889,-767
889,-766
890,-765
891,-765
891,-764
892,-763
893,-762
894,-761
895,-761
895,-760
896,-759
896,-758
897,-757
898,-756
899,-755
899,-754
900,-753
901,-752
901,-751
902,-750
903,-750
904,-749
904,-748
904,-747
905,-746
905,-745
906,-744
906,-743
907,-742
908,-741
909,-740
909,-739
910,-738
910,-737
911,-736
911,-735
912,-734
912,-733
913,-732
914,-731
915,-730
915,-729
916,-728
917,-727
918,-726
918,-725
919,-724
919,-723
920,-722
921,-721
921,-720
921,-719
922,-718
923,-717
923,-716
924,-715
925,-714
925,-713
926,-712
926,-711
927,-710
928,-710
928,-709
928,-708
929,-707
929,-706
930,-705
930,-704
931,-703
931,-702
932,-701
933,-700
934,-699
934,-698
934,-697
935,-696
936,-695
936,-694
936,-693
937,-692
938,-691
938,-690
938,-689
939,-688
940,-687
940,-686
941,-685
941,-684
942,-683
943,-682
943,-681
944,-680
945,-679
945,-678
946,-677
947,-676
948,-675
949,-674
949,-673
949,-672
950,-671
950,-670
951,-669
952,-669
952,-668
953,-667
953,-666
953,-665
954,-664
955,-664
955,-663
955,-662
956,-661
957,-661
958,-660
959,-659
959,-658
959,-657
959,-656
960,-655
961,-654
961,-653
961,-652
961,-651
962,-650
963,-649
964,-649
965,-648
965,-647
965,-646
965,-645
966,-644
967,-643
967,-642
968,-641
968,-640
969,-639
970,-639
971,-639
971,-638
972,-637
973,-637
973,-636
973,-635
973,-634
973,-633
973,-632
973,-631
974,-630
975,-630
975,-629
975,-628
976,-627
977,-627
978,-627
979,-626
979,-625
979,-624
980,-623
980,-622
980,-621
980,-620
980,-619
980,-618
980,-617
980,-616
980,-615
981,-614
981,-613
981,-612
982,-611
983,-610
984,-610
984,-609
985,-608
986,-608
987,-608
987,-607
987,-606
987,-605
987,-604
987,-603
987,-602
987,-601
987,-600
987,-599
986,-598
986,-597
986,-596
987,-595
987,-594
987,-593
987,-592
988,-591
988,-590
988,-589
988,-588
988,-587
988,-586
988,-585
987,-585
986,-584
985,-584
984,-584
983,-584
982,-584
981,-584
980,-584
979,-584
978,-584
977,-584
976,-584
975,-584
974,-585
973,-585
972,-585
971,-585
970,-585
969,-586
968,-586
967,-586
966,-586
965,-586
964,-586
963,-586
962,-586
961,-586
960,-586
959,-586
958,-586
957,-586
956,-587
955,-587
954,-587
953,-587
952,-587
951,-587
950,-587
949,-587
948,-588
947,-588
946,-588
945,-588
944,-588
943,-588
942,-589
941,-589
940,-589
939,-590
938,-590
937,-590
936,-590
935,-590
934,-590
933,-590
932,-590
931,-590
930,-591
929,-591
928,-591
927,-591
926,-592
925,-592
924,-592
923,-592
922,-592
921,-593
920,-593
919,-593
918,-593
917,-594
916,-594
915,-594
914,-594
913,-595
912,-595
911,-595
910,-595
909,-595
908,-595
907,-595
906,-596
905,-596
904,-596
903,-596
902,-597
901,-597
900,-597
899,-598
898,-598
897,-598
896,-598
895,-599
894,-599
893,-599
892,-599
891,-600
890,-600
889,-600
888,-600
887,-601
886,-601
885,-601
884,-601
883,-601
882,-601
881,-602
880,-602
879,-602
878,-603
877,-603
876,-603
875,-603
874,-604
873,-604
872,-604
871,-604
870,-605
869,-605
868,-605
867,-605
866,-605
865,-605
864,-605
863,-606
862,-606
861,-606
860,-606
859,-606
858,-607
857,-607
856,-607
855,-607
854,-608
853,-608
852,-608
851,-608
850,-608
849,-609
848,-610
847,-610
846,-610
845,-610
844,-610
843,-610
842,-610
841,-611
840,-611
839,-612
838,-612
837,-612
836,-613
835,-613
834,-613
833,-613
832,-613
831,-614
830,-614
829,-614
828,-615
827,-615
826,-616
825,-616
824,-617
823,-617
822,-617
821,-617
820,-617
819,-618
818,-618
817,-618
816,-618
815,-619
814,-619
813,-620
812,-620
811,-620
810,-621
809,-621
808,-621
807,-622
806,-622
805,-622
804,-622
803,-623
802,-623
801,-623
800,-624
799,-624
798,-625
797,-625
796,-625
795,-625
794,-626
793,-626
792,-626
791,-627
790,-627
789,-628
788,-628
787,-629
786,-629
785,-629
784,-630
783,-630
782,-630
781,-631
780,-631
779,-632
778,-632
777,-633
776,-633
775,-633
774,-634
773,-634
772,-634
771,-635
770,-636
769,-636
768,-637
767,-637
766,-637
765,-638
764,-638
763,-638
762,-639
761,-639
760,-640
759,-641
758,-641
757,-642
756,-642
755,-642
754,-643
753,-643
752,-644
751,-645
750,-645
749,-645
748,-646
747,-646
746,-647
745,-648
744,-648
743,-649
742,-649
741,-650
740,-650
739,-651
738,-651
737,-652
736,-653
735,-653
734,-653
733,-654
732,-654
731,-654
730,-655
729,-656
728,-656
727,-657
726,-657
725,-658
724,-658
723,-659
722,-660
721,-660
720,-661
719,-661
718,-662
717,-662
716,-663
715,-663
714,-664
713,-665
712,-665
711,-666
710,-667
709,-667
708,-668
707,-669
706,-669
705,-670
704,-671
703,-671
702,-672
701,-673
700,-673
699,-674
698,-675
697,-676
696,-676
695,-677
694,-678
693,-679
692,-679
691,-680
690,-681
689,-681
688,-682
687,-683
686,-684
685,-684
684,-685
683,-685
683,-686
682,-687
681,-687
680,-688
679,-689
678,-690
677,-691
676,-692
675,-693
674,-693
673,-694
672,-695
671,-696
670,-697
669,-698
668,-699
667,-700
666,-701
665,-702
664,-703
663,-704
662,-705
661,-706
660,-707
659,-708
658,-709
657,-710
656,-710
656,-711
655,-712
654,-713
653,-713
653,-714
652,-715
651,-716
650,-717
649,-718
648,-719
647,-720
647,-721
646,-722
645,-723
644,-724
643,-725
642,-726
641,-727
641,-728
640,-729
639,-730
638,-731
637,-732
636,-733
635,-734
635,-735
634,-736
633,-737
632,-738
631,-739
631,-740
631,-741
630,-742
629,-743
628,-744
628,-745
627,-746
626,-747
625,-748
625,-749
624,-750
623,-751
623,-752
622,-753
621,-754
620,-755
620,-756
620,-757
619,-758
618,-759
617,-760
617,-761
616,-762
616,-763
616,-764
615,-765
614,-766
613,-767
613,-768
612,-769
611,-770
611,-771
610,-772
610,-773
609,-774
608,-775
608,-776
608,-777
607,-778
606,-779
606,-780
605,-781
605,-782
604,-783
604,-784
603,-785
603,-786
603,-787
602,-788
601,-789
600,-790
600,-791
600,-792
599,-793
599,-794
599,-795
598,-796
597,-797
597,-798
597,-799
596,-800
596,-801
595,-802
595,-803
595,-804
594,-805
594,-806
593,-807
592,-808
592,-809
592,-810
591,-811
590,-812
590,-813
590,-814
589,-815
589,-816
589,-817
588,-818
588,-819
587,-820
586,-821
586,-822
586,-823
585,-824
585,-825
585,-826
585,-827
584,-828
584,-829
583,-830
583,-831
582,-832
581,-832
580,-833
580,-834
580,-835
579,-836
578,-837
578,-838
578,-839
577,-840
577,-841
577,-842
576,-843
575,-843
574,-843
574,-844
573,-845
573,-846
572,-847
571,-847
570,-848
569,-849
568,-849
567,-850
566,-851
565,-852
564,-853
563,-854
562,-854
561,-855
560,-856
559,-856
558,-857
557,-858
556,-859
555,-859
554,-860
553,-861
552,-861
551,-862
550,-862
549,-863
548,-863
547,-864
546,-865
545,-865
544,-866
543,-867
542,-867
541,-867
540,-868
539,-868
538,-869
537,-870
536,-870
535,-871
534,-871
533,-872
532,-872
531,-873
530,-874
529,-875
528,-875
527,-876
526,-876
525,-877
524,-877
523,-878
522,-878
521,-879
520,-880
520,-881
520,-882
520,-883
520,-884
520,-885
521,-886
521,-887
522,-888
522,-889
523,-890
523,-891
523,-892
522,-893
521,-894
521,-895
521,-896
520,-897
519,-897
518,-897
517,-897
516,-897
515,-898
514,-899
513,-900
