411,-824
411,-825
411,-826
411,-827
411,-828
411,-829
411,-830
411,-831
411,-832
412,-833
413,-834
414,-834
415,-834
416,-835
416,-836
417,-837
418,-837
419,-837
420,-838
420,-839
421,-839
422,-839
423,-840
424,-840
425,-840
426,-840
427,-840
428,-840
429,-840
430,-840
431,-840
432,-840
433,-840
434,-840
435,-840
436,-840
437,-840
438,-840
439,-839
440,-839
441,-839
442,-839
443,-839
444,-839
445,-838
446,-838
447,-838
448,-838
449,-838
450,-838
451,-837
452,-837
453,-837
454,-837
455,-837
456,-836
457,-836
458,-836
459,-836
460,-835
461,-835
462,-835
463,-835
464,-834
465,-834
466,-833
467,-833
468,-833
469,-833
470,-833
471,-833
472,-832
473,-831
474,-831
475,-831
476,-831
477,-831
477,-830
478,-829
479,-829
480,-828
481,-828
482,-828
483,-827
484,-826
485,-826
486,-825
487,-825
488,-825
489,-824
490,-824
491,-824
492,-823
493,-822
494,-822
495,-822
496,-822
497,-822
498,-821
499,-821
500,-820
501,-820
502,-819
503,-819
504,-819
505,-819
506,-818
507,-818
508,-817
509,-817
510,-816
511,-816
512,-816
513,-816
514,-816
515,-816
516,-815
517,-815
518,-815
519,-815
520,-815
521,-815
522,-814
523,-814
524,-814
525,-813
526,-813
527,-812
528,-812
529,-812
530,-812
531,-812
532,-811
533,-811
534,-811
535,-811
536,-811
537,-811
538,-811
539,-810
540,-810
541,-810
542,-809
543,-808
544,-808
545,-808
546,-808
547,-808
548,-807
549,-807
550,-807
551,-807
552,-807
553,-807
554,-807
555,-806
556,-806
557,-805
558,-805
559,-805
560,-805
561,-805
562,-805
563,-805
564,-805
565,-805
566,-804
567,-804
568,-804
569,-803
570,-803
571,-803
572,-802
573,-802
574,-802
575,-802
576,-802
577,-802
578,-801
579,-801
580,-801
581,-801
582,-801
583,-800
584,-800
585,-800
586,-800
587,-799
588,-799
589,-799
590,-799
591,-798
592,-798
593,-797
594,-797
595,-797
596,-797
597,-797
598,-797
599,-796
600,-796
601,-796
602,-796
603,-795
604,-795
605,-795
606,-795
607,-795
608,-795
609,-794
610,-794
611,-794
612,-794
613,-793
614,-793
615,-792
616,-792
617,-792
618,-792
619,-792
620,-792
621,-792
622,-792
623,-792
624,-792
625,-792
626,-792
627,-793
628,-793
629,-793
630,-794
631,-794
632,-795
633,-795
634,-795
635,-795
636,-795
637,-795
638,-795
639,-795
640,-795
641,-795
642,-795
643,-795
644,-795
645,-795
646,-795
647,-795
648,-796
649,-796
650,-797
651,-798
651,-799
652,-800
653,-801
654,-801
655,-802
655,-803
656,-804
657,-805
657,-806
658,-807
659,-807
660,-808
660,-809
660,-810
661,-810
662,-811
663,-812
664,-813
664,-814
665,-815
665,-816
666,-816
667,-817
668,-818
669,-819
669,-820
670,-820
671,-821
672,-821
673,-822
673,-823
674,-824
675,-824
676,-824
677,-825
677,-826
677,-827
678,-828
679,-829
680,-829
681,-830
682,-830
683,-830
684,-831
685,-832
686,-833
686,-834
687,-834
688,-835
689,-835
690,-836
691,-837
692,-837
693,-838
694,-838
695,-838
696,-838
697,-839
697,-840
698,-840
699,-841
700,-842
701,-842
702,-842
703,-843
704,-843
705,-844
706,-845
707,-845
708,-845
709,-846
710,-846
711,-847
712,-847
713,-848
714,-848
715,-848
716,-848
717,-848
718,-849
718,-850
719,-850
720,-851
721,-851
722,-851
723,-852
724,-852
725,-853
726,-853
727,-853
728,-853
729,-854
730,-855
731,-855
732,-856
733,-856
734,-856
735,-856
736,-856
737,-857
738,-857
739,-858
740,-858
741,-858
742,-859
743,-859
744,-860
745,-860
746,-860
747,-861
748,-861
749,-861
750,-861
751,-861
752,-861
753,-862
754,-862
755,-862
756,-863
757,-863
758,-863
759,-863
760,-863
761,-864
762,-864
763,-864
764,-865
765,-865
766,-865
767,-865
768,-865
769,-865
770,-865
771,-865
772,-865
773,-865
774,-865
775,-865
776,-866
777,-866
778,-866
779,-866
780,-866
781,-866
782,-866
783,-867
784,-867
785,-867
786,-867
787,-868
788,-868
789,-868
790,-868
791,-868
792,-868
793,-868
794,-869
795,-869
796,-869
797,-869
798,-869
799,-869
800,-869
801,-869
802,-870
803,-870
804,-870
805,-870
806,-870
807,-870
808,-870
809,-870
810,-870
811,-870
812,-870
813,-870
814,-870
815,-870
816,-870
817,-870
818,-870
819,-870
820,-870
821,-870
822,-870
823,-870
824,-871
825,-871
826,-871
827,-871
828,-871
829,-871
830,-871
831,-870
832,-870
833,-870
834,-870
835,-870
836,-870
837,-870
838,-870
839,-870
840,-870
841,-870
842,-870
843,-870
844,-870
845,-870
846,-870
847,-869
848,-869
849,-869
850,-869
851,-869
852,-869
853,-869
854,-869
855,-869
856,-869
857,-868
858,-868
859,-868
860,-868
861,-868
862,-868
863,-868
864,-868
865,-867
866,-867
867,-867
868,-867
869,-867
870,-867
871,-866
872,-866
873,-866
874,-865
875,-865
876,-865
877,-865
878,-865
879,-864
880,-864
881,-864
882,-864
883,-864
884,-864
885,-864
886,-863
887,-863
888,-863
889,-863
890,-862
891,-862
892,-861
893,-861
894,-861
895,-861
896,-861
897,-861
898,-861
899,-860
900,-860
901,-859
902,-859
903,-858
904,-858
905,-858
906,-858
907,-858
908,-857
909,-857
910,-857
911,-856
912,-856
913,-856
914,-856
915,-855
916,-855
917,-854
918,-854
919,-854
920,-854
921,-853
922,-853
923,-853
924,-852
925,-852
926,-851
927,-851
928,-851
929,-850
930,-850
931,-849
932,-849
933,-849
934,-849
935,-849
936,-848
937,-848
938,-848
939,-847
940,-846
941,-846
942,-845
943,-845
944,-845
945,-844
946,-844
947,-844
948,-843
949,-843
950,-842
951,-842
952,-841
953,-841
954,-841
955,-840
956,-840
957,-839
957,-838
958,-837
959,-837
960,-837
961,-837
962,-837
963,-836
964,-836
965,-836
966,-835
967,-834
968,-833
969,-833
970,-833
971,-832
972,-832
973,-832
974,-831
975,-831
975,-830
975,-829
976,-828
977,-828
978,-828
979,-828
980,-828
981,-827
982,-827
982,-826
983,-825
984,-825
985,-824
986,-824
987,-823
988,-823
989,-822
990,-821
991,-820
992,-820
993,-819
994,-819
995,-819
996,-819
997,-818
998,-817
999,-816
1000,-816
1001,-815
1002,-815
1002,-814
1002,-813
1002,-812
1003,-811
1004,-811
1005,-811
1006,-811
1007,-811
1008,-810
1009,-810
1010,-809
1011,-809
1011,-808
1011,-807
1012,-806
1013,-806
1014,-805
1015,-805
1016,-805
1017,-805
1018,-805
1019,-804
1020,-803
1021,-802
1022,-802
1023,-802
1024,-801
1025,-800
1026,-800
1027,-799
1028,-799
1029,-798
1030,-797
1031,-797
1032,-797
1033,-796
1033,-795
1034,-794
1035,-793
1036,-792
1037,-792
1038,-792
1039,-792
1039,-791
1040,-790
1041,-790
1042,-790
1042,-789
1043,-788
1044,-788
1045,-787
1046,-786
1046,-785
1047,-784
1048,-784
1049,-784
1050,-784
1051,-783
1052,-782
1053,-781
1054,-781
1055,-781
1056,-780
1057,-779
1058,-779
1059,-778
1060,-778
1061,-778
1062,-777
1063,-776
1063,-775
1064,-774
1065,-773
1066,-773
1067,-773
1068,-773
1069,-773
1070,-773
1070,-772
1070,-771
1071,-770
1072,-769
1073,-768
1074,-767
1075,-767
1076,-767
1077,-767
1077,-766
1078,-765
1079,-764
1080,-764
1081,-763
1082,-763
1083,-763
1083,-762
1083,-761
1084,-760
1085,-760
1086,-760
1086,-759
1087,-758
1088,-758
1088,-757
1088,-756
1088,-755
1089,-754
1090,-754
1090,-753
1090,-752
1090,-751
1090,-750
1089,-749
1089,-748
1089,-747
1090,-746
1090,-745
1091,-744
1091,-743
1091,-742
1091,-741
1091,-740
1091,-739
1091,-738
1090,-737
1089,-736
1088,-735
1088,-734
1087,-734
1086,-733
1085,-732
1084,-731
1083,-731
1082,-730
1081,-729
1080,-728
1079,-728
1078,-727
1077,-726
1076,-726
1075,-725
1075,-724
1074,-724
1073,-723
1072,-722
1071,-721
1070,-720
1069,-719
1068,-718
1067,-718
1066,-717
1065,-716
1064,-715
1063,-715
1062,-714
1061,-713
1060,-712
1059,-712
1058,-711
1057,-710
1056,-710
1055,-709
1054,-708
1053,-708
1052,-707
1051,-706
1050,-705
1049,-705
1048,-704
1047,-703
1046,-703
1045,-702
1044,-701
1043,-700
1042,-699
1041,-699
1040,-698
1039,-697
1038,-696
1037,-696
1036,-695
1035,-694
1034,-693
1033,-693
1032,-692
1031,-692
1030,-691
1029,-691
1028,-690
1027,-689
1026,-688
1025,-688
1024,-687
1023,-687
1022,-686
1021,-685
1020,-685
1019,-684
1018,-684
1017,-683
1016,-683
1015,-682
1014,-682
1013,-681
1012,-680
1011,-679
1010,-679
1009,-679
1008,-678
1007,-677
1006,-676
1005,-676
1004,-676
1003,-675
1002,-674
1001,-674
1000,-673
999,-673
998,-672
997,-671
996,-671
995,-670
994,-669
993,-669
992,-668
991,-668
990,-667
989,-667
988,-666
987,-666
986,-665
985,-665
984,-664
983,-663
982,-663
981,-662
980,-662
979,-661
978,-661
977,-660
976,-660
975,-660
974,-659
973,-659
972,-658
971,-658
970,-657
969,-657
968,-656
967,-656
966,-656
965,-655
964,-655
963,-654
962,-653
961,-653
960,-653
959,-652
958,-652
957,-651
956,-651
955,-651
954,-650
953,-650
952,-649
951,-649
950,-649
949,-648
948,-648
947,-647
946,-647
945,-647
944,-646
943,-646
942,-646
941,-645
940,-645
939,-645
938,-644
937,-644
936,-644
935,-643
934,-643
933,-643
932,-643
931,-643
930,-642
929,-642
928,-642
927,-641
926,-641
925,-641
924,-641
923,-641
922,-640
921,-640
920,-640
919,-640
918,-639
917,-639
916,-639
915,-639
914,-638
913,-638
912,-638
911,-638
910,-638
909,-637
908,-637
907,-637
906,-636
905,-636
904,-636
903,-636
902,-636
901,-636
900,-636
899,-636
898,-635
897,-635
896,-635
895,-635
894,-635
893,-635
892,-634
891,-634
890,-634
889,-634
888,-634
887,-634
886,-633
885,-633
884,-633
883,-633
882,-633
881,-633
880,-633
879,-632
878,-632
877,-632
876,-632
875,-632
874,-632
873,-632
872,-632
871,-632
870,-632
869,-632
868,-631
867,-631
866,-631
865,-631
864,-631
863,-631
862,-631
861,-631
860,-631
859,-631
858,-630
857,-630
856,-630
855,-630
854,-630
853,-630
852,-630
851,-630
850,-630
849,-630
848,-630
847,-630
846,-630
845,-630
844,-630
843,-630
842,-630
841,-630
840,-630
839,-630
838,-631
837,-631
836,-631
835,-631
834,-631
833,-631
832,-631
831,-631
830,-632
829,-632
828,-632
827,-632
826,-632
825,-632
824,-632
823,-632
822,-633
821,-633
820,-633
819,-633
818,-633
817,-633
816,-633
815,-633
814,-633
813,-634
812,-634
811,-634
810,-634
809,-634
808,-634
807,-634
806,-635
805,-635
804,-635
803,-635
802,-635
801,-635
800,-635
799,-635
798,-635
797,-635
796,-635
795,-635
794,-636
793,-636
792,-636
791,-636
790,-636
789,-636
788,-636
787,-637
786,-637
785,-637
784,-637
783,-638
782,-638
781,-638
780,-639
779,-639
778,-639
777,-639
776,-640
775,-640
774,-640
773,-640
772,-641
771,-641
770,-641
769,-641
768,-642
767,-642
766,-643
765,-643
764,-643
763,-643
762,-644
761,-644
760,-644
759,-645
758,-645
757,-646
756,-646
755,-646
754,-647
753,-647
752,-648
751,-648
750,-648
749,-648
748,-649
747,-649
746,-650
745,-650
744,-651
743,-651
742,-651
741,-652
740,-652
739,-652
738,-653
737,-654
736,-654
735,-654
734,-655
733,-655
732,-656
731,-656
730,-657
729,-657
728,-658
727,-658
726,-659
725,-659
724,-660
723,-660
722,-660
721,-661
720,-661
719,-662
718,-662
717,-663
716,-663
715,-664
714,-664
713,-665
712,-665
711,-666
710,-666
709,-667
708,-667
707,-668
706,-669
705,-670
704,-670
703,-670
702,-671
701,-672
700,-673
699,-673
698,-673
697,-674
696,-675
695,-675
694,-676
693,-677
692,-678
691,-678
690,-679
689,-679
688,-680
687,-680
686,-681
685,-682
684,-683
683,-683
682,-683
681,-684
680,-685
679,-686
678,-686
677,-687
676,-688
675,-689
674,-689
673,-690
672,-691
671,-692
670,-692
669,-693
668,-694
667,-695
666,-696
665,-697
665,-698
664,-699
663,-699
663,-700
662,-701
661,-702
660,-703
659,-703
659,-704
658,-705
657,-705
657,-706
656,-707
655,-708
654,-708
653,-709
652,-710
651,-711
650,-712
650,-713
649,-714
648,-714
647,-715
646,-715
645,-716
644,-717
643,-718
642,-719
641,-720
640,-721
639,-721
638,-721
637,-722
636,-723
635,-724
634,-724
633,-725
632,-725
631,-726
630,-727
629,-727
628,-728
627,-729
626,-730
625,-731
624,-731
623,-732
622,-732
621,-733
620,-733
619,-734
618,-735
617,-735
616,-736
615,-736
614,-737
613,-737
612,-738
611,-738
610,-739
609,-739
608,-740
607,-740
606,-741
605,-741
604,-742
603,-742
602,-743
601,-743
600,-744
599,-744
598,-744
597,-745
596,-745
595,-746
594,-746
593,-746
592,-747
591,-747
590,-747
589,-748
588,-748
587,-748
586,-749
585,-749
584,-749
583,-750
582,-750
581,-750
580,-750
579,-751
578,-751
577,-752
576,-752
575,-752
574,-753
573,-753
572,-753
571,-754
570,-754
569,-754
568,-755
567,-755
566,-756
565,-756
564,-757
563,-757
562,-757
561,-758
560,-758
559,-759
558,-759
557,-759
556,-760
555,-760
554,-761
553,-761
552,-761
551,-762
550,-762
549,-762
548,-763
547,-763
546,-763
545,-764
544,-764
543,-765
542,-765
541,-765
540,-765
539,-766
538,-766
537,-766
536,-767
535,-767
534,-768
533,-769
532,-769
531,-769
530,-769
529,-769
528,-769
527,-770
526,-770
525,-771
524,-771
523,-771
522,-772
521,-772
520,-773
519,-773
518,-774
517,-774
516,-774
515,-775
514,-775
513,-776
512,-776
511,-776
510,-777
509,-777
508,-778
507,-778
506,-779
505,-779
504,-779
503,-780
502,-780
501,-781
500,-781
499,-782
498,-782
497,-782
496,-783
495,-783
494,-784
493,-784
492,-784
491,-785
490,-785
489,-785
488,-786
487,-786
486,-787
485,-787
484,-788
483,-788
482,-788
481,-789
480,-789
479,-790
478,-790
477,-790
476,-790
475,-791
474,-791
473,-791
472,-792
471,-792
470,-792
469,-793
468,-793
467,-793
466,-794
465,-794
464,-794
463,-794
462,-795
461,-795
460,-796
459,-796
458,-796
457,-797
456,-797
455,-798
454,-798
453,-798
452,-799
451,-799
450,-799
449,-800
448,-800
447,-800
446,-801
445,-801
444,-801
443,-801
442,-802
441,-802
440,-802
439,-802
438,-803
437,-803
436,-803
435,-803
434,-804
433,-804
432,-804
431,-805
430,-805
429,-805
428,-806
427,-806
426,-807
425,-807
424,-807
423,-807
422,-808
421,-808
420,-809
419,-809
418,-810
417,-811
417,-812
417,-813
416,-814
416,-815
416,-816
416,-817
416,-818
415,-819
414,-820
413,-820
413,-821
413,-822
413,-823
412,-824
411,-824
