437,-827
437,-828
437,-829
437,-830
437,-831
437,-832
437,-833
437,-834
437,-835
438,-835
439,-835
440,-835
441,-835
442,-835
443,-836
444,-836
445,-836
446,-837
447,-837
448,-838
448,-839
449,-839
450,-839
451,-839
452,-839
453,-839
454,-839
455,-840
456,-840
457,-840
458,-840
459,-840
460,-840
461,-841
462,-842
463,-842
464,-843
465,-843
466,-843
467,-843
468,-843
469,-842
470,-841
471,-841
472,-841
473,-841
474,-841
475,-841
476,-841
477,-841
478,-841
479,-840
480,-840
481,-840
482,-840
483,-840
484,-840
485,-840
486,-840
487,-840
488,-840
489,-840
490,-840
491,-840
492,-840
493,-840
494,-840
495,-839
496,-839
497,-839
498,-840
499,-840
500,-840
501,-840
502,-840
503,-840
504,-840
505,-839
506,-839
507,-839
508,-839
509,-840
510,-840
511,-840
512,-840
513,-840
514,-840
515,-840
516,-840
517,-839
518,-839
519,-839
520,-839
521,-839
522,-839
523,-839
524,-839
525,-839
526,-839
527,-839
528,-839
529,-839
530,-839
531,-839
532,-839
533,-839
534,-839
535,-839
536,-839
537,-839
538,-839
539,-839
540,-839
541,-839
542,-839
543,-839
544,-839
545,-839
546,-839
547,-839
548,-839
549,-839
550,-839
551,-839
552,-839
553,-839
554,-839
555,-839
556,-839
557,-839
558,-839
559,-839
560,-839
561,-839
562,-839
563,-839
564,-839
565,-839
566,-839
567,-839
568,-840
569,-840
570,-840
571,-840
572,-840
573,-840
574,-840
575,-839
576,-839
577,-839
578,-839
579,-839
580,-839
581,-839
582,-839
583,-839
584,-839
585,-839
586,-839
587,-839
588,-839
589,-838
590,-838
591,-838
592,-838
593,-838
594,-838
595,-838
596,-838
597,-838
598,-838
599,-838
600,-838
601,-838
602,-838
603,-838
604,-837
605,-837
606,-837
607,-837
608,-837
609,-837
610,-837
611,-837
612,-837
613,-836
614,-836
615,-836
616,-836
617,-836
618,-836
619,-836
620,-836
621,-836
622,-836
623,-836
624,-836
625,-836
626,-835
627,-835
628,-835
629,-835
630,-835
631,-834
632,-834
633,-834
634,-834
635,-834
636,-834
637,-833
638,-833
639,-833
640,-833
641,-833
642,-832
643,-832
644,-832
645,-832
646,-831
647,-831
648,-831
649,-831
650,-830
651,-830
652,-830
653,-830
654,-830
655,-830
656,-830
657,-830
658,-830
659,-829
660,-829
661,-828
662,-828
663,-828
664,-828
665,-827
666,-827
667,-827
668,-827
669,-827
670,-827
671,-827
672,-827
673,-827
674,-827
675,-827
676,-827
677,-827
678,-827
679,-827
680,-827
681,-827
682,-827
683,-827
684,-827
685,-827
686,-827
687,-827
688,-828
689,-828
690,-828
691,-828
692,-828
693,-829
694,-830
695,-830
696,-830
697,-830
698,-830
699,-830
700,-831
701,-831
702,-831
703,-831
704,-832
704,-833
705,-833
706,-833
707,-833
708,-834
709,-835
710,-836
711,-837
712,-837
713,-838
713,-839
714,-839
715,-839
716,-840
716,-841
717,-842
717,-843
718,-843
719,-843
720,-843
721,-844
722,-844
723,-845
724,-846
725,-847
726,-847
727,-848
727,-849
728,-849
729,-849
730,-850
731,-851
732,-851
733,-851
734,-852
735,-852
736,-853
737,-853
738,-853
739,-853
740,-854
741,-854
742,-855
742,-856
742,-857
743,-858
743,-859
744,-860
745,-861
746,-861
747,-861
748,-861
749,-861
750,-861
751,-861
752,-861
753,-861
754,-861
755,-862
756,-862
757,-862
758,-862
759,-862
760,-862
761,-862
762,-862
763,-862
764,-862
765,-862
766,-862
767,-862
768,-863
769,-863
770,-863
771,-863
772,-863
773,-863
774,-863
775,-863
776,-863
777,-863
778,-863
779,-863
780,-863
781,-863
782,-863
783,-863
784,-863
785,-862
786,-862
787,-862
788,-862
789,-862
790,-861
791,-861
792,-861
793,-861
794,-861
795,-861
796,-861
797,-861
797,-860
797,-859
798,-858
799,-858
800,-858
801,-858
802,-858
803,-858
804,-858
805,-858
805,-857
806,-856
807,-855
808,-855
809,-855
810,-855
811,-855
812,-854
813,-853
814,-853
815,-853
816,-853
817,-853
818,-853
819,-853
820,-852
820,-851
821,-850
822,-850
823,-850
824,-850
825,-849
826,-849
827,-848
828,-848
829,-848
830,-847
831,-846
832,-846
833,-846
834,-846
835,-846
835,-845
836,-844
837,-844
838,-844
839,-843
840,-843
841,-843
842,-842
843,-841
844,-841
845,-841
846,-841
847,-840
848,-839
849,-839
850,-839
851,-839
851,-838
852,-837
853,-837
854,-837
855,-837
856,-836
857,-835
858,-835
859,-835
860,-834
861,-834
862,-834
863,-833
864,-833
865,-832
866,-832
867,-832
868,-831
869,-830
870,-830
871,-830
872,-830
873,-829
874,-829
875,-828
876,-828
877,-827
878,-827
879,-827
880,-826
881,-826
882,-826
883,-825
884,-824
885,-824
886,-824
887,-823
888,-823
889,-823
890,-822
891,-822
892,-821
893,-821
894,-820
895,-820
896,-819
897,-819
898,-818
899,-818
900,-817
901,-817
902,-816
903,-816
904,-815
905,-815
906,-814
907,-813
908,-813
909,-812
910,-812
911,-811
912,-811
913,-810
914,-810
914,-809
915,-808
916,-808
917,-807
918,-807
919,-807
920,-806
921,-806
922,-805
923,-804
924,-804
925,-803
926,-803
927,-802
928,-802
929,-801
930,-800
931,-800
932,-799
933,-799
934,-798
935,-797
936,-797
936,-796
937,-795
938,-795
939,-795
940,-795
941,-795
941,-794
942,-793
943,-792
944,-792
945,-791
946,-791
947,-790
948,-790
948,-789
949,-788
950,-787
951,-786
952,-786
953,-785
954,-785
955,-784
956,-783
957,-782
958,-782
959,-781
960,-780
961,-779
962,-778
963,-778
963,-777
964,-776
965,-776
966,-776
967,-775
968,-775
968,-774
969,-773
970,-772
971,-771
972,-770
972,-769
973,-768
974,-768
975,-767
976,-767
977,-766
977,-765
978,-764
979,-764
980,-763
981,-762
982,-761
983,-760
984,-760
984,-759
985,-758
986,-757
987,-756
988,-756
989,-755
990,-754
990,-753
991,-752
992,-751
993,-751
994,-750
994,-749
995,-748
996,-748
997,-747
998,-746
999,-745
1000,-744
1001,-743
1002,-742
1003,-741
1004,-740
1005,-739
1006,-738
1007,-737
1008,-736
1008,-735
1009,-734
1010,-733
1011,-732
1012,-731
1012,-730
1013,-729
1014,-728
1015,-727
1016,-726
1017,-725
1018,-724
1019,-723
1020,-723
1020,-722
1020,-721
1021,-720
1022,-720
1023,-719
1024,-719
1025,-718
1025,-717
1026,-716
1027,-716
1027,-715
1028,-714
1029,-713
1030,-712
1031,-711
1032,-711
1032,-710
1033,-709
1034,-708
1035,-707
1036,-706
1037,-706
1037,-705
1038,-704
1039,-703
1040,-703
1040,-702
1040,-701
1041,-700
1042,-700
1042,-699
1043,-698
1044,-698
1045,-698
1046,-698
1046,-697
1046,-696
1047,-695
1047,-694
1048,-693
1049,-693
1050,-692
1050,-691
1050,-690
1051,-689
1052,-689
1052,-688
1052,-687
1053,-686
1054,-686
1055,-686
1056,-685
1057,-685
1057,-684
1057,-683
1057,-682
1058,-681
1059,-680
1059,-679
1060,-678
1061,-678
1061,-677
1061,-676
1061,-675
1062,-674
1063,-674
1063,-673
1063,-672
1063,-671
1063,-670
1063,-669
1064,-668
1064,-667
1064,-666
1064,-665
1064,-664
1064,-663
1064,-662
1063,-661
1063,-660
1063,-659
1063,-658
1062,-657
1061,-657
1060,-657
1059,-656
1058,-656
1057,-655
1056,-655
1055,-655
1054,-655
1053,-654
1052,-654
1051,-654
1050,-653
1049,-653
1048,-653
1047,-653
1046,-652
1045,-652
1044,-652
1043,-652
1042,-651
1041,-651
1040,-651
1039,-651
1038,-650
1037,-650
1036,-650
1035,-650
1034,-650
1033,-649
1032,-649
1031,-649
1030,-649
1029,-648
1028,-648
1027,-648
1026,-648
1025,-648
1024,-648
1023,-648
1022,-648
1021,-648
1020,-647
1019,-647
1018,-647
1017,-647
1016,-647
1015,-646
1014,-646
1013,-646
1012,-646
1011,-646
1010,-646
1009,-646
1008,-645
1007,-645
1006,-645
1005,-645
1004,-645
1003,-645
1002,-645
1001,-645
1000,-645
999,-645
998,-644
997,-644
996,-644
995,-644
994,-644
993,-644
992,-643
991,-643
990,-643
989,-643
988,-643
987,-643
986,-643
985,-642
984,-642
983,-642
982,-642
981,-642
980,-642
979,-642
978,-642
977,-642
976,-642
975,-642
974,-642
973,-642
972,-642
971,-642
970,-641
969,-641
968,-641
967,-640
966,-640
965,-640
964,-640
963,-640
962,-640
961,-640
960,-640
959,-640
958,-640
957,-640
956,-640
955,-641
954,-641
953,-641
952,-641
951,-641
950,-641
949,-641
948,-641
947,-641
946,-640
945,-639
944,-639
943,-639
942,-639
941,-639
940,-639
939,-639
938,-639
937,-639
936,-639
935,-639
934,-639
933,-639
932,-639
931,-639
930,-639
929,-639
928,-639
927,-639
926,-639
925,-639
924,-639
923,-639
922,-639
921,-639
920,-639
919,-639
918,-639
917,-639
916,-639
915,-639
914,-639
913,-639
912,-639
911,-639
910,-639
909,-640
908,-640
907,-640
906,-641
905,-641
904,-641
903,-641
902,-641
901,-641
900,-641
899,-641
898,-641
897,-641
896,-641
895,-641
894,-641
893,-641
892,-641
891,-642
890,-642
889,-642
888,-642
887,-642
886,-642
885,-642
884,-643
883,-643
882,-643
881,-643
880,-644
879,-644
878,-644
877,-644
876,-644
875,-645
874,-645
873,-645
872,-645
871,-645
870,-646
869,-646
868,-646
867,-647
866,-647
865,-647
864,-647
863,-647
862,-648
861,-648
860,-648
859,-649
858,-649
857,-649
856,-649
855,-649
854,-650
853,-650
852,-650
851,-650
850,-651
849,-651
848,-651
847,-651
846,-652
845,-652
844,-653
843,-653
842,-654
841,-654
840,-654
839,-654
838,-655
837,-655
836,-656
835,-656
834,-656
833,-657
832,-658
831,-658
830,-658
829,-658
828,-658
827,-659
826,-660
825,-660
824,-661
823,-661
822,-662
821,-662
820,-662
819,-663
818,-663
817,-663
816,-664
815,-664
814,-665
813,-665
812,-666
811,-666
810,-667
809,-667
808,-668
807,-668
806,-669
805,-670
804,-670
803,-670
802,-671
801,-672
800,-672
799,-673
798,-674
797,-674
796,-675
795,-675
794,-676
793,-677
792,-677
791,-677
790,-678
789,-678
788,-679
787,-680
786,-680
785,-681
784,-681
783,-682
782,-682
781,-682
780,-683
779,-684
778,-684
777,-685
776,-685
775,-686
774,-686
773,-687
772,-687
771,-688
770,-689
769,-689
768,-690
767,-690
767,-691
766,-692
765,-692
764,-693
763,-694
762,-694
761,-694
760,-695
759,-695
758,-696
757,-696
757,-697
756,-698
755,-698
754,-699
753,-700
752,-700
751,-701
750,-701
750,-702
749,-703
748,-703
747,-704
746,-705
745,-706
744,-706
743,-707
742,-708
741,-709
740,-710
739,-710
738,-711
737,-712
736,-713
735,-714
734,-715
733,-715
732,-716
731,-717
730,-718
729,-719
728,-719
727,-720
726,-721
726,-722
725,-723
724,-724
723,-725
722,-726
722,-727
721,-728
720,-728
720,-729
719,-730
718,-731
717,-732
716,-733
715,-734
714,-735
713,-736
712,-737
711,-738
711,-739
710,-740
709,-741
708,-742
707,-743
707,-744
706,-745
705,-746
705,-747
704,-748
703,-749
703,-750
702,-751
702,-752
701,-753
700,-754
700,-755
699,-756
699,-757
699,-758
699,-759
699,-760
698,-761
697,-762
696,-762
695,-763
694,-764
693,-765
692,-766
692,-767
691,-768
690,-769
689,-770
688,-771
687,-772
686,-773
685,-773
684,-774
683,-775
682,-775
681,-775
680,-776
679,-777
678,-777
677,-777
676,-778
675,-778
674,-779
673,-779
672,-780
671,-780
670,-781
669,-781
668,-782
667,-782
666,-783
665,-783
664,-784
663,-784
662,-785
661,-785
660,-786
659,-787
658,-787
657,-788
656,-788
655,-788
654,-789
653,-789
652,-790
651,-790
650,-791
649,-791
648,-792
647,-792
646,-792
645,-793
644,-793
643,-794
642,-794
641,-794
640,-795
639,-795
638,-795
637,-795
636,-796
635,-796
634,-796
633,-797
632,-797
631,-798
630,-798
629,-798
628,-799
627,-799
626,-799
625,-800
624,-800
623,-800
622,-800
621,-801
620,-801
619,-801
618,-801
617,-801
616,-801
615,-802
614,-802
613,-802
612,-803
611,-803
610,-803
609,-803
608,-803
607,-804
606,-804
605,-804
604,-804
603,-804
602,-804
601,-804
600,-805
599,-805
598,-805
597,-805
596,-805
595,-805
594,-805
593,-805
592,-805
591,-805
590,-805
589,-805
588,-806
587,-806
586,-806
585,-806
584,-806
583,-806
582,-806
581,-806
580,-806
579,-806
578,-806
577,-806
576,-806
575,-806
574,-806
573,-806
572,-806
571,-806
570,-805
569,-805
568,-805
567,-805
566,-805
565,-805
564,-805
563,-805
562,-805
561,-805
560,-805
559,-805
558,-805
557,-805
556,-805
555,-805
554,-805
553,-805
552,-805
551,-805
550,-805
549,-805
548,-805
547,-805
546,-805
545,-805
544,-805
543,-805
542,-805
541,-805
540,-805
539,-805
538,-805
537,-805
536,-806
535,-806
534,-806
533,-806
532,-806
531,-806
530,-806
529,-806
529,-807
529,-808
529,-809
529,-810
528,-811
527,-812
526,-813
526,-814
526,-815
526,-816
526,-817
526,-818
526,-819
525,-820
524,-820
523,-820
522,-820
521,-820
520,-820
519,-820
518,-820
517,-820
516,-819
515,-819
514,-819
513,-819
512,-819
511,-819
510,-819
509,-819
508,-819
507,-819
506,-819
505,-819
504,-819
503,-819
502,-819
501,-819
500,-820
499,-820
498,-820
497,-820
496,-820
495,-819
494,-819
493,-819
492,-819
491,-819
490,-819
489,-819
488,-819
487,-819
486,-819
485,-819
484,-820
483,-820
482,-821
481,-821
480,-821
479,-821
478,-822
477,-822
476,-823
475,-824
474,-824
473,-824
472,-824
471,-824
470,-824
469,-825
468,-825
468,-826
467,-827
466,-827
465,-827
464,-827
463,-827
462,-828
461,-828
460,-828
459,-828
458,-828
457,-828
456,-828
455,-828
454,-828
453,-828
452,-828
451,-829
450,-829
449,-829
448,-829
447,-829
446,-828
445,-828
444,-827
443,-827
442,-827
441,-827
440,-827
439,-827
438,-827
437,-827
