580,-381
580,-382
580,-383
580,-384
580,-385
580,-386
580,-387
580,-388
580,-389
580,-390
581,-391
581,-392
581,-393
581,-394
582,-395
582,-396
583,-397
583,-398
583,-399
584,-400
584,-401
584,-402
584,-403
585,-404
585,-405
585,-406
585,-407
586,-408
586,-409
586,-410
587,-411
588,-412
588,-413
588,-414
588,-415
588,-416
589,-417
589,-418
590,-419
590,-420
590,-421
590,-422
591,-423
591,-424
592,-425
592,-426
592,-427
592,-428
593,-429
593,-430
593,-431
593,-432
594,-433
594,-434
594,-435
595,-435
596,-436
596,-437
596,-438
596,-439
597,-440
597,-441
597,-442
598,-443
598,-444
599,-445
599,-446
600,-447
600,-448
600,-449
601,-450
601,-451
601,-452
602,-453
602,-454
603,-455
603,-456
604,-457
604,-458
604,-459
604,-460
605,-460
606,-461
606,-462
606,-463
606,-464
606,-465
607,-466
607,-467
608,-468
609,-469
609,-470
609,-471
609,-472
610,-473
611,-474
611,-475
611,-476
612,-477
612,-478
612,-479
613,-480
613,-481
613,-482
613,-483
614,-483
615,-484
615,-485
615,-486
616,-487
616,-488
617,-489
617,-490
617,-491
618,-492
619,-493
619,-494
619,-495
620,-496
620,-497
621,-498
621,-499
622,-500
622,-501
622,-502
622,-503
623,-504
624,-505
624,-506
625,-507
625,-508
625,-509
625,-510
626,-511
626,-512
627,-513
627,-514
627,-515
628,-516
628,-517
628,-518
629,-519
630,-520
630,-521
630,-522
631,-523
631,-524
632,-525
632,-526
632,-527
632,-528
633,-529
634,-530
634,-531
634,-532
635,-533
635,-534
635,-535
636,-536
636,-537
636,-538
637,-539
637,-540
637,-541
638,-542
639,-543
639,-544
639,-545
640,-546
640,-547
640,-548
641,-549
641,-550
641,-551
642,-552
642,-553
643,-554
643,-555
643,-556
643,-557
643,-558
644,-559
644,-560
644,-561
645,-562
645,-563
646,-564
646,-565
647,-566
647,-567
647,-568
648,-569
648,-570
648,-571
648,-572
649,-573
649,-574
649,-575
649,-576
650,-577
650,-578
650,-579
651,-580
651,-581
652,-582
653,-583
653,-584
653,-585
653,-586
654,-587
654,-588
654,-589
654,-590
655,-591
655,-592
655,-593
655,-594
656,-595
657,-596
658,-597
658,-598
658,-599
658,-600
658,-601
658,-602
658,-603
658,-604
659,-605
659,-606
659,-607
659,-608
659,-609
659,-610
659,-611
660,-611
661,-612
661,-613
661,-614
661,-615
661,-616
660,-617
660,-618
660,-619
659,-620
659,-621
659,-622
659,-623
659,-624
659,-625
659,-626
659,-627
658,-628
658,-629
658,-630
658,-631
658,-632
658,-633
658,-634
658,-635
658,-636
658,-637
658,-638
658,-639
658,-640
658,-641
658,-642
658,-643
657,-644
657,-645
657,-646
657,-647
657,-648
657,-649
657,-650
658,-651
658,-652
658,-653
658,-654
658,-655
658,-656
658,-657
658,-658
658,-659
658,-660
658,-661
657,-662
657,-663
656,-664
655,-665
655,-666
654,-667
653,-668
652,-669
652,-670
652,-671
651,-672
650,-673
649,-674
649,-675
649,-676
648,-677
648,-678
647,-679
646,-680
646,-681
646,-682
645,-683
645,-684
644,-685
644,-686
644,-687
643,-688
643,-689
642,-690
642,-691
642,-692
642,-693
642,-694
641,-695
640,-696
640,-697
640,-698
640,-699
640,-700
640,-701
639,-702
639,-703
638,-704
638,-705
637,-706
637,-707
637,-708
637,-709
637,-710
637,-711
637,-712
637,-713
636,-714
636,-715
636,-716
636,-717
636,-718
636,-719
635,-720
635,-721
635,-722
635,-723
635,-724
635,-725
635,-726
634,-727
634,-728
634,-729
634,-730
634,-731
634,-732
634,-733
634,-734
634,-735
634,-736
634,-737
634,-738
634,-739
634,-740
634,-741
634,-742
634,-743
634,-744
634,-745
634,-746
634,-747
634,-748
634,-749
634,-750
634,-751
634,-752
634,-753
634,-754
634,-755
634,-756
634,-757
634,-758
635,-759
635,-760
635,-761
635,-762
635,-763
635,-764
635,-765
635,-766
635,-767
635,-768
635,-769
635,-770
635,-771
636,-772
636,-773
636,-774
636,-775
637,-776
637,-777
637,-778
637,-779
637,-780
637,-781
637,-782
637,-783
637,-784
637,-785
637,-786
638,-787
638,-788
638,-789
638,-790
638,-791
638,-792
638,-793
639,-794
639,-795
639,-796
640,-797
640,-798
640,-799
640,-800
641,-801
641,-802
641,-803
641,-804
642,-805
642,-806
642,-807
642,-808
642,-809
642,-810
642,-811
643,-812
643,-813
643,-814
643,-815
643,-816
643,-817
643,-818
644,-819
644,-820
644,-821
644,-822
644,-823
644,-824
645,-825
645,-826
645,-827
645,-828
645,-829
646,-830
646,-831
646,-832
646,-833
646,-834
647,-835
647,-836
647,-837
648,-838
648,-839
648,-840
648,-841
648,-842
648,-843
649,-844
649,-845
650,-846
650,-847
650,-848
650,-849
651,-850
651,-851
652,-852
652,-853
652,-854
652,-855
653,-856
653,-857
653,-858
653,-859
653,-860
654,-861
654,-862
655,-863
655,-864
655,-865
656,-866
656,-867
656,-868
657,-869
657,-870
657,-871
657,-872
658,-873
658,-874
658,-875
658,-876
659,-877
659,-878
660,-879
660,-880
661,-881
661,-882
661,-883
661,-884
662,-885
662,-886
663,-886
664,-887
664,-888
664,-889
664,-890
665,-891
665,-892
666,-893
666,-894
666,-895
667,-896
667,-897
668,-898
668,-899
668,-900
669,-901
669,-902
669,-903
670,-904
670,-905
671,-906
671,-907
672,-908
673,-909
673,-910
673,-911
674,-912
674,-913
675,-914
675,-915
676,-916
676,-917
677,-918
678,-919
678,-920
679,-920
680,-921
680,-922
681,-923
681,-924
682,-925
683,-926
684,-927
685,-928
686,-929
686,-930
687,-931
688,-932
688,-933
689,-934
690,-935
690,-936
691,-937
691,-938
692,-939
693,-940
693,-941
693,-942
694,-943
695,-943
696,-944
696,-945
696,-946
697,-946
698,-947
698,-948
699,-949
699,-950
700,-951
700,-952
701,-952
702,-953
702,-954
703,-955
704,-956
704,-957
704,-958
705,-958
706,-959
706,-960
707,-961
708,-962
708,-963
709,-964
710,-965
711,-966
711,-967
712,-968
713,-969
713,-970
714,-971
715,-972
716,-972
717,-973
717,-974
718,-975
718,-976
719,-977
719,-978
720,-978
721,-979
722,-980
722,-981
723,-982
724,-983
724,-984
725,-985
726,-985
727,-986
728,-987
728,-988
729,-989
730,-990
731,-991
732,-992
732,-993
733,-993
734,-994
735,-995
735,-996
736,-997
737,-998
738,-999
739,-1000
739,-1001
740,-1002
741,-1002
742,-1003
743,-1004
744,-1005
744,-1006
745,-1007
746,-1008
747,-1009
748,-1010
749,-1011
750,-1012
751,-1013
752,-1014
753,-1014
754,-1015
754,-1016
755,-1017
756,-1017
757,-1018
758,-1019
759,-1020
759,-1021
760,-1021
761,-1022
762,-1023
762,-1024
763,-1025
764,-1026
765,-1026
766,-1027
767,-1028
768,-1029
768,-1030
769,-1030
770,-1031
770,-1032
771,-1033
772,-1034
773,-1034
774,-1035
775,-1035
776,-1036
776,-1037
777,-1038
778,-1039
779,-1040
780,-1041
781,-1042
782,-1043
783,-1044
784,-1045
785,-1045
786,-1046
787,-1047
788,-1048
789,-1049
790,-1050
791,-1050
792,-1051
793,-1052
794,-1052
795,-1053
796,-1053
797,-1054
797,-1055
798,-1056
799,-1057
800,-1057
801,-1058
802,-1059
803,-1060
804,-1061
805,-1062
806,-1062
807,-1063
808,-1063
809,-1064
809,-1065
810,-1065
811,-1066
811,-1067
812,-1068
813,-1068
814,-1068
815,-1069
816,-1070
817,-1071
818,-1072
819,-1073
820,-1074
821,-1075
821,-1076
822,-1077
823,-1077
824,-1078
825,-1079
825,-1080
826,-1081
827,-1082
828,-1083
829,-1084
829,-1085
829,-1086
828,-1087
828,-1088
828,-1089
828,-1090
828,-1091
828,-1092
829,-1093
830,-1094
830,-1095
830,-1096
830,-1097
830,-1098
830,-1099
831,-1099
832,-1099
833,-1100
833,-1101
834,-1101
835,-1102
835,-1103
836,-1103
837,-1103
838,-1103
839,-1104
839,-1105
839,-1106
840,-1106
841,-1107
842,-1108
843,-1108
844,-1109
845,-1110
846,-1110
847,-1111
847,-1112
848,-1112
849,-1112
850,-1113
851,-1113
852,-1114
853,-1115
854,-1115
855,-1116
856,-1116
857,-1117
858,-1117
859,-1118
860,-1119
861,-1120
862,-1121
863,-1121
864,-1122
865,-1123
865,-1124
866,-1124
867,-1125
868,-1125
869,-1125
870,-1126
871,-1126
872,-1127
873,-1127
874,-1127
875,-1127
876,-1127
877,-1127
878,-1126
879,-1126
880,-1126
881,-1125
882,-1124
882,-1123
883,-1122
884,-1121
884,-1120
885,-1119
885,-1118
886,-1117
886,-1116
886,-1115
887,-1114
887,-1113
887,-1112
887,-1111
888,-1110
888,-1109
888,-1108
889,-1107
889,-1106
890,-1105
890,-1104
890,-1103
891,-1102
891,-1101
891,-1100
892,-1099
893,-1098
893,-1097
893,-1096
893,-1095
893,-1094
894,-1093
894,-1092
894,-1091
895,-1090
895,-1089
895,-1088
895,-1087
896,-1086
896,-1085
896,-1084
897,-1083
897,-1082
897,-1081
897,-1080
898,-1079
898,-1078
898,-1077
899,-1076
899,-1075
899,-1074
899,-1073
899,-1072
900,-1071
900,-1070
900,-1069
900,-1068
901,-1067
901,-1066
902,-1065
902,-1064
902,-1063
902,-1062
903,-1061
903,-1060
903,-1059
903,-1058
903,-1057
904,-1056
904,-1055
904,-1054
905,-1053
905,-1052
906,-1051
906,-1050
906,-1049
906,-1048
907,-1047
907,-1046
907,-1045
907,-1044
907,-1043
908,-1042
908,-1041
908,-1040
909,-1039
909,-1038
909,-1037
910,-1036
910,-1035
910,-1034
910,-1033
910,-1032
911,-1031
911,-1030
911,-1029
911,-1028
911,-1027
912,-1026
912,-1025
912,-1024
912,-1023
912,-1022
912,-1021
913,-1020
913,-1019
913,-1018
913,-1017
913,-1016
913,-1015
913,-1014
913,-1013
913,-1012
914,-1011
914,-1010
914,-1009
914,-1008
914,-1007
914,-1006
914,-1005
915,-1004
915,-1003
915,-1002
915,-1001
916,-1000
916,-999
916,-998
916,-997
917,-996
917,-995
917,-994
917,-993
917,-992
917,-991
917,-990
917,-989
917,-988
917,-987
918,-986
918,-985
918,-984
918,-983
918,-982
918,-981
918,-980
919,-979
919,-978
919,-977
919,-976
919,-975
919,-974
919,-973
919,-972
920,-971
920,-970
920,-969
920,-968
920,-967
920,-966
921,-965
921,-964
921,-963
921,-962
921,-961
921,-960
922,-959
922,-958
922,-957
922,-956
922,-955
922,-954
922,-953
922,-952
922,-951
922,-950
922,-949
922,-948
922,-947
922,-946
922,-945
922,-944
922,-943
922,-942
922,-941
922,-940
922,-939
922,-938
922,-937
922,-936
922,-935
922,-934
922,-933
922,-932
922,-931
922,-930
922,-929
922,-928
922,-927
922,-926
922,-925
922,-924
922,-923
922,-922
922,-921
922,-920
922,-919
922,-918
922,-917
922,-916
922,-915
922,-914
922,-913
922,-912
922,-911
922,-910
922,-909
922,-908
922,-907
922,-906
922,-905
922,-904
922,-903
921,-902
921,-901
921,-900
921,-899
921,-898
921,-897
921,-896
921,-895
921,-894
921,-893
921,-892
921,-891
921,-890
921,-889
921,-888
921,-887
920,-886
920,-885
920,-884
920,-883
920,-882
919,-881
919,-880
919,-879
919,-878
919,-877
919,-876
919,-875
918,-874
918,-873
918,-872
918,-871
918,-870
918,-869
918,-868
918,-867
918,-866
918,-865
917,-864
917,-863
917,-862
917,-861
916,-860
916,-859
916,-858
916,-857
915,-856
915,-855
915,-854
915,-853
915,-852
915,-851
914,-850
914,-849
914,-848
914,-847
914,-846
913,-845
913,-844
913,-843
913,-842
912,-841
912,-840
912,-839
911,-838
911,-837
911,-836
911,-835
910,-834
910,-833
910,-832
910,-831
910,-830
909,-829
909,-828
909,-827
909,-826
908,-825
908,-824
908,-823
907,-822
907,-821
907,-820
906,-819
906,-818
906,-817
906,-816
905,-815
905,-814
904,-813
904,-812
904,-811
904,-810
903,-809
903,-808
903,-807
903,-806
902,-805
902,-804
902,-803
902,-802
901,-801
901,-800
901,-799
900,-798
900,-797
899,-796
899,-795
898,-794
898,-793
898,-792
898,-791
897,-790
897,-789
897,-788
896,-787
895,-786
895,-785
895,-784
895,-783
894,-782
894,-781
893,-780
893,-779
893,-778
892,-777
891,-776
891,-775
891,-774
890,-773
890,-772
889,-771
889,-770
889,-769
888,-768
887,-767
887,-766
887,-765
886,-764
886,-763
886,-762
885,-761
884,-760
884,-759
883,-758
883,-757
883,-756
882,-755
882,-754
881,-753
881,-752
880,-751
880,-750
879,-749
879,-748
879,-747
878,-746
878,-745
877,-744
876,-743
876,-742
875,-741
874,-740
874,-739
873,-738
873,-737
872,-736
872,-735
871,-734
871,-733
870,-732
869,-731
868,-730
868,-729
867,-728
867,-727
866,-726
865,-725
865,-724
864,-723
863,-722
863,-721
862,-720
862,-719
861,-718
860,-717
859,-716
859,-715
858,-714
858,-713
857,-712
856,-711
855,-710
855,-709
854,-708
854,-707
853,-706
852,-705
851,-704
851,-703
850,-702
850,-701
849,-700
848,-699
847,-698
847,-697
846,-696
845,-695
844,-694
844,-693
843,-692
842,-691
842,-690
841,-689
840,-688
839,-687
839,-686
838,-685
838,-684
837,-683
836,-682
835,-681
835,-680
834,-679
833,-678
832,-677
832,-676
831,-675
830,-674
829,-673
829,-672
828,-671
827,-670
826,-669
825,-668
824,-667
823,-666
823,-665
822,-664
821,-663
820,-662
819,-661
818,-660
818,-659
817,-659
816,-658
815,-657
815,-656
814,-655
813,-654
812,-653
811,-652
810,-651
809,-650
808,-650
807,-649
807,-648
806,-648
805,-647
804,-647
803,-646
803,-645
802,-645
801,-644
800,-643
799,-643
798,-642
797,-641
796,-641
795,-640
794,-640
793,-639
792,-639
791,-638
790,-637
789,-637
788,-636
787,-636
786,-635
785,-635
784,-634
783,-633
782,-633
781,-632
780,-632
779,-631
778,-631
777,-631
776,-630
775,-629
774,-629
773,-628
772,-628
771,-627
770,-627
769,-627
768,-626
767,-626
766,-625
765,-625
764,-624
763,-624
762,-624
761,-623
760,-623
759,-622
758,-621
757,-621
756,-621
755,-620
754,-620
753,-620
752,-619
751,-619
750,-618
749,-618
748,-617
747,-617
746,-616
745,-616
744,-616
743,-615
742,-615
741,-615
740,-614
739,-613
738,-613
737,-612
736,-612
735,-612
734,-611
733,-610
732,-609
731,-608
730,-607
729,-606
728,-605
727,-604
726,-603
726,-602
725,-601
724,-600
723,-599
723,-598
723,-597
722,-596
722,-595
721,-594
721,-593
720,-592
719,-591
719,-590
718,-589
717,-588
716,-587
716,-586
716,-585
715,-584
715,-583
715,-582
714,-581
713,-580
713,-579
712,-579
711,-578
711,-577
710,-576
710,-575
709,-574
708,-573
708,-572
707,-571
707,-570
706,-569
705,-568
705,-567
704,-566
703,-565
703,-564
702,-563
702,-562
701,-561
701,-560
700,-559
699,-558
699,-557
698,-556
698,-555
697,-554
696,-553
696,-552
696,-551
695,-550
695,-549
694,-548
694,-547
693,-546
693,-545
692,-544
692,-543
691,-542
691,-541
690,-540
689,-539
689,-538
688,-537
688,-536
688,-535
687,-534
686,-533
686,-532
685,-531
684,-530
684,-529
683,-528
683,-527
683,-526
682,-525
682,-524
681,-523
680,-522
680,-521
680,-520
679,-519
679,-518
678,-517
678,-516
677,-515
677,-514
676,-513
676,-512
675,-511
675,-510
675,-509
674,-508
674,-507
673,-506
673,-505
672,-504
672,-503
672,-502
671,-501
671,-500
670,-499
670,-498
669,-497
669,-496
669,-495
668,-494
668,-493
667,-492
667,-491
666,-490
666,-489
666,-488
665,-487
665,-486
664,-485
664,-484
663,-483
663,-482
663,-481
663,-480
662,-479
662,-478
661,-477
661,-476
660,-475
660,-474
660,-473
659,-472
659,-471
659,-470
658,-469
658,-468
657,-467
656,-466
656,-465
656,-464
656,-463
655,-462
655,-461
654,-460
654,-459
654,-458
653,-457
652,-456
652,-455
652,-454
651,-453
651,-452
650,-451
650,-450
650,-449
649,-448
648,-447
648,-446
648,-445
647,-444
647,-443
647,-442
646,-441
645,-440
645,-439
645,-438
644,-437
644,-436
643,-435
643,-434
642,-433
642,-432
641,-431
641,-430
641,-429
641,-428
640,-427
640,-426
639,-425
639,-424
639,-423
638,-422
638,-421
637,-420
637,-419
636,-418
636,-417
635,-416
635,-415
635,-414
634,-413
634,-412
633,-411
633,-410
633,-409
632,-408
632,-407
632,-406
631,-405
631,-404
631,-403
630,-402
629,-401
629,-400
629,-399
629,-398
628,-397
628,-396
628,-395
628,-394
627,-393
627,-392
626,-391
626,-390
625,-389
625,-388
625,-387
625,-386
624,-385
624,-384
624,-383
624,-382
623,-381
623,-380
622,-379
622,-378
622,-377
622,-376
621,-375
620,-375
619,-375
618,-375
617,-375
617,-376
616,-377
615,-377
614,-377
613,-377
612,-377
611,-377
611,-378
610,-379
609,-379
608,-379
607,-379
606,-379
605,-379
604,-379
603,-380
602,-380
601,-380
600,-380
599,-380
598,-380
597,-380
596,-380
595,-379
594,-379
593,-379
592,-379
591,-379
590,-379
589,-380
588,-380
587,-380
586,-380
585,-380
584,-380
583,-380
582,-380
581,-381
580,-381
