343,-842
343,-843
343,-844
343,-845
343,-846
344,-847
344,-848
344,-849
345,-849
346,-850
346,-851
346,-852
346,-853
346,-854
346,-855
346,-856
346,-857
346,-858
345,-859
345,-860
344,-861
344,-862
344,-863
344,-864
344,-865
344,-866
344,-867
345,-867
346,-867
347,-867
348,-868
348,-869
349,-869
350,-869
351,-870
352,-870
353,-870
354,-870
355,-870
356,-870
357,-870
358,-869
359,-869
360,-869
361,-869
362,-870
363,-870
364,-870
365,-870
366,-870
367,-870
368,-870
369,-870
370,-870
371,-870
372,-870
373,-870
374,-870
375,-870
376,-870
377,-870
378,-870
379,-870
380,-870
380,-869
381,-868
382,-868
383,-868
384,-868
384,-867
384,-866
385,-865
386,-865
387,-865
388,-865
389,-865
390,-865
391,-865
391,-864
392,-863
393,-863
394,-863
395,-862
396,-862
397,-862
398,-862
399,-862
399,-861
400,-860
401,-860
402,-860
403,-860
404,-859
405,-858
406,-858
407,-858
408,-858
409,-858
410,-858
411,-858
412,-857
413,-857
414,-856
415,-856
416,-856
417,-856
418,-855
419,-855
420,-855
421,-855
422,-855
423,-855
424,-855
425,-855
426,-855
427,-854
428,-853
429,-853
430,-853
430,-852
431,-851
432,-851
433,-851
434,-851
435,-850
436,-850
437,-849
438,-848
439,-848
440,-848
441,-847
442,-847
443,-847
444,-846
445,-846
446,-846
447,-845
448,-845
449,-845
450,-845
451,-845
452,-844
453,-844
454,-843
455,-843
456,-843
457,-843
458,-843
459,-843
460,-843
461,-842
462,-842
463,-842
464,-842
465,-841
466,-841
467,-840
468,-840
469,-840
470,-839
471,-839
472,-839
473,-838
474,-838
475,-837
476,-837
477,-837
478,-837
479,-836
480,-836
481,-836
482,-836
483,-836
484,-835
485,-835
486,-835
487,-834
488,-834
489,-834
490,-834
491,-833
492,-833
493,-833
494,-832
495,-832
496,-832
497,-832
498,-832
499,-832
500,-831
501,-831
502,-831
503,-830
504,-830
505,-830
506,-830
507,-830
508,-829
509,-829
510,-829
511,-828
512,-828
513,-828
514,-828
515,-828
516,-827
517,-827
518,-827
519,-827
520,-826
521,-826
522,-826
523,-826
524,-826
525,-826
526,-825
527,-825
528,-825
529,-824
530,-824
531,-824
532,-823
533,-823
534,-823
535,-823
536,-822
537,-822
538,-822
539,-822
540,-821
541,-821
542,-821
543,-821
544,-820
545,-820
546,-820
547,-820
548,-820
549,-819
550,-819
551,-819
552,-819
553,-819
554,-819
555,-819
556,-819
557,-818
558,-818
559,-818
560,-818
561,-818
562,-818
563,-818
564,-818
565,-818
566,-817
567,-817
568,-817
569,-817
570,-817
571,-817
572,-817
573,-817
574,-817
575,-817
576,-816
577,-816
578,-816
579,-816
580,-816
581,-816
582,-816
583,-816
584,-816
585,-817
586,-817
587,-817
588,-817
589,-817
590,-817
591,-817
592,-817
593,-817
594,-817
595,-817
596,-817
597,-817
598,-817
599,-817
600,-817
601,-817
602,-817
603,-817
604,-817
605,-817
606,-818
607,-818
608,-818
609,-818
610,-818
611,-818
612,-819
613,-819
614,-820
615,-820
616,-820
617,-820
618,-820
619,-821
620,-822
621,-822
622,-822
623,-823
624,-823
625,-824
626,-824
627,-824
628,-825
629,-825
630,-826
631,-826
632,-827
633,-828
634,-829
635,-829
636,-829
637,-829
638,-830
638,-831
639,-831
640,-832
641,-833
642,-833
643,-834
644,-835
645,-836
646,-837
647,-837
648,-838
649,-839
650,-840
651,-840
652,-840
653,-841
653,-842
654,-843
655,-843
656,-844
657,-844
658,-845
659,-845
660,-846
660,-847
661,-847
662,-848
663,-848
664,-849
665,-850
666,-851
667,-851
668,-851
669,-852
670,-853
670,-854
671,-854
672,-855
673,-856
674,-856
675,-857
676,-857
677,-857
678,-858
678,-859
679,-859
680,-859
681,-860
682,-860
683,-860
684,-861
685,-861
686,-861
687,-862
688,-862
689,-863
690,-863
691,-863
692,-863
693,-863
694,-863
695,-864
695,-865
696,-865
697,-866
698,-866
699,-866
700,-867
701,-867
702,-867
703,-868
704,-868
705,-869
706,-869
707,-869
708,-869
709,-869
710,-870
710,-871
711,-871
712,-871
713,-872
714,-872
715,-872
716,-872
717,-872
718,-873
719,-873
720,-873
721,-874
722,-874
723,-874
724,-875
725,-875
726,-875
727,-875
728,-876
729,-876
730,-876
731,-876
732,-876
733,-876
734,-876
735,-877
736,-877
737,-877
738,-877
739,-877
740,-878
741,-878
742,-878
743,-878
744,-878
745,-879
746,-879
747,-879
748,-879
749,-879
750,-879
751,-879
752,-880
753,-880
754,-880
755,-880
756,-880
757,-880
758,-880
759,-880
760,-880
761,-880
762,-881
763,-881
764,-881
765,-881
766,-881
767,-882
768,-882
769,-882
770,-882
771,-883
772,-883
773,-883
774,-883
775,-883
776,-883
777,-883
778,-883
779,-883
780,-883
781,-883
782,-883
783,-883
784,-883
785,-884
786,-884
787,-884
788,-884
789,-884
790,-884
791,-884
792,-884
793,-885
794,-885
795,-885
796,-885
797,-885
798,-885
799,-885
800,-885
801,-885
802,-885
803,-886
804,-886
805,-886
806,-886
807,-886
808,-886
809,-886
810,-886
811,-886
812,-886
813,-886
814,-886
815,-886
816,-886
817,-887
818,-887
819,-887
820,-887
821,-887
822,-887
823,-887
824,-887
825,-887
826,-887
827,-887
828,-887
829,-886
830,-886
831,-886
832,-886
833,-886
834,-886
835,-886
836,-886
837,-886
838,-887
839,-887
840,-887
841,-887
842,-887
843,-887
844,-887
845,-887
846,-886
847,-886
848,-886
849,-886
850,-886
851,-885
852,-885
853,-885
854,-885
855,-885
856,-885
857,-885
858,-885
859,-885
860,-884
861,-884
862,-884
863,-884
864,-884
865,-884
866,-884
867,-884
868,-884
869,-884
870,-884
871,-883
872,-883
873,-883
874,-883
875,-883
876,-882
877,-882
878,-882
879,-882
880,-882
881,-882
882,-882
883,-881
884,-881
885,-881
886,-881
887,-881
888,-880
889,-880
890,-880
891,-880
892,-880
893,-880
894,-879
895,-879
896,-879
897,-878
898,-878
899,-878
900,-878
901,-877
902,-877
903,-877
904,-877
905,-876
906,-876
907,-876
908,-876
909,-876
910,-875
911,-875
912,-875
913,-875
914,-874
915,-874
916,-873
917,-873
918,-873
919,-873
920,-873
921,-872
922,-872
923,-872
924,-872
925,-871
926,-871
927,-870
928,-870
929,-869
930,-869
931,-869
932,-869
933,-868
934,-868
935,-868
936,-867
937,-867
938,-867
939,-866
940,-866
941,-866
942,-865
943,-865
944,-864
945,-864
946,-864
947,-864
948,-863
949,-863
950,-862
951,-862
952,-862
953,-861
954,-861
955,-861
956,-860
957,-860
958,-860
959,-859
960,-859
961,-859
962,-858
963,-858
964,-857
965,-857
966,-856
967,-856
968,-856
969,-855
970,-854
971,-854
972,-853
973,-853
974,-853
975,-852
976,-852
977,-852
978,-851
979,-851
980,-850
981,-849
982,-849
983,-848
984,-848
985,-848
986,-847
987,-846
988,-846
989,-845
990,-844
991,-844
992,-843
993,-843
994,-842
995,-841
996,-841
997,-841
997,-840
998,-839
999,-839
1000,-839
1001,-838
1002,-838
1003,-837
1004,-836
1005,-835
1006,-835
1007,-835
1008,-834
1009,-833
1010,-832
1011,-832
1012,-831
1013,-831
1014,-830
1015,-829
1016,-828
1017,-828
1018,-828
1019,-827
1020,-826
1021,-826
1021,-825
1022,-824
1023,-824
1024,-823
1025,-822
1026,-822
1027,-821
1028,-820
1029,-819
1030,-819
1030,-818
1031,-817
1032,-817
1033,-817
1034,-816
1035,-816
1036,-815
1037,-814
1038,-813
1039,-813
1040,-812
1040,-811
1041,-810
1042,-810
1043,-809
1044,-808
1045,-808
1045,-807
1046,-806
1047,-806
1047,-805
1048,-804
1049,-804
1050,-803
1051,-803
1051,-802
1052,-801
1053,-801
1054,-800
1055,-799
1055,-798
1056,-797
1057,-797
1058,-796
1059,-795
1060,-795
1061,-794
1062,-793
1063,-793
1064,-792
1065,-791
1066,-790
1067,-789
1068,-789
1068,-788
1069,-787
1070,-787
1071,-787
1071,-786
1072,-785
1073,-784
1074,-784
1075,-783
1076,-782
1077,-782
1078,-781
1079,-780
1080,-779
1081,-778
1082,-777
1083,-776
1084,-776
1085,-775
1086,-774
1087,-773
1088,-772
1089,-771
1090,-770
1091,-770
1092,-769
1093,-769
1094,-768
1095,-768
1096,-767
1097,-766
1098,-765
1099,-764
1100,-763
1101,-763
1102,-763
1103,-762
1104,-762
1105,-761
1106,-761
1107,-760
1108,-759
1109,-759
1110,-758
1111,-758
1112,-758
1113,-758
1114,-757
1115,-757
1116,-756
1116,-755
1117,-754
1118,-754
1119,-753
1120,-753
1121,-753
1122,-753
1123,-752
1124,-751
1125,-750
1126,-750
1127,-749
1128,-749
1129,-748
1130,-748
1131,-747
1132,-746
1133,-745
1134,-745
1134,-744
1135,-743
1136,-743
1137,-743
1138,-743
1139,-743
1139,-742
1140,-741
1141,-741
1142,-740
1143,-740
1143,-739
1143,-738
1144,-737
1145,-737
1146,-736
1147,-736
1148,-736
1148,-735
1149,-734
1149,-733
1150,-732
1151,-732
1152,-731
1153,-730
1153,-729
1153,-728
1153,-727
1153,-726
1154,-725
1154,-724
1155,-723
1156,-723
1157,-723
1158,-723
1158,-722
1158,-721
1158,-720
1158,-719
1157,-718
1157,-717
1157,-716
1157,-715
1156,-714
1156,-713
1155,-712
1155,-711
1155,-710
1154,-710
1153,-709
1152,-708
1151,-708
1150,-707
1149,-707
1148,-707
1147,-706
1146,-706
1145,-705
1144,-704
1143,-704
1142,-703
1141,-703
1140,-702
1139,-702
1138,-701
1137,-701
1136,-700
1135,-700
1134,-700
1133,-699
1132,-698
1131,-698
1130,-697
1129,-697
1128,-697
1127,-696
1126,-696
1125,-696
1124,-695
1123,-695
1122,-695
1121,-694
1120,-694
1119,-693
1118,-693
1117,-693
1116,-693
1115,-693
1114,-692
1113,-692
1112,-691
1111,-690
1110,-690
1109,-690
1108,-690
1107,-689
1106,-689
1105,-688
1104,-688
1103,-687
1102,-687
1101,-686
1100,-686
1099,-686
1098,-686
1097,-685
1096,-684
1095,-684
1094,-683
1093,-683
1092,-682
1091,-682
1090,-681
1089,-681
1088,-681
1087,-680
1086,-680
1085,-679
1084,-679
1083,-679
1082,-678
1081,-678
1080,-678
1079,-678
1078,-677
1077,-676
1076,-676
1075,-675
1074,-675
1073,-674
1072,-674
1071,-674
1070,-673
1069,-673
1068,-672
1067,-672
1066,-671
1065,-671
1064,-671
1063,-670
1062,-670
1061,-669
1060,-669
1059,-668
1058,-668
1057,-667
1056,-667
1055,-666
1054,-666
1053,-666
1052,-665
1051,-665
1050,-664
1049,-664
1048,-664
1047,-663
1046,-663
1045,-662
1044,-662
1043,-661
1042,-661
1041,-660
1040,-659
1039,-659
1038,-658
1037,-658
1036,-658
1035,-657
1034,-657
1033,-656
1032,-655
1031,-655
1030,-655
1029,-655
1028,-654
1027,-654
1026,-654
1025,-653
1024,-653
1023,-652
1022,-652
1021,-651
1020,-651
1019,-651
1018,-651
1017,-650
1016,-650
1015,-650
1014,-649
1013,-649
1012,-649
1011,-649
1010,-649
1009,-648
1009,-647
1008,-647
1007,-646
1006,-646
1005,-645
1004,-645
1003,-644
1002,-644
1001,-644
1000,-643
999,-643
998,-643
997,-642
996,-642
995,-642
994,-641
993,-641
992,-641
991,-641
990,-640
989,-640
988,-639
987,-638
986,-638
985,-638
984,-638
983,-638
982,-638
981,-637
980,-637
979,-636
978,-636
977,-635
976,-635
975,-635
974,-635
973,-634
972,-634
971,-634
970,-634
969,-634
968,-634
967,-633
966,-633
965,-633
964,-632
963,-632
962,-632
961,-632
960,-632
959,-631
958,-631
957,-631
956,-631
955,-630
954,-630
953,-630
952,-630
951,-630
950,-629
949,-628
948,-628
947,-628
946,-628
945,-627
944,-627
943,-627
942,-626
941,-626
940,-626
939,-626
938,-625
937,-625
936,-624
935,-624
934,-624
933,-624
932,-624
931,-624
930,-624
929,-624
928,-624
927,-624
926,-624
925,-623
924,-623
923,-623
922,-623
921,-623
920,-623
919,-623
918,-623
917,-623
916,-623
915,-623
914,-623
913,-623
912,-623
911,-623
910,-623
909,-623
908,-623
907,-623
906,-623
905,-623
904,-623
903,-623
902,-623
901,-623
900,-623
899,-623
898,-623
897,-623
896,-623
895,-622
895,-621
895,-620
895,-619
895,-618
894,-618
893,-618
892,-618
891,-617
890,-617
889,-617
888,-617
887,-617
886,-617
885,-617
884,-617
883,-617
882,-616
881,-616
880,-616
879,-616
878,-616
877,-616
876,-616
875,-616
874,-616
873,-616
872,-616
871,-616
870,-616
869,-616
868,-616
867,-616
866,-616
865,-616
864,-616
863,-616
862,-616
861,-615
860,-615
859,-615
858,-615
857,-615
856,-615
855,-615
854,-615
853,-616
852,-616
851,-616
850,-616
849,-616
848,-616
847,-616
846,-616
845,-617
844,-617
843,-617
842,-617
841,-617
840,-617
839,-617
838,-617
837,-617
836,-617
835,-617
834,-618
833,-618
832,-618
831,-618
830,-618
829,-618
828,-618
827,-618
826,-618
825,-619
824,-619
823,-619
822,-619
821,-619
820,-619
819,-619
818,-619
817,-619
816,-619
815,-619
814,-619
813,-620
812,-620
811,-620
810,-620
809,-620
808,-621
807,-621
806,-621
805,-621
804,-621
803,-621
802,-621
801,-622
800,-622
799,-622
798,-622
797,-622
796,-622
795,-622
794,-622
793,-622
792,-622
791,-622
790,-622
789,-622
788,-623
787,-623
786,-623
785,-623
784,-623
783,-623
782,-624
781,-624
780,-624
779,-624
778,-625
777,-625
776,-625
775,-626
774,-626
773,-626
772,-627
771,-627
770,-627
769,-627
768,-628
767,-628
767,-629
767,-630
766,-631
765,-631
764,-631
763,-631
762,-631
761,-631
760,-631
759,-631
758,-631
757,-632
756,-632
755,-632
754,-633
753,-633
752,-633
751,-634
750,-634
749,-634
748,-635
747,-635
746,-635
745,-636
744,-636
743,-637
742,-637
741,-638
740,-638
739,-638
738,-638
737,-639
736,-639
735,-639
735,-640
734,-641
733,-641
732,-641
731,-642
730,-642
729,-642
728,-643
727,-644
726,-644
725,-644
724,-645
723,-645
722,-646
721,-646
720,-646
719,-647
718,-647
717,-648
716,-648
715,-649
714,-649
713,-649
712,-650
711,-650
710,-651
709,-651
708,-652
707,-652
706,-653
705,-654
704,-654
703,-655
702,-656
701,-656
700,-657
699,-657
698,-658
697,-659
696,-659
695,-659
694,-660
693,-661
692,-662
691,-663
690,-663
689,-664
688,-665
687,-665
686,-666
685,-667
684,-667
683,-668
682,-669
681,-670
680,-670
679,-671
678,-672
677,-673
676,-674
675,-675
674,-675
673,-676
672,-677
671,-678
670,-679
669,-679
668,-680
667,-681
666,-682
665,-682
664,-683
663,-684
662,-685
661,-686
660,-686
659,-687
658,-688
657,-689
656,-690
655,-691
654,-692
653,-693
652,-694
651,-695
650,-695
650,-696
649,-697
648,-697
647,-698
646,-699
645,-700
644,-701
643,-702
643,-703
642,-704
641,-705
640,-706
639,-707
638,-708
637,-709
636,-710
635,-711
635,-712
634,-713
633,-714
632,-714
631,-715
631,-716
630,-717
629,-718
628,-719
627,-720
626,-721
625,-722
624,-722
623,-723
622,-724
621,-725
620,-726
619,-727
618,-727
618,-728
617,-729
616,-729
615,-730
614,-731
613,-732
612,-732
611,-733
610,-733
609,-734
608,-735
607,-735
606,-736
605,-737
604,-737
604,-738
603,-739
602,-739
601,-739
600,-739
599,-740
598,-741
597,-741
596,-742
595,-742
594,-743
593,-743
592,-743
591,-744
590,-744
589,-744
588,-745
587,-745
586,-746
585,-746
584,-746
583,-747
582,-747
581,-747
580,-748
579,-748
578,-748
577,-749
576,-749
575,-749
574,-750
573,-750
572,-750
571,-750
570,-750
569,-751
568,-752
567,-752
566,-753
565,-753
564,-753
563,-753
562,-753
561,-753
560,-753
559,-754
558,-754
557,-754
556,-754
555,-755
554,-755
553,-755
552,-756
551,-756
550,-756
549,-757
548,-757
547,-757
546,-757
545,-757
544,-757
543,-757
542,-758
541,-758
540,-758
539,-758
538,-759
537,-759
536,-759
535,-759
534,-759
533,-760
532,-760
531,-760
530,-760
529,-760
528,-761
527,-761
526,-761
525,-761
524,-762
523,-762
522,-762
521,-763
520,-763
519,-763
518,-764
517,-764
516,-764
515,-764
514,-764
513,-765
512,-765
511,-766
510,-766
509,-766
508,-766
507,-766
506,-767
505,-767
504,-767
503,-768
502,-768
501,-768
500,-768
499,-769
498,-769
497,-769
496,-770
495,-770
494,-770
493,-770
492,-770
491,-771
490,-771
489,-771
488,-772
487,-772
486,-772
485,-773
484,-773
483,-773
482,-774
481,-774
480,-774
479,-774
478,-775
477,-775
476,-776
475,-776
474,-776
473,-776
472,-776
471,-777
470,-777
469,-777
468,-778
467,-778
466,-779
465,-779
464,-779
463,-779
462,-780
461,-780
460,-780
459,-780
458,-780
457,-780
456,-780
455,-781
454,-781
453,-781
452,-781
451,-781
450,-782
449,-782
448,-782
447,-782
446,-783
446,-784
445,-785
444,-785
443,-785
442,-785
441,-785
440,-785
439,-785
438,-785
437,-785
436,-785
435,-785
434,-785
433,-786
432,-786
431,-786
430,-787
429,-787
428,-787
427,-788
426,-788
425,-788
424,-789
423,-789
422,-789
421,-790
420,-790
419,-790
418,-790
417,-791
416,-791
415,-791
414,-791
413,-792
412,-792
411,-792
410,-792
409,-793
408,-793
407,-793
406,-793
405,-794
404,-794
403,-794
402,-794
401,-795
400,-795
399,-796
398,-796
397,-796
396,-796
395,-797
394,-797
393,-797
392,-797
391,-798
390,-798
389,-798
388,-799
387,-799
386,-799
385,-800
384,-800
383,-800
382,-801
381,-801
380,-801
379,-802
378,-802
377,-802
376,-803
375,-803
374,-803
373,-803
372,-804
371,-804
370,-805
369,-805
368,-805
367,-806
366,-807
365,-807
364,-807
363,-808
362,-808
361,-809
360,-809
359,-810
358,-810
357,-811
356,-812
355,-812
354,-812
353,-813
353,-814
353,-815
353,-816
352,-817
351,-818
350,-818
350,-819
349,-820
349,-821
349,-822
349,-823
349,-824
348,-825
348,-826
348,-827
348,-828
347,-829
347,-830
347,-831
347,-832
347,-833
347,-834
346,-835
346,-836
346,-837
346,-838
346,-839
345,-840
344,-841
343,-842
