409,-652
409,-653
409,-654
409,-655
409,-656
409,-657
409,-658
409,-659
409,-660
410,-660
411,-661
411,-662
412,-663
412,-664
413,-665
413,-666
414,-667
415,-668
416,-669
416,-670
417,-670
418,-671
419,-672
420,-673
420,-674
420,-675
421,-676
422,-677
423,-677
424,-677
425,-678
425,-679
426,-679
427,-680
427,-681
428,-681
429,-682
430,-683
431,-684
432,-685
433,-686
434,-687
435,-688
435,-689
436,-689
437,-690
438,-691
439,-692
440,-692
441,-693
441,-694
441,-695
442,-696
443,-696
444,-696
445,-697
446,-698
446,-699
446,-700
447,-700
448,-701
448,-702
449,-702
450,-702
451,-703
452,-703
453,-704
454,-705
454,-706
455,-706
456,-707
457,-708
458,-709
459,-709
460,-709
461,-710
461,-711
462,-711
463,-712
464,-712
465,-713
465,-714
466,-715
467,-715
468,-716
469,-717
469,-718
470,-718
471,-718
472,-719
473,-720
474,-721
475,-721
476,-722
476,-723
477,-724
477,-725
478,-726
479,-726
480,-727
481,-727
482,-728
482,-729
483,-730
484,-731
485,-731
486,-732
486,-733
487,-734
488,-734
489,-735
490,-736
491,-736
492,-737
492,-738
493,-739
494,-740
495,-741
495,-742
496,-742
497,-742
498,-743
499,-744
500,-745
501,-745
502,-746
503,-747
504,-748
505,-748
506,-749
506,-750
507,-750
508,-751
509,-752
510,-752
511,-753
512,-754
512,-755
513,-755
514,-756
515,-757
516,-758
517,-759
518,-760
519,-760
520,-761
521,-762
522,-763
523,-764
524,-764
525,-765
526,-765
527,-766
528,-767
529,-768
530,-769
531,-770
532,-770
533,-771
534,-772
535,-772
536,-773
536,-774
537,-774
538,-774
539,-775
539,-776
540,-776
541,-777
542,-778
543,-778
544,-779
544,-780
545,-781
546,-781
547,-782
548,-782
549,-783
550,-784
551,-784
552,-785
553,-786
554,-786
555,-786
556,-787
557,-788
558,-789
559,-790
560,-790
561,-790
562,-791
562,-792
563,-792
564,-792
565,-793
566,-793
567,-794
568,-794
569,-795
570,-796
571,-796
572,-796
573,-797
574,-798
575,-798
576,-799
577,-800
578,-801
579,-801
580,-802
581,-802
582,-802
583,-802
584,-803
584,-804
585,-804
586,-804
587,-805
588,-806
589,-806
590,-806
591,-807
592,-807
593,-808
594,-809
595,-809
596,-810
597,-810
598,-810
599,-811
600,-811
601,-811
602,-812
602,-813
603,-813
604,-813
605,-813
606,-814
607,-814
608,-815
609,-816
610,-816
611,-817
612,-817
613,-818
614,-818
615,-818
616,-818
617,-819
618,-819
619,-820
620,-820
621,-821
622,-821
623,-821
624,-822
625,-822
626,-822
627,-823
628,-824
629,-824
630,-824
631,-825
632,-825
633,-825
634,-825
635,-826
636,-826
637,-826
638,-827
639,-827
640,-827
641,-828
641,-829
642,-829
643,-829
644,-829
645,-829
646,-830
647,-830
648,-830
649,-831
650,-831
651,-832
652,-832
653,-832
654,-833
655,-833
656,-833
657,-834
658,-834
659,-834
660,-834
661,-834
662,-835
663,-835
664,-836
665,-836
666,-836
667,-836
668,-836
669,-837
670,-838
671,-838
672,-838
673,-838
674,-838
675,-838
676,-838
677,-838
678,-839
679,-839
680,-839
681,-839
682,-839
683,-839
684,-839
685,-840
686,-840
687,-840
688,-841
689,-841
690,-841
691,-841
692,-841
693,-841
694,-841
695,-841
696,-842
697,-842
698,-842
699,-842
700,-842
701,-842
702,-843
703,-843
704,-843
705,-843
706,-843
707,-843
708,-843
709,-844
710,-844
711,-844
712,-844
713,-844
714,-844
715,-845
716,-846
717,-846
718,-846
719,-846
720,-846
721,-846
722,-846
723,-846
724,-846
725,-846
726,-846
727,-846
728,-846
729,-846
730,-845
731,-845
732,-844
733,-844
734,-844
735,-845
736,-845
737,-845
738,-845
739,-845
740,-844
741,-844
742,-844
743,-844
744,-844
745,-844
746,-844
747,-844
748,-843
749,-843
750,-843
751,-843
752,-843
753,-843
754,-843
755,-843
756,-843
757,-843
758,-843
759,-843
760,-843
761,-843
762,-843
763,-843
764,-843
765,-843
766,-842
767,-842
768,-842
769,-842
770,-842
771,-842
772,-842
773,-842
774,-841
775,-841
776,-841
777,-840
778,-840
779,-840
780,-840
781,-840
782,-840
783,-840
784,-839
785,-839
786,-839
787,-838
788,-838
789,-838
790,-838
791,-838
792,-838
793,-838
794,-838
794,-837
795,-836
796,-836
797,-836
798,-836
799,-835
800,-835
801,-835
802,-835
803,-835
804,-834
805,-834
806,-833
807,-833
808,-833
809,-832
810,-832
811,-831
812,-831
813,-831
814,-831
815,-830
816,-830
817,-830
818,-830
819,-830
820,-830
821,-830
822,-829
823,-829
824,-829
825,-829
826,-828
827,-828
828,-827
829,-827
830,-827
831,-826
832,-826
833,-826
834,-826
835,-826
836,-825
837,-825
838,-825
839,-824
840,-824
841,-824
842,-824
843,-824
844,-824
845,-824
846,-824
847,-824
848,-824
849,-824
850,-824
851,-824
852,-824
853,-824
854,-825
855,-825
856,-825
857,-825
858,-826
859,-826
860,-826
861,-826
862,-826
863,-827
864,-827
865,-827
866,-827
867,-827
868,-827
869,-827
870,-827
871,-827
872,-827
873,-827
874,-827
875,-827
876,-827
877,-827
878,-827
879,-827
880,-827
881,-828
882,-828
883,-828
884,-828
885,-828
886,-828
887,-828
888,-828
889,-828
890,-828
891,-828
892,-828
893,-828
894,-828
895,-829
896,-829
897,-829
898,-829
899,-829
900,-829
901,-829
902,-829
903,-830
904,-830
905,-830
906,-830
907,-830
908,-830
909,-830
910,-830
911,-830
912,-831
913,-831
914,-831
915,-832
916,-832
917,-832
918,-832
919,-832
920,-832
921,-832
922,-832
923,-832
924,-833
925,-833
926,-833
927,-834
928,-834
929,-834
930,-834
931,-834
932,-835
933,-835
934,-835
935,-835
936,-835
937,-835
938,-836
939,-836
940,-836
941,-836
942,-837
943,-837
944,-837
945,-837
946,-838
947,-838
948,-838
949,-838
950,-838
951,-839
952,-839
953,-839
954,-839
955,-839
956,-840
957,-840
958,-840
959,-840
960,-841
961,-841
962,-841
963,-842
964,-842
965,-842
966,-842
967,-842
968,-843
969,-843
970,-843
971,-843
972,-843
973,-843
974,-844
975,-844
976,-844
977,-844
978,-844
979,-844
980,-845
981,-846
982,-846
983,-846
984,-847
985,-847
986,-847
987,-847
988,-847
989,-847
990,-848
991,-848
992,-848
993,-848
994,-849
995,-849
996,-850
997,-850
998,-850
999,-850
1000,-851
1001,-851
1002,-851
1003,-851
1004,-851
1005,-851
1006,-851
1007,-852
1008,-852
1009,-853
1010,-853
1011,-853
1012,-853
1013,-853
1014,-854
1015,-855
1016,-855
1017,-855
1018,-855
1019,-855
1020,-855
1021,-855
1022,-856
1023,-856
1024,-856
1025,-857
1026,-857
1027,-857
1028,-858
1029,-858
1030,-858
1031,-858
1032,-858
1033,-858
1034,-859
1035,-859
1036,-859
1037,-859
1038,-860
1039,-860
1040,-860
1041,-860
1042,-861
1043,-861
1044,-861
1045,-862
1046,-862
1047,-862
1048,-863
1049,-863
1050,-863
1051,-863
1052,-864
1053,-864
1054,-864
1055,-864
1056,-864
1057,-864
1058,-864
1059,-864
1060,-864
1061,-865
1062,-865
1063,-865
1064,-865
1065,-865
1066,-865
1067,-865
1068,-865
1069,-865
1070,-865
1071,-865
1072,-865
1073,-865
1074,-865
1075,-865
1076,-866
1076,-867
1076,-868
1077,-869
1078,-869
1079,-869
1080,-870
1081,-870
1082,-870
1083,-870
1084,-871
1084,-872
1084,-873
1084,-874
1084,-875
1085,-875
1086,-875
1087,-875
1088,-875
1088,-874
1088,-873
1088,-872
1088,-871
1088,-870
1088,-869
1088,-868
1088,-867
1087,-866
1086,-866
1085,-865
1084,-864
1083,-863
1082,-862
1082,-861
1081,-861
1080,-860
1079,-860
1078,-859
1078,-858
1078,-857
1079,-856
1079,-855
1079,-854
1079,-853
1079,-852
1079,-851
1079,-850
1079,-849
1079,-848
1080,-847
1081,-846
1081,-845
1082,-844
1083,-844
1084,-843
1085,-843
1086,-843
1087,-843
1088,-843
1089,-843
1090,-843
1090,-842
1090,-841
1091,-840
1092,-840
1093,-840
1093,-839
1093,-838
1093,-837
1093,-836
1093,-835
1092,-834
1092,-833
1091,-832
1090,-832
1089,-831
1088,-830
1087,-829
1087,-828
1086,-827
1085,-827
1084,-827
1083,-827
1082,-827
1081,-827
1081,-828
1080,-829
1079,-829
1078,-829
1077,-828
1076,-828
1075,-827
1075,-826
1075,-825
1075,-824
1075,-823
1075,-822
1075,-821
1074,-821
1073,-821
1072,-820
1071,-820
1070,-820
1069,-819
1068,-818
1067,-818
1066,-818
1065,-817
1064,-817
1063,-817
1062,-816
1061,-816
1060,-816
1059,-816
1058,-816
1057,-816
1056,-816
1055,-815
1054,-815
1053,-814
1052,-814
1051,-814
1050,-814
1049,-814
1048,-813
1047,-813
1046,-813
1045,-813
1044,-813
1043,-812
1042,-812
1041,-811
1040,-811
1039,-811
1038,-811
1037,-810
1036,-810
1035,-809
1034,-809
1033,-809
1032,-809
1031,-809
1030,-808
1029,-807
1028,-807
1027,-807
1026,-807
1025,-807
1024,-806
1023,-806
1022,-806
1021,-806
1020,-805
1019,-805
1018,-805
1017,-805
1016,-805
1015,-804
1014,-804
1013,-804
1012,-804
1011,-803
1010,-803
1009,-803
1008,-803
1007,-803
1006,-802
1005,-802
1004,-801
1003,-801
1002,-801
1001,-800
1000,-800
999,-800
998,-800
997,-799
996,-799
995,-799
994,-799
993,-798
992,-798
991,-798
990,-797
989,-797
988,-797
987,-797
986,-797
985,-797
984,-797
983,-796
982,-796
981,-796
980,-795
979,-795
978,-795
977,-795
976,-794
975,-794
974,-794
973,-794
972,-793
971,-793
970,-793
969,-793
968,-793
967,-793
966,-792
965,-792
964,-792
963,-792
962,-792
961,-791
960,-791
959,-791
958,-790
957,-790
956,-790
955,-790
954,-789
953,-789
952,-789
951,-789
950,-789
949,-788
948,-788
947,-788
946,-788
945,-787
944,-787
943,-787
942,-787
941,-787
940,-786
939,-786
938,-786
937,-786
936,-786
935,-785
934,-785
933,-785
932,-784
931,-784
930,-784
929,-784
928,-783
927,-783
926,-783
925,-783
924,-782
923,-782
922,-782
921,-782
920,-782
919,-781
918,-781
917,-781
916,-780
915,-780
914,-780
913,-779
912,-779
911,-779
910,-779
909,-778
908,-778
907,-778
906,-778
905,-777
904,-777
903,-777
902,-777
901,-776
900,-776
899,-776
898,-775
897,-775
896,-775
895,-774
894,-774
893,-774
892,-773
891,-773
890,-773
889,-772
888,-772
887,-772
886,-771
885,-771
884,-771
883,-770
882,-770
881,-769
880,-769
879,-768
878,-768
877,-768
876,-767
875,-766
874,-766
873,-766
872,-765
871,-765
870,-764
869,-763
868,-762
867,-762
866,-761
865,-760
864,-759
863,-758
862,-757
861,-756
860,-755
859,-754
858,-753
857,-752
856,-751
855,-750
854,-749
853,-748
852,-747
851,-746
850,-745
849,-744
849,-743
848,-742
847,-741
847,-740
846,-739
846,-738
845,-737
844,-737
843,-736
843,-735
842,-734
841,-733
840,-732
839,-731
839,-730
838,-729
837,-728
836,-727
836,-726
835,-725
834,-724
833,-723
833,-722
832,-722
831,-721
830,-720
830,-719
829,-718
828,-718
827,-717
827,-716
826,-715
825,-714
824,-713
823,-712
822,-712
821,-711
821,-710
820,-710
819,-709
819,-708
818,-707
817,-706
816,-706
815,-705
814,-704
813,-703
812,-702
811,-702
810,-701
809,-700
808,-699
807,-699
806,-698
805,-697
804,-696
803,-695
802,-695
801,-694
800,-693
799,-692
798,-692
797,-691
796,-691
795,-690
794,-689
793,-688
792,-688
791,-687
790,-686
789,-686
788,-685
787,-684
786,-684
785,-683
784,-682
783,-682
782,-681
781,-681
780,-680
779,-679
778,-678
777,-678
776,-677
775,-677
774,-676
773,-675
772,-675
771,-674
770,-673
769,-673
768,-672
767,-671
766,-671
765,-671
764,-670
763,-669
762,-669
761,-668
760,-668
759,-667
758,-667
757,-666
756,-666
755,-665
754,-665
753,-664
752,-663
751,-663
750,-663
749,-662
748,-662
747,-661
746,-661
745,-661
744,-660
743,-660
742,-660
741,-659
740,-658
739,-658
738,-658
737,-657
736,-657
735,-656
734,-656
733,-655
732,-655
731,-654
730,-654
729,-654
728,-653
727,-653
726,-653
725,-653
724,-652
723,-651
722,-651
721,-650
720,-650
719,-650
718,-649
717,-649
716,-649
715,-649
714,-648
713,-648
712,-648
711,-647
710,-647
709,-646
708,-646
707,-646
706,-646
705,-646
704,-645
703,-645
702,-645
701,-645
700,-645
699,-644
698,-644
697,-643
696,-643
695,-643
694,-642
693,-642
692,-642
691,-642
690,-641
689,-641
688,-641
687,-640
686,-640
685,-640
684,-640
683,-639
682,-639
681,-638
680,-638
679,-638
678,-638
677,-638
676,-638
675,-637
674,-637
673,-637
672,-637
671,-637
670,-637
669,-637
668,-637
667,-636
666,-635
665,-635
664,-635
663,-635
662,-634
661,-634
660,-634
659,-634
658,-634
657,-633
656,-633
655,-633
654,-633
653,-633
652,-633
651,-632
650,-632
649,-632
648,-632
647,-632
646,-631
645,-631
644,-631
643,-631
642,-631
641,-631
640,-631
639,-631
638,-631
637,-631
636,-631
635,-630
634,-630
633,-630
632,-630
631,-630
630,-630
629,-630
628,-630
627,-630
626,-630
625,-630
624,-630
623,-630
622,-630
621,-630
620,-630
619,-630
618,-630
617,-629
616,-629
615,-629
614,-629
613,-629
612,-629
611,-629
610,-628
609,-628
608,-628
607,-628
606,-628
605,-628
604,-628
603,-628
602,-628
601,-628
600,-628
599,-628
598,-628
597,-628
596,-628
595,-628
594,-627
593,-627
592,-627
591,-627
590,-627
589,-627
588,-627
587,-627
586,-627
585,-627
584,-627
583,-627
582,-627
581,-627
580,-627
579,-627
578,-627
577,-627
576,-627
575,-627
574,-627
573,-627
572,-627
571,-627
570,-627
569,-627
568,-627
567,-627
566,-627
565,-627
564,-627
563,-627
562,-627
561,-627
560,-627
559,-627
558,-627
557,-628
556,-628
555,-628
554,-628
553,-628
552,-628
551,-628
550,-628
549,-628
548,-628
547,-628
546,-628
545,-628
544,-628
543,-628
542,-628
541,-628
540,-628
539,-628
538,-628
537,-628
536,-628
535,-628
534,-628
533,-629
532,-629
531,-629
530,-629
529,-629
528,-629
527,-630
526,-630
525,-630
524,-630
523,-630
522,-630
521,-630
520,-630
519,-630
518,-630
517,-630
516,-630
515,-630
514,-630
513,-630
512,-630
511,-630
510,-630
509,-630
508,-630
507,-630
506,-631
505,-631
504,-631
503,-631
502,-631
501,-631
500,-631
499,-632
498,-632
497,-632
496,-632
495,-632
494,-632
493,-632
492,-632
491,-632
490,-632
489,-632
488,-633
487,-633
486,-633
485,-633
484,-633
483,-634
482,-634
481,-634
480,-634
479,-634
478,-634
477,-634
476,-634
475,-634
474,-634
473,-635
472,-635
471,-635
470,-635
469,-635
468,-636
467,-636
466,-636
465,-636
464,-636
463,-636
462,-636
461,-636
460,-637
459,-637
458,-637
457,-637
456,-637
455,-637
454,-637
453,-638
452,-638
451,-638
450,-638
449,-638
448,-638
447,-638
446,-639
445,-639
444,-639
443,-639
442,-639
441,-639
440,-640
439,-640
438,-640
437,-640
436,-641
435,-641
434,-641
433,-641
432,-642
431,-642
430,-642
429,-642
428,-642
427,-642
426,-643
425,-643
424,-643
423,-643
422,-643
421,-644
420,-644
419,-644
418,-644
417,-644
416,-644
415,-645
414,-645
413,-646
412,-646
411,-646
411,-647
410,-648
410,-649
410,-650
410,-651
409,-652
