411,-677
411,-678
411,-679
411,-680
411,-681
411,-682
411,-683
412,-683
413,-683
414,-683
415,-684
416,-684
417,-684
418,-684
419,-684
420,-685
421,-686
422,-686
423,-686
424,-687
424,-688
424,-689
425,-689
426,-689
427,-689
428,-689
429,-690
429,-691
429,-692
430,-692
431,-693
432,-694
432,-695
433,-695
434,-696
435,-696
436,-697
436,-698
437,-698
438,-699
439,-700
439,-701
440,-702
441,-702
442,-702
443,-703
443,-704
443,-705
444,-705
445,-706
446,-706
447,-706
448,-707
448,-708
448,-709
449,-709
450,-710
451,-711
452,-712
453,-712
454,-712
455,-713
456,-713
457,-714
458,-714
459,-715
460,-715
461,-715
462,-716
462,-717
462,-718
462,-719
463,-719
464,-719
465,-719
466,-719
467,-720
468,-720
469,-720
470,-721
471,-721
472,-722
473,-723
473,-724
474,-725
475,-725
476,-725
477,-726
478,-726
479,-727
480,-728
481,-729
482,-729
483,-729
484,-730
485,-731
486,-732
487,-733
487,-734
488,-734
489,-734
490,-735
491,-735
492,-735
493,-736
493,-737
494,-737
495,-737
496,-738
496,-739
497,-739
498,-740
498,-741
499,-741
500,-742
501,-743
502,-743
503,-743
504,-743
505,-744
506,-744
507,-745
508,-746
508,-747
509,-748
510,-749
511,-749
512,-749
513,-750
513,-751
513,-752
514,-753
514,-754
515,-754
516,-754
517,-754
518,-754
519,-754
520,-754
521,-755
521,-756
522,-756
523,-756
524,-757
525,-758
526,-758
527,-759
528,-759
529,-760
530,-760
531,-761
532,-762
533,-763
534,-763
535,-764
536,-765
536,-766
537,-766
538,-766
539,-766
540,-767
540,-768
541,-768
542,-769
543,-769
544,-770
545,-771
546,-771
547,-772
547,-773
548,-774
549,-775
550,-775
551,-776
552,-776
553,-776
554,-776
555,-776
556,-777
557,-778
558,-778
559,-779
560,-779
561,-779
562,-780
562,-781
563,-781
564,-781
565,-782
565,-783
566,-783
567,-783
568,-783
569,-784
570,-784
571,-785
571,-786
571,-787
572,-787
573,-788
573,-789
574,-789
575,-789
576,-789
577,-789
578,-790
579,-791
580,-791
581,-792
582,-792
583,-792
584,-793
585,-793
586,-793
587,-794
588,-794
589,-795
590,-795
591,-795
592,-796
593,-796
594,-796
595,-797
596,-797
597,-797
598,-797
599,-798
599,-799
600,-800
601,-800
602,-800
603,-800
604,-800
605,-800
606,-800
607,-801
608,-802
608,-803
608,-804
609,-804
610,-804
611,-805
611,-806
612,-806
613,-806
614,-806
615,-806
616,-806
617,-807
618,-807
619,-807
620,-808
621,-808
622,-809
623,-809
624,-809
625,-809
626,-810
627,-810
628,-810
629,-810
630,-811
631,-811
632,-811
633,-811
634,-812
634,-813
635,-813
636,-813
637,-813
638,-813
639,-813
640,-813
641,-813
642,-813
643,-813
644,-813
645,-813
646,-813
647,-814
647,-815
648,-816
649,-816
650,-816
651,-817
652,-817
653,-817
654,-817
655,-817
656,-817
657,-817
658,-817
659,-817
660,-817
661,-818
662,-818
663,-819
664,-819
665,-819
666,-819
667,-820
668,-820
669,-820
670,-820
671,-821
672,-821
673,-821
674,-821
675,-821
676,-821
677,-821
678,-821
679,-821
680,-822
681,-822
682,-822
683,-822
684,-822
685,-822
686,-822
687,-823
688,-823
689,-823
690,-823
691,-823
692,-823
693,-824
694,-824
695,-824
696,-824
697,-824
698,-824
699,-825
700,-825
701,-825
702,-825
703,-825
704,-825
705,-825
706,-825
707,-825
708,-825
709,-825
710,-825
711,-825
712,-825
713,-825
714,-825
715,-825
716,-825
717,-825
718,-825
719,-826
720,-826
721,-826
722,-826
723,-826
724,-826
725,-826
726,-826
727,-826
728,-826
729,-826
730,-826
731,-826
732,-826
733,-826
734,-826
735,-826
736,-826
737,-826
738,-826
739,-826
740,-826
741,-826
742,-826
743,-826
744,-826
745,-826
746,-826
747,-826
748,-825
749,-825
750,-825
751,-825
752,-825
753,-825
754,-825
755,-825
756,-825
757,-825
758,-825
759,-825
760,-825
761,-825
762,-825
763,-825
764,-825
765,-824
766,-824
767,-824
768,-824
769,-824
770,-824
771,-823
772,-823
773,-822
774,-822
775,-822
776,-822
777,-822
778,-822
779,-822
780,-821
781,-821
782,-821
783,-821
784,-821
785,-821
786,-821
787,-821
788,-820
789,-820
790,-820
791,-819
792,-819
793,-819
794,-818
795,-818
796,-817
797,-817
798,-817
799,-817
800,-816
801,-816
802,-815
803,-815
804,-815
805,-815
806,-815
807,-814
808,-814
809,-814
810,-813
811,-813
812,-813
813,-812
814,-812
815,-812
816,-811
817,-811
818,-811
819,-810
820,-810
821,-810
822,-810
823,-810
824,-809
825,-809
825,-808
826,-807
827,-806
828,-806
829,-806
830,-806
831,-806
832,-805
833,-804
834,-803
835,-803
836,-803
837,-802
838,-802
838,-801
839,-800
840,-800
841,-800
842,-800
843,-799
844,-798
845,-798
846,-798
847,-798
848,-797
849,-797
850,-797
851,-796
852,-796
853,-796
854,-796
855,-796
856,-795
857,-795
858,-795
859,-795
860,-795
861,-796
862,-796
863,-796
864,-796
865,-796
866,-796
867,-796
868,-796
869,-796
870,-796
871,-796
872,-796
873,-796
874,-796
875,-797
876,-797
877,-797
878,-797
879,-797
880,-798
881,-798
882,-798
883,-798
884,-798
885,-798
886,-799
886,-800
886,-801
887,-801
888,-802
889,-802
890,-802
891,-802
892,-802
893,-803
893,-804
893,-805
894,-805
895,-805
896,-806
897,-806
898,-806
899,-807
899,-808
899,-809
899,-810
900,-810
901,-810
902,-810
903,-810
904,-811
905,-811
906,-812
906,-813
906,-814
907,-815
908,-815
909,-815
910,-815
911,-815
912,-815
913,-816
914,-817
914,-818
915,-818
916,-818
917,-818
918,-818
919,-819
919,-820
920,-820
921,-820
922,-821
922,-822
923,-823
924,-823
925,-823
926,-823
927,-823
928,-823
929,-823
930,-824
931,-824
932,-824
933,-824
934,-824
935,-825
935,-826
935,-827
936,-828
937,-829
937,-830
938,-830
939,-831
940,-832
941,-832
942,-833
943,-833
944,-833
945,-834
945,-835
946,-836
947,-836
948,-836
949,-837
950,-837
951,-837
952,-837
953,-838
954,-839
955,-839
956,-839
957,-840
958,-840
959,-840
960,-840
961,-840
962,-840
963,-840
964,-841
964,-842
964,-843
964,-844
965,-845
966,-845
967,-845
968,-845
969,-845
970,-845
971,-845
972,-845
973,-846
974,-847
974,-848
975,-848
976,-849
977,-849
978,-849
979,-849
980,-850
981,-850
982,-850
983,-851
983,-852
984,-852
985,-853
986,-854
987,-854
988,-854
989,-854
990,-855
991,-856
992,-856
993,-856
994,-856
995,-857
996,-857
997,-858
997,-859
998,-859
999,-859
1000,-859
1001,-860
1001,-861
1002,-861
1003,-861
1004,-861
1005,-862
1006,-863
1007,-864
1007,-865
1007,-866
1008,-866
1009,-866
1010,-866
1011,-866
1012,-866
1013,-866
1014,-866
1015,-866
1016,-867
1016,-868
1016,-869
1017,-869
1018,-869
1019,-869
1020,-869
1021,-869
1022,-869
1023,-869
1024,-869
1025,-870
1025,-871
1025,-872
1026,-872
1027,-872
1028,-872
1029,-872
1030,-872
1031,-873
1031,-874
1031,-875
1032,-876
1033,-876
1034,-877
1035,-877
1036,-877
1037,-877
1038,-877
1039,-877
1040,-878
1041,-879
1041,-880
1042,-881
1043,-881
1044,-882
1045,-882
1046,-882
1047,-882
1048,-882
1049,-882
1050,-882
1051,-882
1052,-882
1053,-882
1054,-882
1055,-882
1056,-882
1057,-883
1058,-883
1059,-883
1060,-883
1061,-884
1062,-884
1063,-884
1064,-884
1065,-884
1066,-884
1067,-885
1068,-885
1069,-885
1070,-885
1071,-885
1072,-884
1073,-884
1074,-884
1074,-883
1075,-882
1076,-882
1077,-882
1078,-883
1079,-883
1080,-883
1081,-883
1082,-883
1083,-883
1084,-883
1085,-883
1086,-883
1087,-883
1088,-883
1089,-883
1090,-883
1090,-882
1090,-881
1091,-880
1091,-879
1091,-878
1091,-877
1091,-876
1091,-875
1091,-874
1090,-873
1090,-872
1090,-871
1090,-870
1090,-869
1090,-868
1090,-867
1090,-866
1090,-865
1089,-864
1088,-864
1087,-864
1086,-864
1085,-864
1084,-864
1083,-863
1082,-863
1081,-863
1080,-862
1080,-861
1079,-861
1078,-860
1078,-859
1078,-858
1078,-857
1078,-856
1078,-855
1078,-854
1078,-853
1077,-853
1076,-852
1075,-851
1074,-851
1073,-851
1072,-850
1071,-850
1070,-849
1069,-849
1068,-849
1067,-848
1066,-848
1065,-848
1064,-847
1063,-847
1062,-847
1061,-847
1060,-846
1059,-845
1058,-845
1057,-845
1056,-844
1055,-844
1054,-844
1053,-843
1052,-843
1051,-842
1050,-842
1049,-841
1048,-841
1047,-841
1046,-840
1045,-840
1044,-840
1043,-839
1043,-838
1043,-837
1042,-837
1041,-837
1040,-837
1039,-836
1039,-835
1038,-835
1037,-834
1036,-834
1035,-833
1035,-832
1035,-831
1034,-831
1033,-831
1032,-830
1031,-829
1030,-829
1029,-828
1028,-828
1027,-828
1026,-827
1025,-827
1024,-827
1023,-826
1023,-825
1023,-824
1023,-823
1023,-822
1023,-821
1023,-820
1024,-819
1025,-819
1026,-819
1027,-819
1028,-819
1029,-819
1030,-820
1031,-820
1032,-820
1033,-820
1034,-820
1035,-820
1036,-820
1037,-821
1038,-821
1039,-822
1040,-822
1041,-823
1042,-823
1043,-823
1044,-823
1045,-823
1046,-823
1047,-823
1048,-823
1049,-823
1050,-823
1051,-824
1051,-825
1052,-826
1053,-826
1054,-826
1055,-826
1056,-826
1057,-825
1058,-825
1059,-825
1060,-826
1061,-826
1062,-826
1063,-826
1064,-826
1065,-826
1066,-825
1067,-825
1068,-825
1069,-825
1069,-824
1069,-823
1070,-822
1070,-821
1070,-820
1070,-819
1070,-818
1070,-817
1070,-816
1069,-815
1068,-814
1067,-814
1066,-814
1065,-814
1064,-813
1063,-812
1063,-811
1062,-810
1061,-809
1060,-808
1059,-808
1058,-808
1057,-807
1056,-807
1055,-806
1054,-806
1053,-806
1052,-805
1051,-805
1050,-804
1049,-803
1048,-803
1047,-802
1046,-802
1045,-802
1044,-801
1043,-801
1042,-800
1041,-800
1040,-799
1039,-799
1038,-799
1037,-799
1036,-798
1035,-798
1034,-798
1033,-797
1032,-797
1031,-796
1030,-796
1029,-795
1028,-794
1027,-794
1026,-793
1025,-793
1024,-792
1023,-792
1022,-792
1021,-792
1020,-792
1019,-792
1018,-791
1017,-790
1016,-790
1015,-790
1014,-790
1013,-789
1012,-788
1012,-787
1011,-787
1010,-787
1009,-786
1008,-786
1007,-785
1006,-785
1005,-785
1004,-784
1003,-784
1002,-783
1001,-783
1000,-783
999,-783
998,-782
997,-781
996,-781
995,-781
994,-781
993,-780
992,-780
991,-780
990,-780
989,-779
988,-779
987,-778
987,-777
986,-777
985,-777
984,-777
983,-776
982,-775
981,-775
980,-774
979,-774
978,-773
977,-773
976,-773
975,-772
974,-772
973,-771
972,-771
971,-770
970,-770
969,-769
968,-769
967,-769
966,-768
965,-768
964,-767
963,-767
962,-767
961,-766
960,-765
959,-765
958,-765
957,-764
956,-764
955,-764
954,-763
953,-763
952,-763
951,-762
950,-762
949,-761
948,-761
947,-761
946,-760
945,-760
944,-759
943,-759
942,-759
941,-758
940,-758
939,-757
938,-757
937,-757
936,-756
935,-756
934,-755
933,-755
932,-755
931,-754
930,-754
929,-754
928,-753
927,-753
926,-752
925,-752
924,-751
923,-751
922,-750
921,-750
920,-750
919,-749
918,-749
917,-748
916,-748
915,-748
914,-747
913,-747
912,-746
911,-746
910,-745
909,-745
908,-744
907,-744
906,-743
905,-743
904,-742
903,-742
902,-741
901,-741
900,-741
899,-740
898,-740
897,-739
896,-738
895,-738
894,-737
893,-737
892,-736
891,-736
890,-735
889,-734
888,-734
887,-733
886,-732
885,-732
884,-731
883,-731
882,-730
881,-729
880,-729
879,-728
878,-727
877,-727
876,-726
875,-725
874,-725
873,-724
872,-723
871,-722
870,-721
869,-720
868,-720
867,-719
866,-718
865,-717
864,-716
863,-715
862,-714
861,-713
860,-712
859,-712
858,-711
857,-710
856,-710
855,-709
854,-708
853,-708
852,-707
852,-706
851,-705
850,-704
849,-703
848,-702
847,-701
847,-700
846,-700
845,-699
845,-698
844,-697
843,-697
842,-696
842,-695
841,-694
840,-693
839,-693
838,-692
837,-691
836,-690
835,-689
834,-688
833,-687
832,-686
831,-685
830,-684
829,-684
828,-683
827,-682
826,-681
825,-680
824,-680
823,-679
822,-678
821,-677
820,-677
819,-676
818,-675
817,-675
816,-674
815,-673
814,-672
813,-672
812,-672
811,-671
810,-670
809,-669
808,-669
807,-668
806,-668
805,-667
804,-667
803,-666
802,-665
801,-665
800,-664
799,-664
798,-663
797,-662
796,-662
795,-661
794,-661
793,-660
792,-660
791,-659
790,-658
789,-658
788,-657
787,-657
786,-656
785,-656
784,-655
783,-654
782,-654
781,-653
780,-653
779,-652
778,-652
777,-651
776,-650
775,-650
774,-649
773,-649
772,-649
771,-648
770,-647
769,-647
768,-646
767,-645
766,-645
765,-645
764,-644
763,-644
762,-643
761,-643
760,-642
759,-642
758,-641
757,-641
756,-640
755,-639
754,-639
753,-638
752,-638
751,-637
750,-637
749,-636
748,-636
747,-635
746,-635
745,-634
744,-634
743,-634
742,-633
741,-633
740,-633
739,-632
738,-632
737,-632
736,-631
735,-631
734,-630
733,-630
732,-629
731,-629
730,-629
729,-629
728,-628
727,-628
726,-628
725,-628
724,-627
723,-627
722,-627
721,-626
720,-626
719,-626
718,-626
717,-625
716,-625
715,-625
714,-625
713,-624
712,-624
711,-624
710,-624
709,-624
708,-623
707,-623
706,-623
705,-622
704,-622
703,-622
702,-622
701,-622
700,-621
699,-621
698,-621
697,-621
696,-621
695,-621
694,-621
693,-620
692,-620
691,-620
690,-620
689,-620
688,-620
687,-620
686,-620
685,-620
684,-620
683,-620
682,-620
681,-620
680,-620
679,-620
678,-620
677,-620
676,-620
675,-619
674,-619
673,-618
672,-618
671,-618
670,-618
669,-618
668,-618
667,-618
666,-618
665,-618
664,-618
663,-618
662,-618
661,-618
660,-617
659,-617
658,-617
657,-617
656,-617
655,-617
654,-617
653,-617
652,-617
651,-617
650,-617
649,-617
648,-617
647,-617
646,-617
645,-617
644,-617
643,-617
642,-617
641,-618
640,-618
639,-618
638,-617
637,-617
636,-617
635,-617
634,-617
633,-617
632,-617
631,-618
630,-618
629,-618
628,-618
627,-618
626,-618
625,-618
624,-618
623,-618
622,-618
621,-618
620,-618
619,-618
618,-618
617,-618
616,-618
615,-618
614,-618
613,-618
612,-619
611,-619
610,-619
609,-619
608,-619
607,-619
606,-619
605,-619
604,-619
603,-620
602,-620
601,-620
600,-620
599,-620
598,-620
597,-620
596,-620
595,-620
594,-621
593,-621
592,-621
591,-621
590,-621
589,-621
588,-622
587,-622
586,-622
585,-623
584,-623
583,-623
582,-623
581,-623
580,-623
579,-623
578,-623
577,-623
576,-623
575,-624
574,-624
573,-624
572,-624
571,-624
570,-625
569,-625
568,-625
567,-625
566,-625
565,-626
564,-626
563,-626
562,-626
561,-626
560,-626
559,-626
558,-626
557,-627
556,-627
555,-627
554,-628
553,-628
552,-628
551,-628
550,-628
549,-628
548,-629
547,-629
546,-629
545,-629
544,-629
543,-630
542,-630
541,-630
540,-630
539,-630
538,-631
537,-631
536,-631
535,-631
534,-632
533,-632
532,-632
531,-632
530,-633
529,-633
528,-633
527,-633
526,-633
525,-633
524,-633
523,-633
522,-634
521,-634
520,-634
519,-635
518,-635
517,-635
516,-635
515,-635
514,-636
513,-637
512,-637
511,-637
510,-637
509,-637
508,-637
507,-637
506,-638
505,-638
504,-638
503,-638
502,-638
501,-638
500,-639
499,-639
498,-640
497,-640
496,-640
495,-640
494,-640
493,-641
492,-641
491,-641
490,-641
489,-641
488,-641
487,-641
486,-642
485,-642
484,-643
483,-643
482,-643
481,-643
480,-643
479,-643
478,-644
477,-644
476,-644
475,-644
474,-644
473,-645
472,-645
471,-645
470,-645
469,-646
468,-646
467,-646
466,-646
465,-647
464,-647
463,-647
462,-647
461,-648
460,-648
459,-648
458,-649
457,-649
456,-649
455,-649
454,-650
453,-650
452,-650
451,-651
450,-651
449,-652
448,-652
447,-652
446,-652
445,-653
444,-653
443,-653
442,-654
441,-654
440,-654
439,-655
438,-655
437,-656
436,-656
435,-657
434,-657
433,-657
432,-658
431,-658
430,-659
429,-659
428,-660
427,-660
426,-661
425,-661
424,-662
423,-662
422,-663
421,-663
420,-664
419,-665
418,-666
417,-667
416,-667
416,-668
415,-669
415,-670
415,-671
415,-672
415,-673
415,-674
414,-675
413,-676
412,-677
411,-677
