433,-955
433,-956
433,-957
433,-958
433,-959
434,-960
434,-961
434,-962
435,-962
436,-962
437,-963
438,-963
439,-964
440,-964
441,-964
442,-965
443,-965
444,-966
445,-966
446,-966
447,-966
448,-966
449,-967
450,-967
451,-967
452,-967
453,-967
454,-967
455,-967
456,-967
457,-967
458,-967
459,-966
460,-966
461,-966
462,-966
463,-966
464,-967
465,-967
466,-967
467,-967
468,-967
469,-967
470,-967
471,-966
472,-966
473,-966
474,-966
475,-966
476,-966
477,-966
478,-966
479,-966
480,-966
481,-966
482,-965
483,-965
484,-965
485,-965
486,-965
487,-965
488,-965
489,-965
490,-965
491,-965
492,-965
493,-965
494,-965
495,-965
496,-965
497,-965
498,-965
499,-965
500,-965
501,-965
502,-965
503,-965
504,-965
505,-964
506,-964
507,-964
508,-964
509,-964
510,-964
511,-964
512,-964
513,-964
514,-964
515,-964
516,-964
517,-964
518,-964
519,-964
520,-964
521,-964
522,-964
523,-964
524,-964
525,-964
526,-964
527,-964
528,-964
529,-964
530,-964
531,-964
532,-964
533,-964
534,-964
535,-964
536,-963
537,-963
538,-963
539,-963
540,-962
541,-962
542,-962
543,-962
544,-962
545,-962
546,-962
547,-962
548,-962
549,-961
550,-961
551,-961
552,-961
553,-961
554,-961
555,-961
556,-961
557,-961
558,-961
559,-961
560,-961
561,-961
562,-961
563,-961
564,-961
565,-961
566,-961
567,-961
568,-961
569,-960
570,-959
571,-959
572,-959
572,-958
572,-957
573,-956
574,-956
575,-956
576,-956
577,-956
578,-956
579,-956
580,-956
581,-956
582,-955
583,-955
584,-955
585,-955
586,-955
587,-955
588,-954
589,-954
590,-954
591,-953
592,-953
593,-953
594,-953
595,-953
596,-952
597,-951
598,-951
599,-951
600,-951
601,-950
602,-950
603,-950
604,-950
605,-950
606,-950
607,-950
608,-950
609,-949
610,-949
610,-948
611,-947
612,-947
613,-947
614,-947
615,-947
616,-947
617,-947
618,-947
619,-947
620,-947
621,-947
622,-947
623,-946
623,-945
623,-944
623,-943
624,-942
625,-942
626,-942
627,-942
628,-942
629,-942
630,-941
631,-941
632,-941
633,-940
634,-940
635,-940
636,-940
637,-939
638,-938
639,-938
640,-938
641,-937
642,-937
643,-937
644,-937
645,-937
646,-937
647,-937
648,-936
649,-935
650,-935
651,-934
652,-934
652,-933
653,-932
654,-932
655,-932
656,-932
657,-931
658,-931
659,-930
660,-930
661,-930
662,-930
662,-929
662,-928
662,-927
663,-926
664,-926
665,-926
666,-926
667,-926
668,-926
669,-926
670,-926
670,-925
670,-924
670,-923
671,-922
671,-921
672,-920
673,-920
674,-920
675,-919
676,-919
677,-919
677,-918
677,-917
678,-916
679,-916
680,-916
681,-916
682,-915
683,-915
684,-915
684,-914
685,-913
686,-913
687,-913
688,-912
689,-911
690,-910
690,-909
690,-908
691,-907
692,-907
693,-907
694,-906
695,-906
696,-906
697,-905
698,-904
699,-904
700,-904
701,-903
702,-902
703,-902
704,-901
705,-900
706,-900
707,-899
707,-898
708,-897
709,-896
710,-896
711,-896
712,-895
713,-895
714,-894
715,-894
716,-894
716,-893
717,-892
718,-891
719,-890
720,-889
721,-889
722,-888
723,-888
724,-887
725,-886
726,-886
727,-885
728,-884
729,-883
730,-882
731,-881
732,-880
733,-879
734,-879
735,-878
735,-877
736,-876
737,-876
737,-875
738,-874
739,-873
740,-873
741,-872
742,-871
743,-870
744,-869
745,-868
746,-867
747,-866
748,-866
748,-865
748,-864
749,-863
750,-863
751,-863
752,-863
752,-862
752,-861
752,-860
753,-859
754,-859
755,-858
756,-857
757,-856
758,-855
759,-855
759,-854
760,-853
761,-853
762,-853
763,-852
764,-851
764,-850
765,-849
766,-849
766,-848
767,-847
768,-847
768,-846
769,-845
770,-844
771,-844
772,-843
772,-842
773,-841
774,-840
774,-839
775,-838
776,-838
777,-837
778,-837
779,-836
780,-836
780,-835
780,-834
780,-833
781,-832
781,-831
782,-830
783,-830
784,-830
784,-829
785,-828
785,-827
786,-826
787,-825
788,-825
789,-824
790,-823
790,-822
790,-821
791,-820
792,-820
793,-819
794,-819
794,-818
795,-817
796,-816
796,-815
797,-814
797,-813
798,-812
799,-812
799,-811
800,-810
801,-809
802,-808
802,-807
803,-806
804,-805
805,-804
805,-803
806,-802
806,-801
807,-800
808,-799
809,-798
809,-797
810,-796
810,-795
811,-794
812,-793
813,-792
813,-791
813,-790
814,-789
814,-788
815,-787
816,-786
816,-785
817,-784
817,-783
818,-782
818,-781
819,-780
820,-779
820,-778
820,-777
821,-776
822,-775
822,-774
822,-773
823,-772
824,-771
824,-770
824,-769
825,-768
826,-767
826,-766
826,-765
827,-764
827,-763
827,-762
828,-761
828,-760
828,-759
828,-758
829,-757
829,-756
830,-755
830,-754
830,-753
831,-752
831,-751
832,-750
832,-749
832,-748
833,-747
833,-746
833,-745
833,-744
834,-743
834,-742
834,-741
834,-740
835,-739
835,-738
835,-737
836,-736
836,-735
836,-734
836,-733
836,-732
837,-731
838,-730
838,-729
838,-728
839,-727
840,-726
840,-725
840,-724
841,-723
842,-723
842,-722
843,-721
844,-720
844,-719
845,-718
846,-718
846,-717
846,-716
847,-715
848,-715
849,-714
850,-713
850,-712
851,-711
852,-710
853,-710
854,-709
854,-708
855,-707
856,-707
856,-706
856,-705
857,-704
858,-704
858,-703
859,-702
860,-702
860,-701
861,-700
861,-699
861,-698
862,-697
863,-697
864,-696
865,-695
866,-694
867,-693
867,-692
868,-691
869,-690
870,-690
871,-690
871,-689
872,-688
873,-687
874,-687
875,-686
875,-685
876,-684
877,-683
878,-682
878,-681
879,-680
880,-679
881,-678
882,-677
883,-677
883,-676
884,-675
885,-675
886,-675
886,-674
887,-673
888,-673
889,-672
890,-671
891,-670
892,-669
893,-669
894,-668
895,-667
896,-666
897,-666
898,-665
899,-665
899,-664
900,-663
901,-663
902,-662
903,-661
904,-661
905,-660
906,-659
907,-659
908,-658
909,-657
910,-657
911,-656
912,-655
913,-655
914,-654
915,-653
916,-652
917,-652
918,-651
919,-651
920,-651
920,-650
921,-649
922,-649
923,-648
924,-648
925,-647
926,-647
927,-646
928,-645
929,-644
930,-644
931,-643
932,-642
933,-641
934,-641
935,-640
936,-640
937,-639
938,-639
939,-638
940,-637
941,-637
942,-636
943,-635
944,-634
945,-634
946,-633
947,-632
948,-632
949,-631
950,-631
951,-630
952,-630
953,-629
953,-628
954,-627
955,-627
956,-627
957,-626
958,-625
959,-625
960,-624
961,-624
962,-623
963,-622
964,-622
965,-621
966,-620
967,-619
968,-619
969,-618
970,-617
971,-617
972,-617
973,-616
974,-615
975,-614
976,-614
977,-614
977,-613
978,-612
979,-612
980,-612
980,-611
981,-610
982,-610
983,-609
984,-608
985,-607
986,-606
987,-606
988,-605
989,-605
990,-604
991,-603
992,-603
993,-602
994,-601
995,-601
996,-600
997,-600
998,-599
999,-599
1000,-599
1001,-598
1002,-597
1003,-596
1004,-595
1005,-594
1006,-594
1007,-593
1008,-593
1009,-593
1010,-592
1011,-591
1012,-590
1013,-589
1014,-589
1015,-588
1016,-588
1017,-587
1018,-586
1019,-586
1020,-585
1021,-585
1022,-585
1023,-584
1024,-583
1025,-583
1026,-582
1027,-581
1028,-580
1029,-579
1030,-579
1031,-578
1032,-578
1033,-577
1034,-576
1035,-575
1036,-575
1036,-574
1036,-573
1037,-572
1038,-572
1039,-571
1040,-570
1041,-570
1041,-569
1042,-568
1042,-567
1043,-566
1044,-566
1045,-566
1046,-566
1047,-565
1048,-564
1049,-563
1050,-562
1051,-562
1052,-562
1053,-562
1054,-561
1055,-561
1056,-561
1057,-561
1058,-561
1059,-561
1060,-560
1061,-560
1062,-560
1063,-560
1064,-560
1065,-560
1066,-560
1067,-560
1068,-560
1069,-560
1069,-559
1069,-558
1069,-557
1069,-556
1069,-555
1069,-554
1069,-553
1068,-552
1068,-551
1067,-550
1066,-549
1065,-548
1064,-548
1063,-547
1062,-547
1061,-547
1060,-546
1060,-545
1060,-544
1060,-543
1060,-542
1060,-541
1060,-540
1061,-539
1062,-538
1062,-537
1062,-536
1062,-535
1062,-534
1061,-534
1060,-534
1059,-534
1058,-534
1057,-534
1056,-534
1055,-534
1055,-535
1054,-536
1053,-536
1052,-536
1051,-537
1050,-538
1049,-538
1048,-538
1047,-538
1046,-538
1045,-537
1044,-537
1043,-537
1042,-537
1041,-537
1040,-537
1039,-537
1038,-537
1037,-538
1036,-538
1035,-538
1034,-538
1033,-539
1032,-539
1032,-540
1032,-541
1032,-542
1031,-543
1030,-543
1029,-543
1028,-543
1027,-544
1026,-545
1025,-545
1024,-545
1023,-545
1022,-545
1022,-546
1021,-547
1021,-548
1021,-549
1021,-550
1020,-551
1019,-552
1018,-552
1017,-552
1016,-551
1015,-550
1015,-549
1015,-548
1016,-547
1016,-546
1016,-545
1016,-544
1016,-543
1015,-543
1014,-543
1013,-543
1012,-543
1011,-543
1010,-543
1009,-543
1008,-543
1007,-544
1006,-545
1005,-546
1004,-547
1003,-547
1002,-548
1001,-548
1000,-549
999,-549
999,-550
998,-551
997,-551
996,-552
995,-552
994,-553
993,-554
992,-554
991,-555
990,-555
989,-556
988,-557
987,-558
986,-559
985,-559
984,-560
983,-560
982,-561
981,-561
980,-562
979,-563
978,-563
978,-564
977,-565
976,-565
975,-566
974,-566
973,-567
972,-567
971,-568
970,-569
969,-570
968,-570
967,-571
966,-571
965,-572
964,-572
963,-573
962,-574
961,-575
960,-575
960,-576
959,-577
958,-577
957,-578
957,-579
956,-580
955,-580
954,-580
953,-580
952,-581
951,-582
950,-583
949,-584
948,-585
947,-585
946,-586
945,-586
944,-587
943,-587
942,-587
941,-588
940,-589
939,-589
938,-590
937,-590
936,-591
935,-592
934,-592
933,-593
932,-594
931,-594
930,-595
929,-596
928,-597
927,-597
926,-598
925,-599
924,-599
923,-599
922,-599
921,-599
920,-599
919,-599
919,-600
919,-601
919,-602
918,-603
917,-603
916,-604
915,-605
914,-606
913,-606
912,-607
911,-608
910,-609
909,-609
908,-610
907,-611
906,-611
905,-612
904,-612
903,-613
902,-614
901,-614
900,-615
899,-615
898,-616
897,-617
896,-617
895,-618
894,-619
893,-619
892,-620
891,-621
890,-621
889,-622
888,-622
887,-623
886,-624
885,-624
884,-625
883,-626
882,-626
881,-627
880,-627
879,-628
878,-628
877,-629
876,-629
875,-630
874,-631
873,-631
872,-632
871,-633
870,-634
869,-634
868,-635
867,-635
866,-636
865,-637
864,-637
863,-638
862,-639
861,-639
860,-640
859,-640
858,-641
857,-642
856,-642
855,-642
854,-643
853,-644
852,-645
851,-645
850,-646
849,-646
848,-647
847,-647
846,-648
845,-648
844,-649
843,-649
842,-650
841,-650
840,-651
839,-651
838,-651
837,-652
836,-652
835,-653
834,-653
833,-653
832,-654
831,-654
830,-655
829,-655
828,-655
827,-656
826,-656
825,-656
824,-657
823,-657
822,-658
821,-658
820,-659
819,-659
818,-659
817,-660
816,-660
815,-660
814,-660
813,-661
812,-661
811,-661
810,-662
809,-662
808,-662
807,-663
806,-663
805,-663
804,-663
803,-663
802,-664
801,-664
800,-664
799,-664
798,-664
797,-664
796,-664
795,-664
794,-663
793,-663
792,-663
791,-663
790,-663
789,-663
788,-663
787,-663
786,-663
785,-663
784,-663
783,-663
782,-662
781,-662
780,-662
779,-662
778,-662
777,-662
776,-662
775,-662
774,-662
773,-662
772,-662
771,-662
770,-662
769,-662
768,-662
767,-662
766,-662
765,-662
764,-662
763,-662
762,-662
761,-662
760,-662
759,-662
758,-662
757,-662
756,-662
755,-662
754,-662
753,-662
752,-662
751,-662
750,-663
749,-663
748,-663
747,-663
746,-663
745,-663
744,-663
743,-663
742,-664
741,-664
740,-664
739,-664
738,-664
737,-664
736,-664
735,-664
734,-664
733,-664
732,-664
731,-664
730,-664
729,-664
728,-664
727,-664
726,-664
725,-664
724,-664
723,-664
722,-664
721,-664
720,-665
719,-665
718,-665
717,-665
716,-665
715,-666
714,-666
713,-667
712,-667
711,-667
710,-667
709,-667
708,-667
707,-668
706,-668
705,-668
704,-668
703,-668
702,-668
701,-668
700,-669
699,-669
698,-670
697,-670
696,-670
695,-671
694,-671
693,-671
692,-672
691,-672
690,-672
689,-672
688,-673
687,-673
686,-673
685,-674
684,-674
683,-674
682,-675
681,-675
680,-675
679,-675
678,-676
677,-676
676,-676
675,-677
674,-677
673,-677
672,-678
671,-678
670,-678
669,-679
668,-679
667,-680
666,-680
665,-681
664,-682
663,-682
662,-683
661,-683
660,-684
659,-684
658,-685
657,-686
656,-686
655,-686
654,-687
653,-687
652,-688
651,-688
650,-689
649,-689
648,-690
647,-691
646,-691
645,-692
644,-692
643,-693
642,-693
641,-694
640,-694
639,-695
638,-695
637,-696
636,-696
635,-697
634,-698
633,-698
632,-698
631,-699
630,-700
629,-700
628,-701
627,-701
626,-702
625,-702
624,-703
623,-704
622,-704
621,-705
620,-705
619,-706
618,-707
617,-707
616,-708
615,-708
614,-709
613,-710
612,-710
611,-711
610,-712
609,-712
608,-713
607,-714
606,-714
605,-715
604,-716
603,-716
602,-717
601,-718
600,-718
599,-719
598,-720
597,-720
596,-721
595,-722
594,-723
593,-724
592,-724
591,-725
590,-726
589,-727
588,-727
587,-728
586,-729
585,-730
584,-731
583,-732
582,-732
581,-733
580,-734
579,-735
578,-736
577,-736
576,-737
576,-738
575,-739
574,-739
573,-740
572,-741
571,-742
570,-743
569,-743
568,-744
567,-745
566,-746
565,-747
564,-748
563,-749
562,-750
561,-751
560,-752
559,-753
558,-754
557,-755
556,-756
555,-757
554,-758
553,-759
552,-760
551,-760
551,-761
550,-762
549,-763
548,-764
547,-765
546,-766
545,-767
544,-768
543,-769
543,-770
542,-771
541,-772
540,-773
540,-774
539,-775
538,-776
537,-777
537,-778
536,-779
535,-780
534,-781
533,-782
533,-783
532,-784
531,-785
531,-786
530,-787
529,-788
528,-789
527,-790
527,-791
526,-792
525,-793
525,-794
524,-795
523,-796
523,-797
522,-798
522,-799
521,-800
520,-801
520,-802
519,-803
518,-804
518,-805
517,-806
516,-807
516,-808
515,-809
514,-810
513,-811
512,-812
511,-813
511,-814
511,-815
510,-816
510,-817
509,-818
508,-819
508,-820
507,-821
506,-822
506,-823
505,-824
505,-825
504,-826
503,-827
503,-828
502,-829
501,-830
500,-831
500,-832
499,-833
499,-834
499,-835
498,-836
497,-836
497,-837
496,-838
496,-839
496,-840
495,-841
494,-842
493,-843
493,-844
492,-845
492,-846
491,-847
491,-848
490,-849
489,-850
489,-851
488,-852
488,-853
487,-854
487,-855
486,-856
485,-857
485,-858
484,-859
484,-860
484,-861
483,-862
482,-863
481,-864
481,-865
481,-866
480,-867
480,-868
479,-869
479,-870
478,-871
477,-872
477,-873
476,-874
475,-875
475,-876
475,-877
474,-878
473,-879
472,-880
472,-881
472,-882
471,-883
471,-884
470,-885
469,-886
468,-887
468,-888
467,-889
466,-890
466,-891
465,-892
464,-893
464,-894
464,-895
463,-896
462,-897
461,-897
461,-898
461,-899
460,-900
460,-901
459,-902
458,-903
458,-904
457,-905
457,-906
456,-907
456,-908
455,-909
455,-910
454,-911
453,-912
453,-913
453,-914
452,-915
452,-916
451,-917
450,-918
450,-919
449,-920
449,-921
449,-922
448,-923
447,-924
447,-925
446,-926
446,-927
445,-928
445,-929
444,-930
444,-931
443,-932
443,-933
442,-934
442,-935
441,-936
441,-937
440,-938
440,-939
439,-940
439,-941
439,-942
438,-943
438,-944
437,-945
437,-946
436,-947
436,-948
436,-949
435,-950
435,-951
434,-952
434,-953
434,-954
433,-955
