458,-461
458,-462
458,-463
458,-464
458,-465
458,-466
458,-467
458,-468
458,-469
458,-470
458,-471
459,-472
459,-473
459,-474
459,-475
459,-476
460,-477
460,-478
460,-479
460,-480
461,-481
461,-482
461,-483
462,-484
463,-485
463,-486
463,-487
463,-488
463,-489
464,-490
464,-491
464,-492
464,-493
465,-494
466,-495
466,-496
467,-497
467,-498
468,-499
468,-500
469,-501
469,-502
470,-503
470,-504
470,-505
470,-506
470,-507
470,-508
471,-508
472,-509
472,-510
472,-511
473,-512
473,-513
473,-514
474,-515
474,-516
475,-517
475,-518
475,-519
476,-520
476,-521
476,-522
476,-523
477,-524
477,-525
477,-526
477,-527
478,-528
478,-529
478,-530
478,-531
479,-532
479,-533
479,-534
479,-535
480,-536
480,-537
480,-538
480,-539
481,-540
481,-541
482,-542
482,-543
482,-544
482,-545
483,-546
483,-547
483,-548
484,-549
484,-550
484,-551
484,-552
485,-553
485,-554
485,-555
486,-556
486,-557
486,-558
487,-559
487,-560
487,-561
488,-562
488,-563
488,-564
489,-565
489,-566
490,-567
490,-568
490,-569
491,-570
491,-571
491,-572
492,-573
492,-574
493,-575
493,-576
494,-577
494,-578
494,-579
495,-580
495,-581
495,-582
496,-583
496,-584
497,-585
497,-586
498,-587
498,-588
499,-589
499,-590
500,-591
500,-592
500,-593
501,-594
502,-595
502,-596
502,-597
503,-598
503,-599
504,-600
504,-601
505,-602
505,-603
506,-604
506,-605
507,-606
508,-607
508,-608
509,-609
509,-610
510,-611
511,-612
511,-613
512,-614
512,-615
513,-616
513,-617
514,-618
515,-619
515,-620
516,-621
516,-622
517,-623
518,-624
518,-625
519,-626
519,-627
520,-628
521,-629
521,-630
522,-631
523,-632
523,-633
524,-634
525,-635
525,-636
526,-637
527,-638
528,-639
528,-640
529,-641
530,-642
530,-643
530,-644
531,-644
532,-645
532,-646
533,-647
533,-648
534,-649
535,-650
536,-651
536,-652
536,-653
537,-653
538,-654
539,-655
540,-656
540,-657
541,-657
542,-658
542,-659
542,-660
543,-660
544,-661
545,-662
546,-663
546,-664
546,-665
546,-666
547,-666
548,-667
549,-668
550,-669
551,-670
552,-671
553,-672
553,-673
554,-674
555,-675
556,-676
557,-677
558,-678
558,-679
559,-679
560,-680
560,-681
561,-682
562,-683
563,-684
563,-685
564,-686
565,-686
566,-687
567,-688
568,-689
568,-690
569,-691
570,-692
571,-693
572,-693
573,-694
574,-695
574,-696
574,-697
575,-697
576,-698
576,-699
577,-699
578,-699
579,-700
579,-701
579,-702
580,-702
581,-703
582,-703
583,-704
583,-705
583,-706
583,-707
583,-708
584,-708
585,-708
586,-709
587,-710
588,-710
589,-711
590,-712
590,-713
590,-714
591,-715
592,-715
593,-715
594,-716
594,-717
595,-717
596,-718
596,-719
597,-720
598,-721
599,-721
600,-722
601,-723
602,-724
603,-725
604,-726
605,-727
606,-727
607,-728
608,-729
609,-730
610,-731
611,-732
612,-733
613,-733
614,-734
614,-735
615,-735
616,-736
617,-737
618,-738
619,-739
620,-740
621,-741
622,-741
623,-742
624,-742
625,-743
625,-744
626,-744
627,-745
628,-746
629,-747
630,-747
631,-748
631,-749
632,-750
632,-751
633,-752
634,-752
635,-752
636,-752
637,-752
638,-753
638,-754
638,-755
639,-756
640,-756
641,-756
642,-757
643,-758
644,-759
644,-760
644,-761
645,-761
646,-762
646,-763
647,-763
648,-764
648,-765
649,-765
650,-765
651,-765
652,-766
653,-766
654,-766
655,-766
656,-766
657,-766
658,-767
658,-768
659,-768
660,-768
661,-768
662,-769
663,-770
663,-771
663,-772
663,-773
663,-774
663,-775
664,-775
665,-776
666,-776
667,-777
668,-777
669,-777
670,-778
670,-779
671,-780
672,-780
673,-780
674,-781
675,-781
676,-781
677,-781
678,-782
679,-783
680,-783
681,-783
682,-783
683,-784
684,-784
685,-784
686,-785
687,-785
688,-785
689,-785
690,-786
690,-787
691,-788
692,-789
693,-789
694,-790
695,-790
696,-790
697,-790
698,-790
699,-791
700,-791
701,-791
702,-791
703,-792
704,-792
705,-792
706,-792
707,-792
708,-793
708,-794
708,-795
709,-795
710,-795
711,-796
712,-797
713,-797
714,-797
715,-798
716,-798
717,-798
718,-798
719,-798
720,-799
721,-800
722,-800
723,-800
724,-800
725,-800
726,-800
727,-800
728,-801
729,-801
730,-802
731,-802
732,-802
733,-802
734,-802
735,-802
736,-802
737,-802
738,-802
739,-802
740,-802
741,-802
742,-802
743,-802
744,-803
744,-804
744,-805
745,-805
746,-806
747,-806
748,-806
749,-806
750,-806
751,-806
752,-806
753,-806
754,-806
755,-806
756,-806
757,-806
758,-805
759,-805
760,-805
761,-804
762,-804
763,-804
764,-804
765,-804
766,-803
767,-803
768,-803
769,-802
770,-802
771,-802
772,-802
773,-802
774,-801
775,-801
776,-801
777,-801
778,-801
779,-801
780,-801
781,-801
782,-801
783,-801
784,-801
785,-800
786,-800
787,-800
788,-800
789,-800
790,-800
791,-801
792,-801
793,-801
794,-801
795,-801
796,-801
797,-801
798,-801
799,-801
800,-802
801,-802
802,-802
803,-802
804,-802
805,-803
805,-804
805,-805
806,-805
807,-805
808,-805
809,-805
810,-804
811,-804
812,-804
813,-804
814,-804
815,-804
816,-804
817,-805
818,-805
819,-805
820,-806
821,-807
822,-807
823,-808
824,-808
825,-809
826,-810
827,-811
828,-811
829,-811
830,-812
831,-812
832,-812
833,-813
834,-814
835,-814
836,-815
836,-816
837,-816
838,-817
839,-818
840,-819
841,-819
842,-820
842,-821
843,-821
844,-822
845,-822
846,-823
847,-823
848,-824
848,-825
849,-825
850,-826
851,-827
852,-828
853,-829
854,-829
855,-830
855,-831
856,-831
857,-832
857,-833
858,-833
859,-834
860,-834
861,-835
862,-836
863,-836
864,-837
864,-838
865,-839
866,-840
867,-841
868,-842
869,-843
870,-844
870,-845
871,-846
872,-847
873,-847
874,-847
875,-848
876,-849
877,-849
878,-850
878,-851
878,-852
878,-853
879,-853
880,-854
880,-855
881,-855
882,-855
883,-856
883,-857
884,-857
885,-858
885,-859
886,-860
886,-861
887,-862
888,-863
889,-864
890,-865
890,-866
891,-867
892,-868
892,-869
893,-870
894,-871
894,-872
895,-873
895,-874
896,-875
897,-876
898,-877
899,-878
900,-879
900,-880
901,-881
902,-882
902,-883
903,-884
904,-885
904,-886
905,-886
906,-887
907,-888
907,-889
908,-890
909,-891
910,-892
911,-893
912,-894
913,-895
914,-896
914,-897
915,-898
916,-899
916,-900
916,-901
917,-901
918,-902
918,-903
919,-903
920,-904
921,-905
921,-906
922,-906
923,-907
924,-908
925,-909
925,-910
926,-911
927,-912
928,-913
929,-914
929,-915
930,-916
931,-917
932,-918
933,-919
934,-920
935,-921
936,-922
936,-923
937,-924
938,-925
939,-926
940,-927
940,-928
941,-928
942,-929
942,-930
943,-931
943,-932
944,-932
945,-933
945,-934
945,-935
946,-936
947,-936
948,-937
949,-938
949,-939
950,-940
951,-941
952,-942
952,-943
953,-944
954,-945
955,-946
955,-947
956,-948
957,-948
958,-949
958,-950
958,-951
958,-952
959,-953
960,-954
961,-955
961,-956
961,-957
962,-957
963,-957
964,-958
965,-959
965,-960
966,-961
966,-962
966,-963
966,-964
967,-964
968,-965
968,-966
969,-967
970,-968
971,-969
971,-970
972,-971
973,-972
974,-973
975,-974
976,-974
977,-975
977,-976
977,-977
977,-978
978,-979
979,-980
980,-981
981,-982
981,-983
982,-984
982,-985
983,-986
984,-986
985,-987
985,-988
985,-989
986,-989
987,-989
988,-989
989,-990
989,-991
989,-992
989,-993
990,-993
991,-994
992,-995
992,-996
993,-996
994,-997
995,-998
995,-999
995,-1000
996,-1001
997,-1002
998,-1002
999,-1002
1000,-1003
1000,-1004
1000,-1005
1000,-1006
1001,-1007
1001,-1008
1002,-1008
1003,-1009
1004,-1010
1005,-1011
1005,-1012
1005,-1013
1005,-1014
1006,-1014
1007,-1015
1007,-1016
1007,-1017
1008,-1017
1009,-1018
1009,-1019
1009,-1020
1009,-1021
1009,-1022
1010,-1022
1011,-1022
1012,-1023
1012,-1024
1013,-1024
1014,-1024
1015,-1024
1016,-1024
1017,-1024
1018,-1024
1019,-1024
1020,-1024
1021,-1024
1022,-1024
1023,-1024
1024,-1025
1025,-1026
1026,-1026
1027,-1026
1028,-1027
1028,-1028
1028,-1029
1028,-1030
1028,-1031
1028,-1032
1028,-1033
1029,-1034
1030,-1034
1031,-1034
1032,-1034
1033,-1034
1034,-1034
1035,-1035
1035,-1036
1035,-1037
1035,-1038
1035,-1039
1035,-1040
1035,-1041
1035,-1042
1036,-1042
1037,-1042
1038,-1042
1039,-1042
1040,-1042
1041,-1042
1042,-1042
1043,-1042
1044,-1042
1044,-1041
1044,-1040
1044,-1039
1044,-1038
1043,-1038
1042,-1038
1041,-1038
1040,-1038
1039,-1037
1038,-1037
1037,-1037
1036,-1036
1036,-1035
1036,-1034
1037,-1033
1037,-1032
1037,-1031
1037,-1030
1037,-1029
1037,-1028
1037,-1027
1036,-1026
1035,-1025
1034,-1025
1033,-1024
1033,-1023
1033,-1022
1034,-1021
1035,-1021
1036,-1021
1037,-1021
1038,-1021
1039,-1021
1040,-1021
1040,-1020
1040,-1019
1040,-1018
1040,-1017
1040,-1016
1039,-1016
1038,-1016
1037,-1016
1036,-1015
1036,-1014
1036,-1013
1036,-1012
1036,-1011
1036,-1010
1036,-1009
1036,-1008
1036,-1007
1035,-1006
1035,-1005
1035,-1004
1035,-1003
1035,-1002
1035,-1001
1035,-1000
1035,-999
1034,-998
1033,-997
1032,-996
1032,-995
1031,-995
1030,-994
1030,-993
1030,-992
1029,-992
1028,-992
1027,-992
1026,-992
1025,-991
1024,-990
1024,-989
1023,-989
1022,-988
1022,-987
1022,-986
1021,-985
1020,-984
1020,-983
1019,-982
1019,-981
1019,-980
1019,-979
1019,-978
1019,-977
1018,-977
1017,-977
1016,-977
1015,-976
1014,-975
1013,-975
1012,-974
1011,-974
1010,-974
1009,-973
1009,-972
1009,-971
1009,-970
1008,-970
1007,-969
1007,-968
1006,-967
1005,-966
1005,-965
1005,-964
1004,-963
1003,-962
1003,-961
1002,-961
1001,-960
1001,-959
1001,-958
1000,-957
1000,-956
1000,-955
1000,-954
1001,-953
1002,-953
1003,-953
1004,-953
1005,-954
1005,-955
1006,-955
1007,-955
1008,-955
1009,-955
1010,-955
1010,-954
1010,-953
1010,-952
1010,-951
1010,-950
1009,-949
1008,-948
1007,-947
1007,-946
1006,-945
1005,-944
1005,-943
1004,-942
1003,-941
1002,-940
1002,-939
1001,-938
1000,-937
1000,-936
999,-935
998,-934
997,-933
997,-932
996,-931
995,-930
995,-929
994,-928
993,-927
992,-926
991,-925
990,-924
990,-923
989,-922
988,-921
988,-920
987,-919
986,-918
985,-918
984,-917
983,-916
983,-915
982,-914
981,-913
981,-912
980,-911
979,-910
978,-909
977,-908
977,-907
976,-906
975,-905
974,-904
973,-903
973,-902
972,-901
971,-900
970,-899
969,-898
969,-897
968,-896
967,-895
966,-894
965,-893
965,-892
964,-891
963,-890
962,-889
961,-888
960,-887
960,-886
959,-885
958,-884
957,-883
956,-882
956,-881
955,-880
954,-879
953,-878
952,-877
951,-876
951,-875
950,-874
949,-873
948,-872
947,-871
947,-870
946,-869
945,-868
945,-867
944,-866
943,-865
942,-864
941,-863
941,-862
940,-861
940,-860
939,-859
938,-858
937,-857
937,-856
936,-856
935,-855
935,-854
934,-853
933,-852
933,-851
932,-850
931,-849
930,-848
929,-847
929,-846
928,-845
927,-844
927,-843
926,-842
925,-841
924,-840
923,-839
922,-838
922,-837
921,-836
920,-836
919,-835
919,-834
918,-833
917,-832
916,-831
916,-830
915,-829
914,-828
913,-827
912,-826
912,-825
911,-825
910,-824
910,-823
909,-822
908,-821
907,-820
906,-819
905,-818
904,-817
903,-816
903,-815
902,-814
901,-813
900,-812
900,-811
899,-811
898,-810
898,-809
897,-808
896,-807
895,-806
894,-805
893,-804
892,-803
891,-802
890,-801
889,-800
889,-799
888,-799
887,-798
886,-797
885,-796
885,-795
884,-794
883,-793
882,-793
881,-792
881,-791
880,-790
879,-789
878,-788
877,-787
877,-786
876,-785
875,-784
874,-783
873,-782
873,-781
872,-780
871,-779
870,-778
869,-777
868,-776
867,-775
866,-774
865,-773
864,-772
864,-771
863,-770
862,-769
861,-768
860,-767
859,-766
858,-765
857,-764
857,-763
856,-762
855,-761
855,-760
854,-759
853,-758
853,-757
852,-757
851,-756
851,-755
850,-754
849,-753
849,-752
848,-751
847,-750
847,-749
847,-748
847,-747
847,-746
847,-745
847,-744
846,-744
845,-744
844,-743
843,-742
842,-741
841,-740
841,-739
840,-738
840,-737
839,-736
839,-735
838,-734
837,-733
837,-732
837,-731
836,-730
835,-729
835,-728
834,-727
834,-726
833,-725
833,-724
833,-723
832,-722
832,-721
831,-720
831,-719
831,-718
830,-717
830,-716
829,-715
829,-714
829,-713
829,-712
828,-711
828,-710
828,-709
827,-708
827,-707
827,-706
827,-705
826,-704
826,-703
826,-702
825,-701
825,-700
825,-699
825,-698
825,-697
824,-696
824,-695
824,-694
824,-693
824,-692
824,-691
823,-690
823,-689
823,-688
823,-687
823,-686
822,-685
822,-684
822,-683
822,-682
822,-681
821,-680
821,-679
821,-678
821,-677
820,-676
820,-675
820,-674
819,-673
819,-672
819,-671
819,-670
818,-669
818,-668
817,-667
817,-666
817,-665
817,-664
816,-663
816,-662
816,-661
815,-660
815,-659
815,-658
814,-657
813,-656
813,-655
812,-654
812,-653
811,-652
811,-651
811,-650
810,-649
810,-648
809,-647
809,-646
808,-645
808,-644
808,-643
807,-642
806,-641
806,-640
805,-639
805,-638
804,-637
804,-636
803,-635
803,-634
802,-633
802,-632
801,-631
800,-630
800,-629
799,-628
799,-627
798,-627
797,-626
797,-625
796,-624
796,-623
795,-622
794,-621
794,-620
793,-619
792,-618
792,-617
791,-616
791,-615
790,-614
789,-613
788,-612
788,-611
787,-610
786,-609
785,-608
785,-607
784,-606
783,-605
782,-604
782,-603
781,-602
780,-601
779,-600
778,-599
777,-598
776,-597
776,-596
775,-595
774,-594
773,-593
772,-592
772,-591
771,-590
770,-589
769,-589
768,-588
768,-587
767,-587
766,-586
765,-585
764,-584
764,-583
763,-582
762,-581
761,-580
761,-579
760,-579
759,-579
758,-578
758,-577
757,-576
756,-575
755,-574
754,-573
753,-572
752,-571
751,-570
750,-570
749,-569
748,-568
747,-567
747,-566
746,-566
745,-565
744,-564
743,-563
742,-562
741,-561
740,-561
739,-560
738,-559
737,-558
736,-558
735,-557
734,-556
733,-555
732,-555
731,-554
730,-553
729,-552
728,-551
727,-551
726,-551
725,-550
724,-549
723,-548
722,-548
721,-547
720,-546
719,-545
718,-545
717,-544
716,-543
715,-542
714,-542
713,-541
712,-541
711,-540
710,-539
709,-539
708,-538
707,-537
706,-537
705,-537
704,-536
703,-535
702,-535
701,-534
700,-534
699,-534
698,-533
697,-532
696,-532
695,-531
694,-531
693,-530
692,-529
691,-529
690,-528
689,-527
688,-527
687,-527
686,-526
685,-525
684,-525
683,-524
682,-523
681,-523
680,-522
679,-522
678,-521
677,-521
676,-520
675,-520
674,-519
673,-519
672,-518
671,-518
670,-517
669,-516
668,-516
667,-515
666,-514
665,-514
664,-514
663,-513
662,-513
661,-512
660,-511
659,-511
658,-510
657,-510
656,-510
655,-509
654,-509
653,-508
652,-508
651,-508
650,-507
649,-507
648,-506
647,-506
646,-506
645,-506
644,-505
643,-505
642,-505
641,-504
640,-504
639,-503
638,-503
637,-502
636,-502
635,-501
634,-501
633,-501
632,-500
631,-500
630,-499
629,-499
628,-499
627,-498
626,-498
625,-497
624,-497
623,-497
622,-496
621,-496
620,-495
619,-495
618,-495
617,-495
616,-494
615,-494
614,-494
613,-494
612,-493
611,-493
610,-493
609,-492
608,-492
607,-492
606,-492
605,-491
604,-491
603,-491
602,-490
601,-490
600,-490
599,-490
598,-490
597,-489
596,-489
595,-489
594,-488
593,-488
592,-487
591,-487
590,-487
589,-487
588,-487
587,-486
586,-486
585,-486
584,-486
583,-485
582,-485
581,-485
580,-485
579,-484
578,-484
577,-484
576,-484
575,-484
574,-484
573,-484
572,-483
571,-483
570,-483
569,-482
568,-482
567,-482
566,-482
565,-481
564,-481
563,-481
562,-481
561,-481
560,-481
559,-480
558,-480
557,-480
556,-480
555,-479
554,-479
553,-479
552,-479
551,-479
550,-479
549,-478
548,-478
547,-478
546,-477
545,-477
544,-477
543,-477
542,-477
541,-476
540,-476
539,-476
538,-476
537,-476
536,-475
535,-475
534,-475
533,-475
532,-475
531,-475
530,-475
529,-475
528,-474
527,-474
526,-474
525,-474
524,-474
523,-474
522,-474
521,-474
520,-473
519,-473
518,-473
517,-473
516,-472
515,-472
514,-472
513,-472
512,-472
511,-471
510,-471
509,-471
508,-471
507,-470
506,-470
505,-470
504,-470
503,-469
502,-469
501,-469
500,-469
499,-468
498,-468
497,-468
496,-468
495,-467
494,-467
493,-467
492,-467
491,-466
490,-466
489,-466
488,-466
487,-465
486,-465
485,-465
484,-465
483,-464
482,-464
481,-464
480,-464
479,-463
478,-463
477,-463
476,-463
475,-462
474,-462
473,-462
472,-462
471,-461
470,-461
469,-461
468,-461
467,-460
466,-460
465,-460
464,-460
463,-460
462,-460
461,-460
460,-460
459,-460
458,-461
