426,-746
426,-747
426,-748
426,-749
426,-750
427,-750
428,-750
429,-751
430,-752
431,-753
431,-754
432,-754
433,-754
434,-754
435,-754
436,-754
437,-755
438,-755
439,-756
440,-757
441,-758
442,-758
443,-758
444,-758
445,-758
446,-758
447,-759
447,-760
447,-761
447,-762
447,-763
447,-764
448,-764
449,-764
450,-764
451,-764
452,-764
453,-764
454,-765
454,-766
454,-767
455,-768
456,-768
457,-768
458,-769
458,-770
459,-770
460,-770
461,-770
462,-770
463,-771
463,-772
463,-773
464,-773
465,-774
466,-774
467,-775
468,-775
469,-775
470,-776
471,-776
472,-776
473,-776
474,-777
474,-778
475,-779
476,-780
477,-780
478,-781
479,-782
480,-783
481,-783
482,-783
483,-784
484,-784
485,-785
485,-786
486,-786
487,-787
488,-788
489,-788
490,-789
491,-789
492,-789
493,-789
494,-790
494,-791
494,-792
495,-792
496,-792
497,-792
498,-793
498,-794
499,-794
500,-795
501,-795
502,-796
503,-796
504,-797
505,-797
506,-797
507,-798
508,-798
509,-799
509,-800
509,-801
510,-801
511,-801
512,-802
513,-802
514,-802
515,-803
516,-803
517,-804
518,-804
519,-804
520,-804
521,-805
522,-805
523,-805
524,-805
525,-805
526,-806
526,-807
527,-807
528,-808
529,-808
530,-808
531,-809
532,-810
533,-811
533,-812
534,-813
535,-813
536,-813
537,-813
538,-813
539,-814
540,-814
541,-815
542,-815
543,-815
544,-816
545,-816
546,-816
547,-816
548,-817
549,-818
549,-819
550,-820
551,-820
552,-821
553,-821
554,-821
555,-821
556,-821
557,-822
558,-822
559,-822
560,-823
561,-823
562,-824
563,-825
564,-825
565,-825
566,-825
567,-825
568,-826
569,-826
570,-827
570,-828
571,-829
572,-830
573,-830
574,-830
575,-830
576,-830
577,-830
578,-830
579,-831
579,-832
580,-832
581,-832
582,-832
583,-833
584,-833
585,-833
586,-833
587,-834
588,-835
589,-835
590,-835
591,-836
592,-836
593,-836
594,-837
595,-837
596,-837
597,-837
598,-837
599,-837
600,-838
601,-838
602,-839
603,-840
604,-840
605,-840
606,-841
607,-841
608,-841
609,-841
610,-841
611,-842
612,-842
613,-842
614,-842
615,-843
616,-843
617,-843
618,-843
619,-844
620,-844
621,-844
622,-844
623,-845
624,-845
625,-845
626,-845
627,-845
628,-845
629,-845
630,-846
631,-846
632,-846
633,-846
634,-846
635,-846
636,-846
637,-846
638,-846
639,-847
640,-847
641,-847
642,-847
643,-848
644,-848
645,-849
646,-849
647,-849
648,-849
649,-849
650,-849
651,-849
652,-850
653,-850
654,-850
655,-850
656,-850
657,-850
658,-850
659,-851
660,-851
661,-851
662,-851
663,-851
664,-851
665,-851
666,-851
667,-851
668,-851
669,-851
670,-851
671,-851
672,-851
673,-851
674,-851
675,-851
676,-851
677,-851
678,-851
679,-851
680,-851
681,-851
682,-851
683,-851
684,-851
685,-851
686,-851
687,-851
688,-851
689,-851
690,-851
691,-851
692,-851
693,-851
694,-850
695,-850
696,-850
697,-850
698,-850
699,-850
700,-849
701,-849
702,-849
703,-849
704,-849
705,-849
706,-848
707,-848
708,-848
709,-847
710,-846
711,-846
712,-846
713,-846
714,-846
715,-846
716,-846
717,-845
718,-845
719,-845
720,-845
721,-845
722,-845
723,-844
724,-844
725,-844
726,-843
727,-843
728,-843
729,-843
730,-843
731,-843
732,-842
733,-842
734,-842
735,-842
736,-842
737,-842
738,-842
739,-841
740,-841
741,-840
742,-840
743,-840
744,-840
745,-840
745,-839
746,-838
747,-838
748,-838
749,-837
750,-837
751,-837
752,-837
753,-837
753,-836
754,-835
755,-835
756,-835
757,-834
758,-834
759,-833
760,-833
761,-833
762,-833
762,-832
763,-831
764,-831
765,-830
766,-830
767,-829
768,-829
769,-828
770,-828
771,-827
772,-827
773,-826
774,-826
775,-825
776,-825
777,-825
778,-824
779,-824
780,-823
780,-822
781,-821
782,-820
783,-820
784,-819
785,-818
786,-817
787,-817
788,-816
789,-815
790,-814
791,-814
792,-814
793,-814
794,-813
794,-812
794,-811
794,-810
795,-809
796,-809
797,-808
798,-808
799,-807
799,-806
799,-805
800,-804
801,-804
802,-804
802,-803
803,-802
804,-802
804,-801
805,-800
806,-799
807,-798
808,-798
809,-798
810,-797
810,-796
811,-795
812,-794
812,-793
813,-792
814,-792
815,-791
815,-790
816,-789
817,-789
818,-788
819,-787
820,-787
821,-786
822,-786
823,-785
824,-784
825,-784
826,-783
827,-782
828,-782
829,-782
830,-782
831,-782
832,-782
833,-782
834,-782
835,-783
836,-783
837,-784
838,-784
839,-785
840,-785
841,-785
842,-786
843,-786
844,-786
845,-787
846,-787
847,-787
848,-787
849,-788
850,-788
851,-788
852,-788
853,-788
854,-788
855,-788
856,-788
857,-788
858,-788
859,-788
860,-788
861,-788
862,-788
863,-788
864,-788
865,-788
866,-788
867,-788
868,-788
869,-788
870,-788
871,-788
872,-788
873,-788
874,-788
875,-788
876,-788
877,-787
878,-787
879,-787
880,-787
881,-787
882,-787
883,-787
884,-787
885,-787
886,-787
887,-787
888,-787
889,-787
890,-787
891,-787
892,-787
893,-787
894,-787
895,-787
896,-787
897,-787
898,-787
899,-787
900,-787
901,-787
902,-787
903,-787
904,-787
905,-787
906,-788
907,-788
908,-788
909,-788
910,-788
911,-788
912,-788
913,-788
914,-788
915,-788
916,-788
917,-788
918,-788
919,-789
920,-789
921,-789
922,-789
923,-789
924,-789
925,-789
926,-789
927,-789
928,-789
929,-789
930,-789
931,-789
932,-789
933,-789
934,-789
935,-790
936,-790
937,-790
938,-790
939,-790
940,-790
941,-790
942,-790
943,-790
944,-790
945,-790
946,-790
947,-790
948,-790
949,-790
950,-791
951,-792
952,-792
953,-792
954,-792
955,-792
956,-792
957,-791
958,-791
959,-791
960,-791
961,-791
962,-792
963,-792
964,-792
965,-792
966,-792
967,-792
968,-792
969,-793
970,-793
971,-793
972,-793
973,-793
974,-793
975,-794
976,-794
977,-794
978,-794
979,-794
980,-794
981,-794
982,-794
983,-794
984,-794
985,-794
986,-794
987,-794
988,-794
989,-794
990,-794
991,-794
992,-794
993,-794
994,-795
995,-795
996,-795
997,-795
998,-795
999,-795
1000,-795
1001,-795
1002,-795
1003,-795
1004,-796
1005,-796
1006,-796
1007,-796
1008,-796
1009,-797
1010,-797
1011,-797
1012,-797
1013,-797
1014,-797
1015,-797
1016,-797
1017,-797
1018,-797
1019,-797
1020,-797
1021,-797
1022,-797
1023,-797
1024,-798
1025,-798
1026,-798
1027,-798
1028,-798
1029,-798
1030,-798
1031,-798
1032,-798
1033,-798
1034,-798
1035,-798
1036,-798
1037,-798
1038,-798
1039,-798
1040,-798
1041,-798
1041,-797
1042,-796
1043,-796
1044,-796
1045,-796
1046,-796
1047,-796
1048,-796
1049,-796
1050,-797
1051,-797
1052,-797
1053,-797
1054,-797
1055,-797
1056,-797
1057,-797
1058,-797
1058,-796
1059,-795
1059,-794
1060,-793
1061,-792
1062,-792
1063,-792
1064,-792
1065,-792
1066,-792
1067,-792
1068,-792
1069,-792
1070,-792
1070,-791
1070,-790
1070,-789
1071,-788
1072,-787
1073,-787
1074,-787
1075,-787
1076,-787
1076,-786
1076,-785
1076,-784
1076,-783
1076,-782
1076,-781
1075,-781
1074,-780
1074,-779
1074,-778
1074,-777
1074,-776
1075,-775
1076,-774
1076,-773
1076,-772
1076,-771
1076,-770
1076,-769
1076,-768
1075,-768
1074,-767
1074,-766
1073,-766
1072,-766
1071,-766
1070,-766
1070,-767
1070,-768
1070,-769
1069,-770
1068,-770
1067,-770
1066,-770
1065,-770
1064,-770
1063,-770
1062,-770
1061,-769
1060,-769
1059,-769
1058,-768
1057,-768
1056,-767
1055,-767
1054,-767
1053,-767
1052,-766
1051,-766
1050,-766
1049,-766
1048,-766
1047,-766
1046,-765
1045,-765
1044,-764
1043,-764
1042,-764
1041,-764
1040,-764
1039,-764
1038,-764
1037,-764
1036,-764
1035,-764
1034,-764
1033,-764
1032,-765
1031,-765
1030,-765
1029,-765
1028,-765
1027,-765
1026,-764
1026,-763
1026,-762
1026,-761
1025,-761
1024,-761
1023,-761
1022,-761
1021,-761
1020,-761
1019,-761
1018,-761
1017,-761
1016,-761
1015,-761
1014,-761
1013,-761
1012,-761
1011,-761
1010,-761
1009,-761
1008,-761
1007,-761
1006,-761
1005,-761
1004,-761
1003,-760
1002,-760
1001,-760
1000,-759
1000,-758
999,-758
998,-758
997,-758
996,-758
995,-758
994,-758
993,-758
992,-758
991,-757
990,-757
989,-757
988,-757
987,-757
986,-757
985,-757
984,-757
983,-757
982,-757
981,-757
980,-757
979,-757
978,-756
977,-755
977,-754
977,-753
977,-752
977,-751
978,-750
979,-749
980,-749
981,-749
982,-749
983,-749
984,-750
985,-750
986,-750
987,-750
988,-750
989,-750
990,-750
991,-750
992,-750
993,-750
994,-750
995,-750
996,-750
997,-750
998,-750
999,-750
1000,-750
1001,-750
1002,-750
1003,-750
1004,-751
1005,-751
1006,-751
1007,-751
1008,-751
1009,-751
1010,-751
1011,-751
1012,-751
1013,-751
1014,-751
1015,-750
1016,-750
1017,-750
1018,-750
1019,-750
1020,-750
1021,-750
1021,-749
1022,-748
1023,-748
1024,-748
1025,-747
1026,-747
1027,-747
1028,-747
1029,-747
1030,-747
1031,-748
1032,-748
1033,-748
1034,-748
1035,-748
1036,-747
1036,-746
1036,-745
1036,-744
1036,-743
1037,-742
1038,-742
1038,-741
1038,-740
1038,-739
1038,-738
1037,-738
1036,-737
1035,-737
1034,-737
1033,-737
1032,-737
1031,-737
1030,-736
1029,-736
1028,-736
1027,-736
1026,-736
1025,-735
1024,-735
1023,-735
1022,-735
1021,-735
1020,-735
1019,-735
1018,-735
1017,-735
1016,-734
1015,-734
1014,-734
1013,-734
1012,-734
1011,-734
1010,-734
1009,-734
1008,-734
1007,-734
1006,-733
1005,-733
1004,-733
1003,-733
1002,-733
1001,-732
1000,-732
999,-732
998,-732
997,-732
996,-732
995,-732
994,-732
993,-732
992,-732
991,-732
990,-732
989,-732
988,-733
987,-733
986,-733
985,-733
984,-733
983,-732
982,-732
981,-732
980,-732
979,-732
978,-732
977,-732
976,-732
975,-731
974,-731
973,-731
972,-731
971,-730
970,-730
969,-730
968,-730
967,-730
966,-730
965,-730
964,-730
963,-730
962,-730
961,-730
960,-730
959,-730
958,-730
957,-730
956,-730
955,-730
954,-730
953,-730
952,-730
951,-730
950,-730
949,-730
948,-730
947,-730
946,-730
945,-730
944,-730
943,-729
942,-729
941,-729
940,-729
939,-729
938,-729
937,-729
936,-729
935,-729
934,-729
933,-729
932,-729
931,-729
930,-729
929,-729
928,-729
927,-729
926,-729
925,-729
924,-729
923,-729
922,-729
921,-729
920,-729
919,-729
918,-729
917,-729
916,-729
915,-729
914,-729
913,-729
912,-729
911,-729
910,-729
909,-729
908,-729
907,-729
906,-729
905,-729
904,-728
903,-728
902,-728
901,-728
900,-728
899,-728
898,-728
897,-728
896,-728
895,-728
894,-728
893,-728
892,-728
891,-728
890,-728
889,-728
888,-728
887,-728
886,-727
885,-727
884,-727
883,-727
882,-727
881,-727
880,-727
879,-727
878,-727
877,-727
876,-727
875,-726
874,-726
873,-726
872,-726
871,-726
870,-726
869,-726
868,-726
867,-726
866,-726
865,-725
864,-725
863,-725
862,-725
861,-725
860,-725
859,-725
858,-725
857,-724
856,-724
855,-724
854,-724
853,-723
852,-723
851,-723
850,-723
849,-723
848,-723
847,-722
846,-722
845,-722
844,-721
843,-721
842,-721
841,-721
840,-721
839,-721
838,-720
837,-720
836,-720
835,-720
834,-720
833,-719
832,-719
831,-718
830,-718
829,-717
828,-717
827,-716
826,-715
825,-715
824,-714
823,-714
822,-713
821,-713
820,-712
819,-712
818,-711
817,-710
816,-709
815,-709
814,-708
813,-707
812,-706
811,-705
810,-704
809,-703
808,-702
807,-702
806,-701
805,-700
804,-699
803,-698
802,-698
801,-697
801,-696
800,-696
799,-695
798,-694
797,-694
796,-693
795,-693
794,-692
793,-691
792,-690
791,-690
790,-689
789,-688
788,-687
787,-687
786,-687
785,-686
784,-686
783,-685
782,-684
781,-684
780,-683
779,-682
778,-682
777,-682
776,-681
775,-681
774,-680
774,-679
773,-679
772,-678
771,-678
770,-677
769,-677
768,-676
767,-676
766,-675
765,-675
764,-674
763,-674
762,-674
761,-673
760,-673
759,-672
759,-671
758,-671
757,-671
756,-671
755,-670
754,-670
753,-669
752,-669
751,-668
750,-668
749,-668
748,-667
747,-666
746,-666
745,-666
744,-666
743,-665
742,-665
741,-664
740,-664
739,-663
738,-663
737,-663
736,-662
736,-661
735,-661
734,-661
733,-661
732,-661
731,-660
730,-659
729,-659
728,-659
727,-658
726,-658
725,-658
724,-658
723,-658
722,-657
721,-657
720,-657
719,-657
718,-657
717,-656
716,-656
715,-656
714,-655
713,-655
712,-655
711,-655
710,-655
709,-655
708,-655
707,-654
706,-654
705,-654
704,-654
703,-653
702,-653
701,-653
700,-653
699,-653
698,-653
697,-653
696,-653
695,-653
694,-652
693,-652
692,-652
691,-652
690,-652
689,-652
688,-652
687,-651
686,-651
685,-651
684,-651
683,-651
682,-651
681,-651
680,-651
679,-651
678,-650
677,-650
676,-650
675,-650
674,-650
673,-650
672,-650
671,-650
670,-650
669,-650
668,-650
667,-650
666,-650
665,-650
664,-650
663,-650
662,-650
661,-650
660,-650
659,-650
658,-650
657,-650
656,-650
655,-650
654,-650
653,-650
652,-650
651,-650
650,-650
649,-650
648,-650
647,-650
646,-650
645,-650
644,-650
643,-650
642,-650
641,-650
640,-650
639,-651
638,-651
637,-651
636,-651
635,-651
634,-651
633,-651
632,-652
631,-652
630,-652
629,-652
628,-652
627,-652
626,-652
625,-652
624,-652
623,-652
622,-652
621,-652
620,-652
619,-653
618,-653
617,-653
616,-653
615,-653
614,-653
613,-653
612,-654
611,-654
610,-654
609,-654
608,-655
607,-655
606,-655
605,-655
604,-655
603,-655
602,-655
601,-656
600,-656
599,-656
598,-656
597,-656
596,-657
595,-657
594,-658
593,-658
592,-659
591,-659
590,-659
589,-659
588,-659
587,-659
586,-659
585,-660
584,-660
583,-660
582,-660
581,-660
580,-661
579,-661
578,-662
577,-662
576,-662
575,-662
574,-662
573,-662
572,-663
571,-663
570,-663
569,-663
568,-663
567,-664
566,-664
565,-664
564,-665
563,-665
562,-665
561,-665
560,-665
559,-665
558,-666
557,-666
556,-666
555,-667
554,-667
553,-667
552,-668
551,-668
550,-669
549,-670
548,-670
547,-670
546,-671
545,-671
544,-671
543,-672
542,-673
541,-673
540,-673
539,-673
538,-674
537,-674
536,-674
535,-674
534,-675
533,-675
532,-675
531,-676
530,-676
529,-677
528,-677
527,-677
526,-678
525,-678
524,-679
523,-679
523,-680
522,-681
521,-681
520,-681
519,-681
518,-682
517,-682
516,-683
515,-683
514,-683
513,-683
512,-683
511,-684
510,-684
509,-685
508,-685
507,-685
506,-686
505,-686
504,-687
503,-687
502,-687
501,-688
500,-689
499,-689
498,-689
497,-690
496,-690
495,-690
494,-690
493,-691
492,-691
491,-692
490,-693
489,-693
488,-694
487,-694
486,-695
485,-695
485,-696
484,-697
483,-697
482,-698
481,-698
480,-698
479,-699
478,-699
477,-699
476,-700
475,-700
474,-701
473,-701
472,-701
471,-702
470,-703
469,-704
468,-704
467,-704
466,-704
465,-705
464,-705
463,-706
462,-707
461,-707
460,-708
459,-708
458,-709
457,-709
456,-710
455,-710
454,-711
453,-712
452,-712
451,-713
450,-713
449,-714
448,-715
447,-715
446,-716
445,-717
444,-717
443,-718
442,-719
441,-720
440,-720
439,-721
438,-722
437,-723
436,-724
435,-724
434,-725
433,-726
433,-727
432,-728
431,-729
430,-730
430,-731
429,-732
428,-733
427,-734
427,-735
427,-736
427,-737
427,-738
428,-738
429,-739
430,-740
430,-741
430,-742
429,-743
428,-744
428,-745
427,-746
426,-746
