423,-779
423,-780
423,-781
423,-782
423,-783
423,-784
423,-785
424,-786
424,-787
424,-788
424,-789
424,-790
424,-791
425,-791
426,-792
426,-793
427,-794
428,-795
428,-796
429,-796
430,-797
431,-798
431,-799
432,-799
433,-800
434,-800
435,-801
436,-801
437,-802
438,-802
439,-802
440,-803
441,-804
442,-804
443,-804
444,-805
445,-805
446,-806
447,-806
448,-807
449,-807
450,-807
451,-807
452,-808
453,-808
454,-809
455,-809
456,-810
457,-810
458,-810
459,-811
460,-811
461,-811
462,-811
463,-811
464,-812
465,-812
466,-812
467,-812
468,-813
469,-813
470,-813
471,-814
472,-814
473,-814
474,-814
475,-815
476,-815
477,-816
478,-816
479,-816
480,-817
481,-818
482,-818
483,-818
484,-819
485,-819
486,-819
487,-820
488,-820
489,-821
490,-822
491,-822
492,-822
493,-822
494,-823
495,-823
496,-823
497,-824
498,-824
499,-824
500,-825
501,-825
502,-825
503,-826
504,-826
505,-826
506,-827
507,-827
508,-827
509,-828
510,-828
511,-828
512,-829
513,-829
514,-829
515,-830
516,-830
517,-830
518,-830
519,-830
520,-831
521,-831
522,-831
523,-831
524,-832
525,-832
526,-832
527,-832
528,-833
529,-834
530,-834
531,-834
532,-835
533,-835
534,-835
535,-836
536,-836
537,-836
538,-837
539,-837
540,-837
541,-837
542,-837
543,-838
544,-838
545,-838
546,-839
547,-839
548,-839
549,-839
550,-840
551,-840
552,-840
553,-841
554,-841
555,-841
556,-841
557,-842
558,-842
559,-842
560,-842
561,-842
562,-843
563,-843
564,-843
565,-843
566,-843
567,-843
568,-843
569,-843
570,-843
571,-843
572,-844
573,-844
574,-844
575,-844
576,-845
577,-845
578,-845
579,-845
580,-846
581,-846
582,-846
583,-846
584,-846
585,-846
586,-846
587,-846
588,-846
589,-846
590,-846
591,-847
592,-847
593,-847
594,-847
595,-847
596,-847
597,-847
598,-847
599,-847
600,-847
601,-847
602,-848
603,-848
604,-848
605,-848
606,-849
607,-849
608,-849
609,-849
610,-849
611,-849
612,-849
613,-849
614,-849
615,-849
616,-849
617,-849
618,-849
619,-849
620,-849
621,-849
622,-849
623,-850
624,-850
625,-850
626,-850
627,-850
628,-850
629,-850
630,-850
631,-850
632,-850
633,-850
634,-850
635,-850
636,-850
637,-850
638,-850
639,-850
640,-850
641,-850
642,-850
643,-850
644,-850
645,-850
646,-849
647,-849
648,-849
649,-849
650,-849
651,-849
652,-849
653,-849
654,-849
655,-848
656,-848
657,-848
658,-848
659,-848
660,-848
661,-848
662,-848
663,-848
664,-848
665,-848
666,-847
667,-847
668,-847
669,-847
670,-847
671,-847
672,-847
673,-847
674,-847
675,-847
676,-847
677,-847
678,-846
679,-846
680,-846
681,-846
682,-846
683,-846
684,-846
685,-846
686,-846
687,-845
688,-845
689,-845
690,-845
691,-845
692,-845
693,-844
694,-844
695,-844
696,-844
697,-844
698,-844
699,-843
700,-843
701,-843
702,-843
703,-843
704,-843
705,-843
706,-843
707,-842
708,-842
709,-842
710,-842
711,-841
712,-841
713,-841
714,-841
715,-840
716,-839
717,-839
718,-839
719,-839
720,-839
721,-838
722,-838
723,-838
724,-838
725,-838
726,-838
726,-837
727,-836
728,-835
729,-834
730,-834
731,-834
732,-833
733,-833
734,-832
735,-831
736,-831
737,-831
738,-830
739,-830
740,-830
741,-829
742,-829
743,-828
744,-828
744,-827
745,-826
746,-826
747,-826
748,-825
749,-824
750,-824
751,-823
752,-823
753,-822
754,-821
755,-821
756,-821
757,-820
758,-819
759,-818
760,-817
761,-817
762,-816
763,-815
764,-815
765,-814
766,-814
767,-814
768,-813
768,-812
769,-811
770,-810
771,-810
772,-809
772,-808
773,-807
774,-807
775,-807
776,-806
777,-805
778,-805
779,-805
779,-804
780,-803
781,-802
782,-801
783,-800
784,-800
784,-799
785,-798
786,-797
786,-796
787,-795
788,-795
789,-794
790,-793
791,-793
792,-792
792,-791
793,-790
794,-790
795,-790
796,-790
797,-789
798,-788
799,-788
800,-788
801,-787
802,-787
803,-786
804,-786
805,-786
806,-786
807,-786
808,-786
809,-786
810,-786
811,-786
812,-785
813,-785
814,-784
815,-784
816,-783
816,-782
816,-781
817,-780
818,-780
819,-780
820,-780
821,-780
822,-780
823,-780
823,-779
824,-778
825,-778
826,-778
827,-778
828,-778
829,-777
830,-777
831,-777
832,-776
833,-776
834,-775
835,-775
836,-775
837,-774
838,-774
839,-774
840,-774
840,-773
840,-772
841,-771
842,-771
843,-771
844,-771
845,-771
846,-771
846,-770
847,-769
848,-769
849,-768
850,-768
851,-768
852,-768
853,-768
854,-768
854,-767
855,-766
856,-766
857,-766
858,-766
859,-766
860,-766
861,-766
862,-765
863,-765
864,-765
865,-764
866,-764
867,-763
868,-763
869,-763
870,-763
871,-763
872,-763
873,-763
874,-763
875,-763
876,-762
877,-762
878,-762
879,-762
880,-762
881,-762
882,-762
883,-762
884,-762
885,-762
886,-762
887,-762
888,-762
889,-762
890,-762
891,-762
892,-761
893,-761
894,-761
895,-761
896,-761
897,-761
898,-761
899,-761
900,-761
901,-761
902,-762
902,-763
903,-763
904,-763
905,-763
906,-763
907,-763
908,-763
909,-762
909,-761
910,-760
911,-760
912,-760
913,-761
914,-761
915,-761
916,-761
917,-761
918,-761
919,-761
920,-761
921,-761
922,-761
923,-761
924,-761
925,-761
926,-761
927,-761
928,-761
929,-761
930,-761
931,-761
932,-761
933,-761
934,-761
935,-762
936,-762
937,-762
938,-762
939,-762
940,-762
941,-762
942,-762
943,-762
944,-762
945,-762
946,-762
947,-762
948,-762
949,-762
950,-762
951,-762
952,-762
953,-762
954,-762
955,-763
956,-763
957,-763
958,-763
959,-763
960,-763
961,-763
962,-763
963,-763
964,-763
965,-763
966,-764
967,-764
968,-764
969,-764
970,-764
971,-764
972,-764
973,-764
974,-764
975,-764
976,-764
977,-764
978,-764
979,-765
980,-765
981,-765
982,-765
983,-765
984,-765
985,-765
986,-765
987,-766
988,-766
989,-766
990,-766
991,-767
992,-767
993,-767
994,-767
995,-767
996,-767
997,-767
998,-767
999,-767
1000,-767
1001,-767
1002,-767
1003,-767
1004,-767
1005,-767
1006,-767
1007,-767
1008,-767
1009,-768
1010,-768
1011,-768
1012,-768
1013,-769
1014,-769
1015,-769
1016,-769
1017,-769
1018,-769
1019,-770
1020,-770
1021,-771
1022,-771
1023,-772
1024,-773
1025,-773
1026,-773
1027,-773
1028,-773
1029,-773
1030,-773
1031,-773
1032,-774
1033,-774
1034,-774
1035,-774
1036,-774
1037,-774
1038,-774
1039,-775
1040,-775
1041,-775
1042,-775
1043,-775
1044,-775
1045,-775
1046,-775
1047,-775
1048,-775
1049,-775
1050,-775
1051,-775
1052,-775
1053,-775
1054,-775
1055,-775
1056,-775
1057,-775
1058,-775
1059,-774
1060,-774
1061,-774
1062,-774
1063,-774
1063,-773
1063,-772
1063,-771
1064,-770
1064,-769
1065,-768
1066,-768
1067,-768
1068,-769
1069,-769
1070,-769
1071,-769
1072,-769
1073,-769
1074,-769
1075,-769
1076,-769
1077,-769
1078,-769
1078,-768
1078,-767
1078,-766
1078,-765
1078,-764
1078,-763
1077,-763
1076,-762
1075,-762
1074,-762
1073,-762
1072,-762
1071,-762
1070,-761
1069,-760
1069,-759
1068,-759
1067,-759
1066,-759
1065,-758
1064,-758
1063,-758
1062,-758
1061,-758
1060,-758
1059,-758
1058,-758
1057,-758
1056,-758
1055,-758
1054,-757
1054,-756
1054,-755
1054,-754
1054,-753
1053,-752
1053,-751
1052,-751
1051,-751
1050,-751
1049,-751
1048,-751
1047,-751
1046,-750
1045,-749
1045,-748
1044,-748
1043,-748
1042,-748
1041,-748
1040,-748
1039,-748
1038,-748
1037,-748
1036,-747
1035,-747
1034,-747
1033,-747
1032,-747
1031,-747
1030,-747
1029,-747
1028,-747
1027,-747
1026,-747
1025,-747
1024,-747
1023,-747
1022,-747
1021,-747
1020,-747
1019,-747
1018,-746
1018,-745
1017,-745
1016,-745
1015,-745
1014,-744
1013,-744
1012,-743
1012,-742
1011,-742
1010,-742
1009,-742
1008,-742
1007,-742
1006,-743
1005,-743
1004,-743
1003,-743
1002,-743
1001,-743
1000,-743
999,-743
998,-743
997,-743
996,-743
995,-743
994,-743
993,-743
992,-742
991,-742
990,-742
989,-742
988,-742
987,-742
986,-742
985,-742
984,-741
983,-741
982,-741
981,-741
980,-741
979,-741
978,-741
977,-741
976,-741
975,-741
974,-741
973,-741
972,-741
971,-741
970,-741
969,-741
968,-741
967,-741
966,-741
965,-741
964,-741
963,-740
962,-740
961,-740
960,-740
959,-740
958,-740
957,-740
956,-740
955,-739
954,-739
953,-739
952,-739
951,-739
950,-739
949,-739
948,-739
947,-739
946,-739
945,-739
944,-739
943,-739
942,-739
941,-738
940,-738
939,-738
938,-738
937,-738
936,-738
935,-738
934,-737
934,-736
934,-735
935,-734
936,-733
937,-733
937,-732
937,-731
937,-730
937,-729
937,-728
938,-727
939,-727
940,-727
941,-727
942,-727
943,-727
944,-727
945,-727
946,-727
947,-727
948,-727
949,-727
950,-727
951,-727
952,-727
953,-727
954,-727
955,-727
956,-727
957,-728
958,-728
959,-728
960,-728
961,-728
962,-728
963,-728
964,-728
965,-728
966,-728
967,-728
968,-728
969,-728
970,-728
971,-729
972,-729
973,-729
974,-729
975,-729
976,-729
977,-729
978,-729
979,-729
980,-729
981,-729
982,-729
983,-729
984,-729
985,-729
986,-729
987,-729
988,-729
989,-729
990,-729
991,-729
992,-729
993,-729
994,-729
995,-729
996,-729
996,-728
996,-727
996,-726
996,-725
995,-725
994,-725
993,-725
992,-725
991,-725
990,-725
989,-725
988,-725
987,-725
986,-725
985,-725
984,-725
983,-725
982,-725
981,-725
980,-725
979,-725
978,-725
977,-725
976,-725
975,-725
974,-725
973,-725
972,-724
972,-723
971,-723
970,-723
969,-723
968,-723
967,-723
966,-723
965,-723
964,-723
963,-723
962,-723
961,-723
960,-723
959,-723
958,-723
957,-723
956,-723
955,-723
954,-723
953,-722
952,-722
951,-722
950,-722
949,-722
948,-722
947,-721
946,-721
945,-721
944,-721
943,-721
942,-721
941,-721
940,-721
939,-720
938,-720
937,-720
936,-720
935,-720
934,-720
933,-720
932,-720
931,-720
930,-720
929,-720
928,-719
927,-719
926,-719
925,-719
924,-719
923,-719
922,-719
921,-719
920,-719
919,-719
918,-719
917,-719
916,-719
915,-719
914,-719
913,-719
912,-719
911,-718
910,-718
909,-718
908,-718
907,-718
906,-718
905,-718
904,-718
903,-718
902,-718
901,-718
900,-718
899,-718
898,-718
897,-718
896,-718
895,-717
894,-717
893,-717
892,-717
891,-717
890,-717
889,-717
888,-717
887,-717
886,-717
885,-717
884,-717
883,-717
882,-717
881,-717
880,-717
879,-717
878,-716
877,-716
876,-716
875,-716
874,-716
873,-716
872,-716
871,-716
870,-716
869,-716
868,-716
867,-716
866,-716
865,-716
864,-716
863,-716
862,-715
861,-715
860,-715
859,-715
858,-715
857,-715
856,-715
855,-715
854,-714
853,-714
852,-714
851,-714
850,-714
849,-714
848,-714
847,-714
846,-714
845,-714
844,-714
843,-714
842,-713
841,-713
840,-713
839,-713
838,-713
837,-713
836,-713
835,-713
834,-713
833,-713
832,-712
831,-712
830,-712
829,-712
828,-711
827,-711
826,-711
825,-710
824,-710
823,-710
822,-710
821,-709
820,-709
819,-708
818,-707
817,-707
816,-707
815,-706
814,-706
813,-706
812,-705
811,-704
810,-704
809,-703
808,-702
807,-702
806,-701
805,-701
804,-700
803,-699
802,-698
801,-697
800,-696
799,-695
798,-694
797,-694
796,-693
795,-692
794,-692
793,-691
792,-690
791,-690
790,-689
789,-688
788,-687
787,-686
786,-686
785,-685
784,-684
783,-683
782,-682
781,-682
780,-681
779,-680
778,-679
777,-678
776,-677
776,-676
775,-676
774,-675
773,-675
772,-674
771,-674
770,-673
769,-673
768,-672
767,-671
766,-671
765,-670
764,-670
763,-670
762,-669
761,-669
760,-668
759,-667
758,-667
757,-666
756,-666
755,-666
754,-666
753,-665
752,-664
751,-664
750,-664
749,-663
748,-663
747,-662
746,-662
745,-662
744,-662
743,-662
742,-661
741,-661
740,-660
739,-660
738,-659
737,-659
736,-659
735,-659
734,-658
733,-658
732,-658
731,-657
730,-657
729,-657
728,-657
727,-656
726,-656
725,-656
724,-656
723,-656
722,-656
721,-656
720,-655
719,-655
718,-655
717,-655
716,-655
715,-654
714,-654
713,-654
712,-654
711,-654
710,-654
709,-654
708,-654
707,-654
706,-654
705,-654
704,-653
703,-653
702,-653
701,-653
700,-653
699,-653
698,-653
697,-653
696,-653
695,-653
694,-652
693,-652
692,-652
691,-652
690,-652
689,-652
688,-652
687,-652
686,-652
685,-652
684,-652
683,-652
682,-651
681,-651
680,-651
679,-651
678,-651
677,-651
676,-651
675,-651
674,-651
673,-651
672,-651
671,-651
670,-651
669,-651
668,-651
667,-651
666,-651
665,-651
664,-651
663,-651
662,-652
661,-652
660,-652
659,-652
658,-652
657,-652
656,-652
655,-652
654,-653
653,-653
652,-653
651,-653
650,-653
649,-653
648,-653
647,-653
646,-654
645,-654
644,-654
643,-654
642,-654
641,-654
640,-654
639,-655
638,-655
637,-655
636,-655
635,-656
634,-656
633,-656
632,-656
631,-657
630,-657
629,-657
628,-657
627,-657
626,-658
625,-658
624,-658
623,-658
622,-658
621,-659
620,-659
619,-660
618,-660
617,-660
616,-660
615,-660
614,-661
613,-661
612,-662
611,-662
610,-662
609,-662
608,-662
607,-663
606,-663
605,-663
604,-664
603,-665
602,-665
601,-665
600,-665
599,-665
598,-665
597,-666
596,-666
595,-666
594,-666
593,-667
592,-667
591,-667
590,-668
589,-668
588,-668
587,-669
586,-669
585,-669
584,-670
583,-670
582,-670
581,-670
580,-671
579,-671
578,-672
577,-673
576,-673
575,-673
574,-674
573,-674
572,-675
571,-675
570,-676
569,-676
568,-677
567,-677
566,-677
565,-678
564,-678
563,-679
562,-679
561,-679
560,-680
559,-680
558,-680
557,-681
556,-682
555,-682
554,-682
553,-683
552,-684
551,-684
550,-685
549,-685
548,-686
547,-686
546,-687
545,-687
544,-688
543,-688
542,-689
541,-689
540,-690
539,-691
538,-691
537,-691
536,-692
535,-692
534,-693
533,-693
532,-694
531,-695
530,-695
529,-696
528,-696
527,-697
526,-698
525,-698
524,-699
523,-699
522,-700
521,-701
520,-701
519,-702
518,-702
517,-703
516,-703
515,-704
514,-705
513,-705
512,-706
511,-706
510,-707
509,-708
508,-709
507,-709
506,-710
505,-710
504,-711
503,-711
502,-712
501,-713
500,-713
499,-714
498,-714
497,-715
496,-716
495,-717
494,-717
493,-718
492,-719
491,-719
490,-720
489,-721
488,-721
487,-722
486,-723
485,-724
484,-725
483,-725
482,-726
481,-727
480,-728
479,-728
479,-729
478,-730
477,-730
476,-731
475,-732
474,-733
473,-733
472,-734
471,-735
470,-736
469,-737
468,-738
467,-739
466,-740
465,-740
464,-741
463,-742
462,-743
461,-744
460,-745
459,-745
458,-746
457,-747
456,-748
455,-748
455,-749
454,-750
453,-750
452,-751
451,-752
450,-753
449,-754
448,-755
447,-756
446,-757
445,-758
444,-758
443,-759
443,-760
442,-761
441,-761
441,-762
440,-763
439,-763
438,-764
437,-765
436,-766
435,-767
434,-768
433,-769
432,-770
431,-771
430,-772
429,-773
428,-774
427,-775
426,-776
425,-777
424,-778
423,-779
