459,-729
459,-730
459,-731
459,-732
459,-733
460,-734
460,-735
460,-736
460,-737
460,-738
460,-739
460,-740
460,-741
460,-742
461,-743
461,-744
462,-744
463,-744
464,-744
465,-744
466,-745
467,-745
468,-745
469,-745
470,-745
471,-746
472,-746
473,-747
473,-748
473,-749
474,-749
475,-749
476,-749
477,-750
478,-751
479,-751
480,-752
481,-753
482,-753
483,-754
484,-755
485,-756
486,-756
487,-756
488,-756
489,-757
490,-758
491,-759
492,-759
493,-759
494,-760
495,-760
496,-761
496,-762
497,-762
498,-763
499,-763
500,-763
501,-764
502,-765
502,-766
503,-767
504,-767
505,-767
506,-768
507,-769
508,-769
509,-769
510,-769
511,-769
512,-770
513,-771
514,-771
515,-771
516,-772
517,-772
518,-772
519,-773
520,-773
521,-773
522,-773
523,-774
524,-775
524,-776
525,-777
526,-777
527,-778
528,-779
529,-780
530,-780
531,-781
532,-781
533,-782
534,-782
535,-782
536,-783
537,-783
538,-783
539,-784
540,-784
541,-785
542,-785
543,-786
543,-787
544,-787
545,-788
546,-788
547,-788
548,-789
549,-790
550,-790
551,-791
552,-791
553,-791
554,-791
555,-791
556,-792
556,-793
557,-794
558,-794
559,-794
560,-794
561,-795
561,-796
562,-796
563,-796
564,-796
565,-797
566,-797
567,-798
567,-799
568,-800
568,-801
569,-801
570,-802
571,-802
572,-802
573,-802
574,-802
575,-801
576,-801
577,-801
578,-802
579,-803
580,-803
581,-803
582,-804
583,-805
583,-806
583,-807
583,-808
583,-809
584,-809
585,-809
586,-809
587,-810
588,-810
589,-810
590,-810
591,-811
592,-811
593,-811
594,-811
595,-811
596,-811
597,-811
598,-811
598,-810
598,-809
599,-808
600,-808
601,-808
602,-809
602,-810
602,-811
603,-812
603,-813
604,-813
605,-814
605,-815
605,-816
606,-817
607,-817
608,-817
609,-818
610,-819
611,-820
612,-820
613,-820
614,-820
615,-821
615,-822
615,-823
616,-823
617,-823
618,-823
619,-823
620,-823
621,-823
622,-823
623,-822
624,-822
625,-822
626,-823
626,-824
626,-825
626,-826
626,-827
626,-828
627,-828
628,-828
629,-828
630,-828
631,-828
632,-828
633,-828
634,-828
635,-828
636,-828
637,-828
638,-828
639,-828
640,-829
640,-830
640,-831
640,-832
640,-833
640,-834
641,-834
642,-834
643,-834
644,-834
645,-835
646,-835
647,-835
648,-836
649,-836
650,-837
651,-837
652,-837
653,-837
654,-837
655,-838
655,-839
656,-839
657,-839
658,-840
659,-841
660,-841
661,-841
662,-841
663,-842
664,-842
665,-843
666,-843
667,-843
668,-843
669,-843
670,-844
671,-844
672,-844
673,-844
674,-845
675,-845
676,-845
677,-845
678,-845
679,-846
680,-846
681,-846
682,-847
683,-847
684,-847
685,-848
686,-848
687,-848
688,-849
689,-849
690,-849
691,-849
692,-849
693,-850
694,-850
695,-850
696,-850
697,-851
698,-851
699,-851
700,-851
701,-851
702,-852
702,-853
703,-853
704,-853
705,-853
706,-853
707,-853
708,-853
709,-853
710,-853
711,-853
712,-853
713,-853
714,-853
715,-853
716,-853
717,-853
718,-853
719,-853
720,-853
721,-853
722,-853
723,-853
724,-853
725,-853
726,-853
727,-853
728,-853
729,-853
730,-853
731,-853
732,-853
733,-853
734,-852
735,-852
736,-852
737,-852
738,-852
739,-852
740,-852
741,-852
742,-852
743,-852
744,-852
745,-852
746,-852
747,-852
748,-852
749,-852
750,-852
751,-852
752,-852
753,-852
754,-851
755,-851
756,-851
757,-851
758,-851
759,-851
760,-851
761,-851
762,-851
763,-850
764,-850
765,-849
766,-849
767,-849
768,-849
769,-849
770,-849
771,-849
772,-849
773,-849
774,-849
775,-848
776,-848
777,-848
778,-848
779,-847
780,-847
781,-847
782,-847
783,-847
784,-847
785,-847
786,-847
787,-846
788,-846
789,-845
790,-845
791,-845
792,-844
793,-844
794,-844
795,-843
796,-842
797,-842
798,-842
799,-842
800,-842
801,-841
802,-841
803,-841
804,-841
804,-840
805,-839
806,-839
807,-839
808,-839
809,-838
810,-838
811,-838
812,-838
813,-837
814,-836
815,-836
816,-836
817,-835
818,-835
819,-834
820,-834
821,-834
822,-834
823,-834
824,-833
825,-833
825,-832
826,-831
827,-831
828,-831
829,-831
830,-831
831,-831
832,-830
833,-830
834,-830
835,-829
836,-829
837,-829
838,-828
839,-828
840,-828
841,-827
842,-827
843,-826
844,-826
845,-826
846,-826
846,-825
847,-824
848,-824
849,-824
850,-824
851,-823
852,-823
853,-823
854,-823
855,-822
856,-822
857,-822
858,-821
858,-820
859,-819
860,-819
861,-818
862,-818
863,-817
864,-817
864,-816
865,-815
866,-815
867,-815
868,-815
868,-814
868,-813
869,-812
870,-811
871,-811
872,-811
873,-810
874,-810
875,-809
876,-808
877,-808
878,-808
878,-807
879,-806
879,-805
880,-804
881,-804
882,-804
883,-803
883,-802
884,-801
885,-801
886,-801
887,-801
888,-801
888,-800
889,-799
889,-798
890,-797
891,-797
892,-797
892,-796
893,-795
894,-795
895,-795
896,-795
897,-795
898,-795
899,-795
900,-795
901,-795
902,-795
903,-795
904,-796
904,-797
904,-798
905,-798
906,-799
906,-800
907,-801
907,-802
908,-802
909,-802
910,-803
911,-803
912,-803
913,-804
914,-804
915,-804
916,-804
917,-804
918,-804
919,-804
920,-804
921,-804
922,-804
923,-805
924,-805
925,-806
926,-807
927,-807
928,-807
929,-807
930,-807
931,-807
932,-807
933,-807
934,-807
935,-807
936,-807
937,-807
938,-807
939,-808
940,-808
941,-808
942,-808
943,-808
944,-808
945,-808
946,-808
947,-808
948,-808
949,-808
950,-808
951,-808
952,-808
953,-808
954,-808
955,-808
956,-808
957,-808
958,-808
959,-808
960,-809
961,-809
962,-809
963,-809
964,-809
965,-808
966,-808
967,-808
968,-808
969,-809
969,-810
970,-810
971,-810
972,-810
973,-810
974,-810
975,-810
976,-810
977,-810
978,-810
979,-810
980,-810
981,-810
982,-810
983,-810
984,-811
985,-811
986,-811
987,-811
988,-811
989,-811
990,-811
991,-811
992,-811
993,-811
994,-811
995,-811
996,-811
997,-811
998,-811
999,-811
1000,-811
1001,-811
1002,-811
1003,-811
1004,-811
1005,-811
1006,-811
1007,-811
1008,-811
1009,-811
1010,-812
1011,-812
1012,-812
1013,-812
1014,-812
1015,-812
1016,-812
1017,-812
1018,-812
1019,-812
1020,-812
1021,-812
1022,-812
1023,-812
1024,-812
1025,-812
1026,-812
1027,-812
1028,-812
1029,-812
1030,-812
1031,-812
1032,-812
1033,-812
1034,-812
1035,-812
1036,-812
1036,-811
1036,-810
1037,-809
1038,-809
1039,-808
1039,-807
1040,-806
1041,-806
1041,-805
1041,-804
1041,-803
1041,-802
1041,-801
1041,-800
1041,-799
1041,-798
1041,-797
1041,-796
1041,-795
1041,-794
1041,-793
1041,-792
1041,-791
1041,-790
1041,-789
1041,-788
1041,-787
1041,-786
1042,-785
1042,-784
1042,-783
1042,-782
1042,-781
1042,-780
1041,-780
1040,-780
1039,-780
1038,-780
1037,-779
1037,-778
1037,-777
1037,-776
1037,-775
1037,-774
1038,-773
1039,-772
1039,-771
1040,-770
1040,-769
1040,-768
1040,-767
1040,-766
1040,-765
1040,-764
1040,-763
1041,-762
1042,-762
1043,-762
1043,-761
1043,-760
1043,-759
1043,-758
1043,-757
1043,-756
1042,-755
1041,-755
1040,-754
1039,-754
1038,-754
1037,-754
1036,-754
1035,-754
1034,-754
1033,-754
1032,-754
1031,-754
1031,-755
1030,-756
1029,-756
1028,-756
1027,-756
1026,-756
1025,-756
1024,-757
1023,-757
1022,-758
1021,-758
1020,-758
1019,-758
1018,-758
1017,-758
1016,-758
1015,-758
1014,-758
1013,-758
1012,-758
1011,-758
1010,-759
1009,-759
1008,-759
1007,-759
1006,-759
1005,-759
1004,-759
1003,-759
1002,-760
1001,-760
1000,-760
999,-760
998,-760
997,-760
996,-761
995,-761
994,-761
993,-761
992,-761
991,-761
990,-762
989,-762
988,-762
987,-762
986,-762
985,-762
984,-762
983,-763
982,-763
981,-763
980,-763
979,-763
978,-763
977,-763
976,-763
975,-763
974,-763
973,-763
972,-763
971,-764
970,-764
969,-764
968,-764
967,-764
966,-764
965,-764
964,-764
963,-764
962,-763
962,-762
962,-761
962,-760
962,-759
962,-758
962,-757
963,-756
964,-756
965,-756
966,-756
967,-756
968,-755
969,-755
970,-755
971,-755
972,-755
973,-755
974,-755
975,-755
976,-754
977,-754
978,-754
979,-754
980,-754
981,-754
982,-753
983,-753
984,-753
985,-753
986,-753
987,-753
988,-753
989,-753
990,-753
991,-753
992,-752
993,-752
994,-752
995,-752
995,-751
995,-750
995,-749
995,-748
994,-748
993,-748
992,-748
991,-748
990,-748
989,-748
988,-748
987,-748
986,-747
985,-747
984,-747
983,-747
982,-747
981,-746
980,-746
979,-746
978,-746
977,-746
976,-746
975,-747
974,-747
973,-747
972,-747
971,-746
970,-745
969,-745
968,-745
967,-745
966,-744
965,-744
964,-744
963,-744
962,-744
961,-744
960,-744
959,-744
958,-744
957,-743
956,-743
955,-743
954,-743
953,-743
952,-743
951,-742
950,-742
949,-742
948,-742
947,-742
946,-741
945,-741
944,-741
943,-741
942,-741
941,-741
940,-741
939,-741
938,-741
937,-740
936,-740
935,-740
934,-740
933,-739
932,-739
931,-739
930,-739
929,-739
928,-738
927,-738
926,-738
925,-738
924,-738
923,-738
922,-738
921,-738
920,-738
919,-738
918,-738
917,-738
916,-738
915,-738
914,-738
913,-738
912,-738
911,-738
910,-737
909,-737
908,-736
907,-735
906,-734
905,-733
904,-733
903,-733
902,-732
901,-731
901,-730
900,-730
899,-729
899,-728
898,-728
897,-728
896,-727
895,-726
894,-725
893,-724
892,-723
891,-722
890,-721
889,-720
888,-719
887,-718
886,-717
885,-716
884,-715
883,-714
882,-713
881,-713
880,-712
880,-711
879,-711
878,-710
877,-709
877,-708
876,-707
875,-706
874,-705
873,-704
872,-703
871,-703
870,-702
870,-701
869,-701
868,-700
867,-699
866,-699
865,-698
864,-697
863,-697
862,-696
862,-695
861,-695
860,-694
859,-693
858,-692
857,-692
856,-691
855,-690
854,-689
853,-688
852,-688
851,-687
850,-686
849,-685
848,-685
847,-684
846,-683
845,-683
844,-682
843,-682
842,-681
841,-680
840,-680
839,-679
838,-679
837,-678
836,-677
835,-677
834,-676
833,-676
832,-675
831,-675
830,-674
829,-674
828,-673
827,-673
826,-673
825,-672
824,-672
823,-671
822,-670
821,-670
820,-669
819,-669
818,-669
817,-668
816,-668
815,-668
814,-667
813,-667
812,-666
811,-666
810,-665
809,-665
808,-665
807,-665
806,-665
805,-665
804,-664
803,-664
802,-664
801,-663
800,-662
799,-662
798,-662
797,-661
796,-661
795,-661
794,-661
793,-661
792,-661
791,-660
790,-660
789,-660
788,-660
787,-659
786,-659
785,-659
784,-658
783,-658
782,-658
781,-657
780,-657
779,-657
778,-657
777,-657
776,-656
775,-656
774,-656
773,-656
772,-655
771,-655
770,-655
769,-655
768,-654
767,-654
766,-654
765,-654
764,-654
763,-653
762,-653
761,-653
760,-653
759,-653
758,-652
757,-652
756,-652
755,-652
754,-652
753,-652
752,-652
751,-652
750,-652
749,-652
748,-651
747,-651
746,-651
745,-651
744,-651
743,-651
742,-651
741,-650
740,-650
739,-650
738,-650
737,-650
736,-650
735,-650
734,-650
733,-650
732,-650
731,-650
730,-650
729,-650
728,-650
727,-650
726,-650
725,-650
724,-649
723,-649
722,-649
721,-649
720,-649
719,-649
718,-649
717,-649
716,-649
715,-649
714,-649
713,-649
712,-649
711,-648
710,-648
709,-648
708,-648
707,-648
706,-648
705,-648
704,-648
703,-648
702,-648
701,-648
700,-648
699,-648
698,-648
697,-648
696,-648
695,-648
694,-648
693,-649
692,-649
691,-649
690,-649
689,-649
688,-649
687,-649
686,-649
685,-649
684,-649
683,-649
682,-649
681,-649
680,-649
679,-649
678,-649
677,-649
676,-649
675,-649
674,-649
673,-649
672,-649
671,-649
670,-649
669,-649
668,-650
667,-650
666,-650
665,-650
664,-650
663,-650
662,-650
661,-651
660,-651
659,-651
658,-651
657,-651
656,-651
655,-651
654,-652
653,-652
652,-652
651,-652
650,-653
649,-653
648,-653
647,-653
646,-653
645,-653
644,-653
643,-654
642,-654
641,-654
640,-654
639,-654
638,-654
637,-654
636,-654
635,-655
634,-655
633,-655
632,-655
631,-655
630,-655
629,-656
628,-656
627,-656
626,-656
625,-656
624,-657
623,-657
622,-657
621,-657
620,-657
619,-657
618,-658
617,-659
616,-659
615,-659
614,-659
613,-660
612,-660
611,-660
610,-660
609,-660
608,-661
607,-661
606,-661
605,-662
604,-662
603,-662
602,-663
601,-664
600,-664
599,-664
598,-664
597,-665
596,-665
595,-665
594,-665
593,-666
592,-666
591,-666
590,-667
589,-667
588,-668
587,-668
586,-668
585,-669
584,-669
583,-669
582,-670
581,-670
580,-670
579,-671
578,-671
577,-671
576,-672
575,-672
574,-672
573,-673
572,-673
571,-673
570,-674
569,-674
568,-675
567,-675
566,-676
565,-676
564,-676
563,-677
562,-677
561,-677
560,-677
559,-677
559,-678
558,-679
557,-679
556,-679
555,-680
554,-680
553,-681
552,-681
551,-681
550,-681
549,-682
548,-682
547,-683
546,-683
545,-683
544,-684
543,-684
542,-684
541,-685
540,-685
539,-685
538,-685
537,-686
536,-687
535,-687
534,-687
533,-688
532,-688
531,-689
530,-689
529,-689
528,-690
527,-690
526,-690
525,-691
524,-692
523,-692
522,-692
521,-693
520,-693
519,-693
518,-693
517,-694
516,-694
515,-695
514,-695
513,-696
512,-696
511,-696
510,-697
509,-697
508,-698
507,-698
506,-699
505,-699
504,-699
503,-700
502,-700
501,-701
500,-701
499,-702
498,-702
497,-703
496,-703
495,-704
494,-704
493,-704
492,-705
491,-705
490,-706
489,-706
488,-707
487,-708
486,-708
485,-709
484,-709
483,-709
482,-710
481,-711
480,-712
479,-712
478,-713
477,-713
476,-714
475,-715
474,-716
473,-717
472,-717
471,-717
470,-718
469,-719
468,-720
467,-720
467,-721
466,-722
465,-722
465,-723
464,-724
463,-725
462,-726
462,-727
461,-728
460,-729
459,-729
