458,-731
458,-732
458,-733
458,-734
458,-735
458,-736
458,-737
458,-738
458,-739
458,-740
459,-740
460,-741
461,-742
462,-742
463,-743
464,-744
465,-745
466,-746
467,-747
468,-748
468,-749
469,-750
469,-751
470,-751
471,-752
472,-753
473,-753
474,-753
475,-753
476,-753
477,-753
478,-753
479,-753
480,-753
481,-754
481,-755
481,-756
481,-757
481,-758
482,-758
483,-758
484,-758
485,-758
486,-758
487,-759
487,-760
487,-761
488,-761
489,-762
490,-762
491,-763
492,-763
493,-764
494,-765
495,-765
496,-766
496,-767
497,-767
498,-768
499,-769
500,-769
501,-769
502,-770
503,-770
504,-771
505,-772
506,-772
507,-772
508,-773
509,-773
510,-774
511,-774
512,-775
513,-775
514,-776
515,-776
516,-777
517,-778
518,-778
519,-778
520,-779
521,-779
522,-780
523,-781
524,-781
525,-782
526,-783
527,-783
528,-784
529,-784
530,-784
531,-785
532,-785
533,-786
534,-787
535,-787
536,-787
537,-788
538,-788
539,-789
540,-789
541,-790
542,-790
543,-791
544,-792
545,-792
546,-792
547,-793
548,-793
549,-794
550,-794
551,-794
552,-795
553,-795
554,-796
555,-796
556,-797
557,-798
558,-798
559,-798
560,-799
561,-799
562,-800
563,-800
564,-801
565,-802
566,-802
567,-803
568,-804
569,-805
570,-805
571,-806
572,-806
573,-807
574,-807
575,-808
576,-809
577,-809
578,-810
579,-810
580,-811
580,-812
581,-813
582,-813
583,-813
584,-813
585,-814
586,-814
587,-814
588,-815
588,-816
589,-817
590,-817
591,-817
592,-817
593,-817
594,-817
595,-817
596,-818
597,-818
598,-819
599,-820
599,-821
600,-821
601,-821
602,-821
603,-822
604,-822
605,-822
606,-823
607,-824
608,-825
609,-825
610,-825
611,-825
612,-825
613,-826
614,-827
615,-827
616,-828
617,-828
618,-829
619,-829
620,-829
621,-830
622,-830
623,-831
624,-832
625,-832
626,-833
627,-833
628,-833
629,-833
630,-833
631,-833
632,-834
633,-835
634,-836
635,-836
636,-836
637,-836
638,-837
639,-837
640,-838
641,-838
642,-838
643,-838
644,-839
645,-839
646,-839
647,-839
648,-840
649,-840
650,-840
651,-840
652,-841
653,-841
654,-841
655,-841
656,-842
657,-842
658,-842
659,-842
660,-842
661,-842
662,-842
663,-842
664,-843
664,-844
665,-844
666,-844
667,-845
668,-845
669,-845
670,-846
670,-847
671,-847
672,-847
673,-847
674,-847
675,-847
676,-847
677,-847
678,-847
679,-847
680,-847
681,-847
682,-847
683,-847
684,-848
685,-848
686,-848
687,-848
688,-848
689,-848
690,-848
691,-848
692,-848
693,-848
694,-848
695,-848
696,-848
697,-848
698,-848
699,-848
700,-848
701,-848
702,-848
703,-848
704,-848
705,-848
706,-848
707,-848
708,-848
709,-848
710,-848
711,-848
712,-848
713,-848
714,-848
715,-848
716,-848
717,-847
718,-847
719,-847
720,-847
721,-847
722,-847
723,-847
724,-847
725,-847
726,-847
727,-847
728,-847
729,-847
730,-847
731,-847
732,-847
733,-847
734,-847
735,-847
736,-846
737,-846
738,-845
739,-845
740,-845
741,-845
742,-845
743,-845
744,-844
745,-844
746,-844
747,-844
748,-844
749,-844
750,-843
751,-843
752,-843
753,-843
754,-843
755,-843
756,-842
757,-842
758,-842
759,-842
760,-842
761,-842
762,-842
763,-842
764,-842
765,-841
766,-841
767,-841
768,-841
769,-841
770,-841
771,-840
772,-840
773,-840
774,-840
775,-840
776,-840
777,-839
778,-839
779,-839
780,-839
781,-839
782,-838
783,-838
784,-838
785,-838
786,-838
787,-838
788,-837
789,-837
790,-837
791,-837
792,-837
793,-837
794,-837
795,-837
796,-837
797,-837
798,-837
798,-836
798,-835
798,-834
798,-833
797,-833
796,-833
795,-832
795,-831
795,-830
796,-829
797,-829
798,-829
799,-829
800,-829
801,-829
802,-829
803,-829
804,-830
805,-830
806,-831
807,-831
808,-831
809,-832
810,-832
811,-832
812,-832
813,-832
814,-832
815,-832
816,-832
817,-831
818,-831
819,-831
820,-831
821,-831
821,-830
822,-829
823,-829
824,-828
825,-828
826,-827
827,-827
828,-827
829,-826
830,-825
831,-825
832,-825
833,-824
834,-823
835,-823
836,-823
837,-822
838,-822
839,-822
840,-821
841,-820
842,-819
843,-818
844,-818
845,-818
846,-817
847,-816
848,-816
849,-815
850,-814
851,-813
852,-813
853,-813
854,-812
855,-812
856,-811
857,-810
858,-810
859,-810
859,-809
860,-808
861,-808
862,-807
863,-807
863,-806
864,-805
865,-805
866,-804
867,-803
868,-803
869,-802
870,-802
871,-802
872,-801
873,-801
874,-800
875,-800
876,-800
877,-800
878,-800
879,-800
880,-800
881,-800
882,-800
883,-800
884,-800
885,-800
886,-800
887,-800
888,-800
889,-800
890,-800
891,-800
892,-800
893,-800
894,-800
895,-799
896,-799
897,-799
898,-799
899,-798
900,-798
901,-798
902,-798
903,-798
904,-798
904,-797
905,-796
906,-796
907,-796
908,-796
909,-796
909,-795
910,-794
911,-794
911,-793
912,-792
913,-792
914,-792
915,-792
916,-792
917,-791
918,-790
919,-790
920,-790
921,-790
921,-789
922,-788
922,-787
923,-786
924,-786
925,-785
926,-785
927,-785
928,-785
928,-784
929,-783
930,-783
931,-783
932,-782
933,-782
934,-782
935,-782
936,-781
937,-781
938,-781
939,-781
940,-781
941,-781
942,-781
943,-781
944,-781
945,-781
946,-781
947,-781
948,-781
949,-781
950,-781
951,-781
952,-781
953,-781
954,-781
955,-781
956,-781
957,-781
958,-781
959,-781
960,-781
961,-781
962,-781
963,-782
964,-782
965,-782
966,-782
967,-782
968,-782
969,-782
970,-782
971,-782
972,-782
973,-782
974,-782
975,-783
976,-783
977,-783
978,-783
979,-784
980,-784
981,-784
982,-784
983,-785
984,-785
985,-785
986,-786
987,-786
988,-786
989,-786
990,-786
991,-786
992,-786
993,-786
994,-787
995,-787
996,-787
997,-787
998,-787
999,-787
1000,-787
1001,-787
1002,-787
1003,-787
1004,-787
1005,-787
1006,-788
1007,-788
1008,-788
1009,-788
1010,-788
1011,-788
1012,-788
1013,-788
1014,-788
1015,-788
1016,-788
1017,-788
1018,-788
1019,-788
1020,-788
1021,-789
1022,-789
1023,-789
1024,-789
1025,-789
1026,-788
1027,-788
1028,-788
1029,-788
1030,-788
1031,-788
1032,-788
1033,-788
1034,-788
1035,-788
1036,-788
1037,-787
1038,-787
1038,-786
1038,-785
1038,-784
1038,-783
1039,-782
1040,-782
1041,-782
1042,-782
1042,-781
1042,-780
1042,-779
1042,-778
1043,-777
1044,-777
1044,-776
1044,-775
1044,-774
1044,-773
1043,-772
1043,-771
1043,-770
1043,-769
1043,-768
1042,-767
1042,-766
1042,-765
1042,-764
1042,-763
1042,-762
1042,-761
1043,-760
1043,-759
1043,-758
1043,-757
1043,-756
1043,-755
1043,-754
1043,-753
1043,-752
1043,-751
1042,-750
1042,-749
1042,-748
1041,-748
1040,-748
1039,-748
1038,-748
1037,-747
1036,-747
1035,-747
1034,-747
1033,-747
1032,-747
1031,-747
1030,-747
1029,-747
1028,-747
1027,-746
1026,-746
1025,-746
1024,-746
1023,-746
1022,-746
1021,-745
1020,-745
1019,-745
1018,-745
1017,-745
1016,-745
1015,-745
1014,-745
1013,-745
1012,-744
1011,-744
1010,-744
1009,-744
1008,-744
1007,-743
1006,-743
1005,-743
1004,-743
1003,-743
1002,-743
1001,-743
1000,-742
999,-742
998,-742
997,-742
996,-742
995,-742
994,-741
993,-741
992,-741
991,-741
990,-741
989,-740
988,-740
987,-740
986,-740
985,-740
984,-740
983,-740
982,-740
981,-739
980,-739
979,-739
978,-739
977,-739
976,-739
975,-739
974,-739
973,-739
972,-739
971,-739
970,-739
969,-739
968,-739
967,-739
966,-739
965,-738
964,-738
963,-738
962,-738
961,-738
960,-737
959,-737
958,-737
957,-737
956,-737
955,-737
954,-737
953,-737
952,-737
951,-736
950,-736
949,-736
948,-736
947,-736
946,-736
945,-735
944,-735
943,-735
942,-735
941,-735
940,-735
939,-735
938,-735
937,-735
936,-735
935,-735
934,-734
933,-733
932,-733
931,-733
930,-733
929,-732
928,-732
927,-732
926,-732
925,-732
924,-732
923,-732
922,-731
921,-731
920,-731
919,-731
918,-731
917,-731
916,-730
915,-729
914,-729
913,-729
912,-729
911,-728
910,-728
909,-728
908,-727
907,-727
906,-726
905,-726
904,-725
903,-725
902,-725
901,-724
900,-723
899,-722
898,-722
897,-722
896,-721
895,-720
894,-719
893,-719
892,-718
891,-718
890,-717
890,-716
889,-715
888,-715
887,-714
886,-714
885,-713
885,-712
884,-712
883,-712
882,-711
882,-710
881,-709
880,-709
879,-708
878,-708
877,-707
877,-706
876,-705
875,-705
874,-704
873,-703
872,-702
871,-702
870,-702
869,-701
869,-700
868,-699
867,-698
866,-698
865,-697
864,-697
863,-696
863,-695
862,-695
861,-694
861,-693
860,-692
860,-691
859,-691
858,-691
857,-691
856,-691
855,-691
854,-692
853,-692
852,-692
851,-692
850,-692
849,-692
848,-692
847,-692
846,-692
845,-692
844,-692
843,-692
842,-693
841,-693
840,-693
839,-693
838,-693
837,-693
836,-693
835,-693
834,-692
834,-691
834,-690
834,-689
834,-688
834,-687
834,-686
835,-685
836,-685
837,-685
838,-685
839,-685
840,-685
840,-684
840,-683
840,-682
840,-681
839,-680
838,-680
837,-680
836,-679
835,-678
834,-678
833,-678
832,-678
831,-678
830,-677
829,-677
828,-677
827,-676
826,-676
825,-675
824,-675
823,-675
822,-675
821,-674
820,-674
819,-673
818,-673
817,-673
816,-672
815,-672
814,-672
813,-672
812,-671
811,-671
810,-671
809,-671
808,-670
807,-670
806,-670
805,-670
804,-670
803,-669
802,-669
801,-669
800,-669
799,-668
798,-668
797,-668
796,-668
795,-668
794,-668
793,-668
792,-668
791,-667
790,-667
789,-667
788,-667
787,-666
786,-666
785,-666
784,-666
783,-666
782,-666
781,-666
780,-665
779,-665
778,-665
777,-665
776,-664
775,-664
774,-664
773,-664
772,-663
771,-663
770,-663
769,-663
768,-663
767,-662
766,-662
765,-662
764,-662
763,-662
762,-661
761,-661
760,-661
759,-661
758,-661
757,-660
756,-660
755,-660
754,-660
753,-660
752,-659
751,-659
750,-659
749,-659
748,-659
747,-659
746,-659
745,-659
744,-658
743,-658
742,-658
741,-658
740,-658
739,-658
738,-658
737,-657
736,-657
735,-657
734,-657
733,-657
732,-657
731,-657
730,-657
729,-656
728,-656
727,-656
726,-656
725,-656
724,-656
723,-656
722,-656
721,-656
720,-655
719,-655
718,-655
717,-655
716,-655
715,-655
714,-655
713,-655
712,-655
711,-654
710,-654
709,-654
708,-654
707,-654
706,-654
705,-654
704,-654
703,-654
702,-654
701,-654
700,-654
699,-654
698,-654
697,-654
696,-654
695,-654
694,-654
693,-654
692,-654
691,-654
690,-654
689,-654
688,-654
687,-654
686,-654
685,-654
684,-654
683,-654
682,-654
681,-654
680,-654
679,-654
678,-654
677,-655
676,-655
675,-655
674,-655
673,-655
672,-655
671,-655
670,-655
669,-655
668,-655
667,-655
666,-655
665,-655
664,-655
663,-655
662,-655
661,-656
660,-656
659,-656
658,-656
657,-657
656,-657
655,-657
654,-657
653,-657
652,-657
651,-657
650,-657
649,-657
648,-657
647,-657
646,-658
645,-658
644,-658
643,-658
642,-658
641,-658
640,-658
639,-659
638,-659
637,-659
636,-659
635,-659
634,-660
633,-660
632,-660
631,-660
630,-660
629,-660
628,-661
627,-661
626,-661
625,-661
624,-661
623,-662
622,-662
621,-662
620,-663
619,-663
618,-663
617,-663
616,-664
615,-664
614,-664
613,-664
612,-665
611,-665
610,-665
609,-666
608,-666
607,-666
606,-667
605,-667
604,-667
603,-667
602,-668
601,-668
600,-668
599,-669
598,-669
597,-669
596,-669
595,-670
594,-670
593,-671
592,-671
591,-671
590,-672
589,-672
588,-672
587,-672
586,-673
585,-673
584,-673
583,-673
582,-674
581,-674
580,-674
579,-675
578,-675
577,-675
576,-676
575,-676
574,-676
573,-677
572,-677
571,-678
570,-678
569,-678
568,-679
567,-679
566,-680
565,-681
564,-681
563,-681
562,-681
561,-681
560,-682
559,-683
558,-683
557,-683
556,-684
555,-684
554,-684
553,-684
552,-685
551,-685
550,-686
549,-686
548,-686
547,-687
546,-687
545,-688
544,-688
543,-689
542,-689
541,-690
540,-690
539,-690
538,-691
537,-691
536,-692
535,-692
534,-692
533,-693
532,-693
531,-694
530,-694
529,-695
528,-695
527,-696
526,-696
525,-697
524,-697
523,-698
522,-698
521,-698
520,-699
519,-699
518,-699
517,-700
516,-701
515,-701
514,-701
513,-702
512,-703
511,-703
510,-703
509,-704
508,-704
507,-705
506,-706
505,-706
504,-707
503,-707
502,-708
501,-708
500,-709
499,-709
498,-710
497,-711
496,-711
495,-712
494,-712
493,-712
492,-713
491,-713
490,-714
489,-714
488,-715
487,-715
486,-715
485,-716
484,-717
483,-717
482,-718
481,-718
480,-718
479,-719
478,-719
477,-720
476,-721
475,-721
474,-721
473,-722
472,-722
471,-723
470,-723
469,-724
468,-725
467,-725
466,-725
465,-726
464,-727
463,-727
462,-727
462,-728
461,-729
460,-729
459,-730
458,-731
