450,-867
450,-868
450,-869
450,-870
450,-871
450,-872
450,-873
450,-874
450,-875
450,-876
450,-877
450,-878
450,-879
450,-880
451,-881
451,-882
452,-882
453,-883
454,-883
455,-883
456,-883
457,-883
458,-883
459,-883
460,-883
461,-884
462,-884
463,-884
464,-884
465,-884
466,-884
467,-884
468,-885
469,-885
470,-885
471,-885
472,-885
473,-885
474,-885
475,-885
476,-885
477,-884
478,-884
479,-884
480,-884
481,-884
482,-885
483,-885
484,-885
485,-885
486,-885
487,-885
488,-885
489,-884
490,-884
491,-884
492,-884
493,-884
494,-884
495,-884
496,-884
497,-884
498,-884
499,-883
500,-882
501,-882
502,-882
503,-882
504,-882
505,-882
506,-882
507,-882
508,-882
509,-882
510,-882
511,-882
512,-882
513,-882
514,-882
515,-882
516,-881
517,-881
518,-881
519,-881
520,-881
521,-881
522,-881
523,-880
524,-880
525,-880
526,-880
527,-879
528,-879
529,-879
530,-879
531,-879
532,-879
533,-879
534,-878
535,-878
536,-878
537,-878
538,-878
539,-878
540,-878
541,-878
542,-878
543,-877
544,-877
545,-877
546,-877
547,-877
548,-877
549,-877
550,-876
551,-876
552,-876
553,-876
554,-876
555,-876
556,-875
557,-875
558,-875
559,-875
560,-875
561,-875
562,-875
563,-875
564,-875
565,-875
566,-875
567,-875
568,-875
569,-875
570,-874
571,-874
572,-874
573,-874
574,-874
575,-874
576,-874
577,-874
578,-874
579,-873
580,-873
581,-873
582,-873
583,-873
584,-873
585,-873
586,-872
587,-872
588,-872
589,-872
590,-872
591,-872
592,-872
593,-872
594,-872
595,-872
596,-871
597,-871
598,-871
599,-871
600,-871
601,-871
602,-870
603,-870
604,-869
605,-869
606,-869
607,-869
608,-869
609,-869
610,-868
611,-868
612,-868
613,-867
614,-867
615,-867
616,-867
617,-867
618,-867
619,-867
620,-867
621,-867
622,-867
623,-867
624,-867
625,-867
626,-867
627,-867
628,-867
629,-867
630,-867
631,-867
632,-867
633,-867
634,-867
635,-867
636,-868
637,-868
638,-868
639,-868
640,-868
641,-868
642,-868
643,-869
644,-869
645,-869
646,-869
647,-870
648,-870
649,-870
650,-871
651,-871
652,-872
653,-872
654,-872
655,-872
656,-872
657,-872
658,-872
659,-873
660,-873
661,-874
662,-874
663,-875
664,-875
665,-875
666,-875
667,-875
668,-876
669,-877
670,-877
671,-877
672,-877
673,-877
674,-878
675,-878
676,-878
677,-879
678,-879
679,-879
680,-879
681,-880
682,-880
683,-880
684,-880
685,-880
686,-880
687,-881
688,-881
689,-881
690,-881
691,-881
692,-881
693,-881
694,-882
695,-882
696,-882
697,-882
698,-882
699,-883
700,-883
701,-883
702,-883
703,-884
704,-884
705,-884
706,-884
707,-884
708,-884
709,-884
710,-884
711,-884
712,-884
713,-884
714,-884
715,-885
716,-885
717,-885
718,-885
719,-885
720,-885
721,-885
722,-885
723,-885
724,-885
725,-885
726,-885
727,-885
728,-885
729,-885
730,-885
731,-885
732,-885
733,-885
734,-885
735,-885
736,-885
737,-885
738,-885
739,-885
740,-885
741,-885
742,-885
743,-885
744,-884
745,-884
746,-884
747,-884
748,-884
749,-884
750,-884
751,-883
752,-883
753,-883
754,-883
755,-883
756,-883
757,-882
758,-882
759,-882
760,-882
761,-882
762,-881
763,-881
764,-881
765,-881
766,-880
767,-880
768,-880
769,-880
770,-880
771,-880
772,-880
773,-880
774,-879
775,-879
776,-879
777,-879
778,-878
779,-878
780,-878
781,-878
782,-878
783,-877
784,-877
785,-877
786,-877
787,-876
788,-876
789,-876
790,-876
791,-875
792,-875
793,-875
794,-874
795,-874
796,-874
797,-873
798,-873
799,-873
800,-872
801,-872
802,-872
803,-872
804,-871
805,-871
806,-871
807,-870
808,-869
809,-869
810,-869
811,-868
812,-868
813,-868
814,-868
815,-868
816,-867
817,-867
818,-866
819,-866
820,-866
821,-865
822,-865
823,-864
824,-864
825,-864
826,-863
827,-863
828,-863
829,-862
830,-862
831,-862
832,-862
833,-861
834,-860
835,-860
836,-860
837,-859
838,-859
839,-859
840,-859
841,-858
842,-857
843,-857
844,-856
845,-856
846,-856
847,-856
848,-856
849,-855
850,-854
851,-853
852,-853
853,-852
854,-852
855,-851
856,-851
857,-851
858,-850
859,-850
860,-849
861,-849
862,-849
863,-848
864,-847
865,-846
866,-846
867,-845
868,-845
869,-845
870,-845
871,-844
872,-844
873,-843
873,-842
874,-841
875,-840
876,-840
877,-840
878,-839
879,-839
880,-838
880,-837
881,-836
882,-836
883,-836
884,-836
885,-836
885,-835
886,-834
887,-833
887,-832
888,-831
889,-831
890,-831
891,-831
891,-830
892,-829
893,-828
894,-828
895,-828
896,-828
896,-827
896,-826
897,-825
898,-824
899,-824
900,-823
901,-822
902,-822
902,-821
903,-820
904,-819
905,-819
906,-819
907,-819
908,-819
909,-819
909,-818
909,-817
910,-816
911,-815
912,-815
913,-815
913,-814
913,-813
914,-812
915,-812
916,-811
917,-811
918,-811
919,-811
919,-810
919,-809
920,-808
921,-808
922,-807
923,-806
924,-805
925,-805
926,-805
927,-804
927,-803
928,-802
929,-802
930,-801
931,-800
932,-800
932,-799
933,-798
934,-797
935,-797
935,-796
936,-795
937,-795
938,-794
939,-794
939,-793
939,-792
940,-791
941,-790
942,-790
942,-789
943,-788
944,-787
945,-787
946,-787
947,-786
947,-785
947,-784
948,-783
949,-783
949,-782
950,-781
951,-781
952,-780
952,-779
953,-778
954,-777
955,-776
956,-775
956,-774
957,-773
958,-773
958,-772
959,-771
960,-771
960,-770
960,-769
961,-768
962,-767
963,-767
964,-766
964,-765
965,-764
965,-763
966,-762
967,-762
967,-761
968,-760
969,-759
969,-758
970,-757
971,-756
971,-755
972,-754
973,-753
974,-752
975,-752
976,-751
976,-750
976,-749
977,-748
978,-748
978,-747
979,-746
980,-746
980,-745
981,-744
982,-743
983,-742
984,-741
985,-740
985,-739
986,-738
987,-737
987,-736
988,-735
988,-734
989,-733
990,-733
990,-732
991,-731
992,-731
992,-730
993,-729
994,-728
994,-727
995,-726
996,-725
997,-724
997,-723
998,-722
999,-722
999,-721
1000,-720
1000,-719
1000,-718
1001,-717
1002,-716
1003,-715
1003,-714
1004,-713
1004,-712
1005,-711
1006,-711
1006,-710
1006,-709
1007,-708
1008,-707
1008,-706
1009,-705
1010,-704
1011,-703
1011,-702
1012,-701
1012,-700
1013,-699
1014,-698
1015,-697
1016,-696
1016,-695
1017,-694
1017,-693
1018,-692
1018,-691
1019,-690
1020,-689
1021,-688
1021,-687
1022,-686
1022,-685
1023,-684
1023,-683
1024,-682
1025,-681
1026,-680
1026,-679
1027,-678
1027,-677
1028,-676
1028,-675
1029,-674
1029,-673
1030,-672
1031,-671
1031,-670
1032,-669
1033,-668
1033,-667
1033,-666
1034,-665
1035,-664
1035,-663
1036,-662
1037,-661
1038,-660
1039,-659
1039,-658
1039,-657
1039,-656
1040,-655
1041,-655
1042,-654
1042,-653
1042,-652
1043,-651
1043,-650
1044,-649
1045,-649
1045,-648
1045,-647
1046,-646
1046,-645
1047,-644
1048,-644
1049,-643
1049,-642
1049,-641
1050,-640
1050,-639
1050,-638
1051,-637
1051,-636
1051,-635
1051,-634
1052,-633
1052,-632
1052,-631
1052,-630
1052,-629
1052,-628
1051,-627
1050,-627
1049,-627
1048,-626
1047,-626
1046,-625
1045,-625
1044,-624
1043,-624
1042,-624
1041,-623
1040,-623
1039,-623
1038,-623
1037,-623
1036,-623
1035,-623
1034,-623
1033,-623
1032,-622
1031,-622
1030,-622
1029,-622
1028,-622
1027,-622
1026,-621
1025,-621
1024,-621
1023,-621
1022,-621
1021,-621
1020,-621
1019,-621
1018,-620
1017,-620
1016,-620
1015,-620
1014,-620
1013,-620
1012,-620
1011,-620
1010,-620
1009,-620
1008,-620
1007,-620
1006,-620
1005,-620
1004,-620
1003,-620
1002,-619
1001,-619
1000,-619
999,-619
998,-619
997,-619
996,-619
995,-619
994,-619
993,-619
992,-619
991,-618
990,-618
989,-618
988,-618
987,-618
986,-618
985,-618
984,-617
983,-617
982,-617
981,-617
980,-617
979,-617
978,-617
977,-617
976,-617
975,-617
974,-617
973,-617
972,-617
971,-617
970,-616
969,-616
968,-616
967,-616
966,-616
965,-616
964,-616
963,-616
962,-616
961,-616
960,-616
959,-616
958,-616
957,-616
956,-616
955,-616
954,-616
953,-616
952,-616
951,-616
950,-616
949,-616
948,-616
947,-616
946,-616
945,-616
944,-616
943,-616
942,-616
941,-616
940,-616
939,-616
938,-616
937,-616
936,-616
935,-616
934,-616
933,-616
932,-616
931,-616
930,-616
929,-616
928,-616
927,-616
926,-617
925,-617
924,-617
923,-617
922,-617
921,-617
920,-617
919,-617
918,-617
917,-617
916,-617
915,-617
914,-617
913,-618
912,-618
911,-618
910,-618
909,-618
908,-618
907,-618
906,-618
905,-619
904,-619
903,-620
902,-620
901,-620
900,-620
899,-620
898,-620
897,-620
896,-620
895,-620
894,-620
894,-621
893,-622
892,-622
891,-622
890,-621
889,-621
888,-621
887,-621
886,-621
885,-621
884,-621
883,-621
882,-621
881,-622
880,-622
879,-622
878,-623
877,-623
876,-623
875,-623
874,-623
873,-624
872,-624
871,-624
870,-624
869,-624
868,-624
867,-624
866,-624
865,-624
864,-625
863,-625
862,-625
861,-625
860,-626
859,-626
858,-626
857,-627
856,-627
855,-627
854,-627
853,-628
852,-628
851,-628
850,-628
849,-628
848,-628
847,-629
846,-629
845,-629
844,-630
843,-630
842,-630
841,-631
840,-631
839,-631
838,-632
837,-632
836,-632
835,-632
834,-632
833,-632
832,-632
831,-633
830,-633
829,-633
828,-633
827,-634
826,-634
825,-635
824,-635
823,-635
822,-635
821,-636
820,-636
819,-637
818,-637
817,-637
816,-637
815,-637
814,-638
813,-639
812,-639
811,-639
810,-640
809,-640
809,-641
808,-642
807,-642
806,-642
805,-642
804,-642
803,-642
802,-643
801,-644
800,-644
799,-644
798,-644
797,-644
796,-644
795,-644
794,-645
793,-645
792,-646
791,-647
790,-647
790,-648
790,-649
789,-650
788,-650
787,-650
786,-650
785,-650
784,-651
783,-652
782,-652
781,-652
780,-652
779,-652
778,-652
777,-652
776,-653
775,-653
774,-653
773,-654
772,-654
771,-655
770,-655
769,-656
768,-656
767,-657
766,-657
765,-658
764,-658
763,-659
762,-659
761,-660
760,-660
759,-661
758,-661
757,-662
756,-662
755,-663
754,-663
753,-664
752,-664
751,-664
750,-665
749,-665
748,-666
747,-667
746,-667
745,-667
744,-668
743,-669
742,-669
741,-670
740,-671
739,-671
738,-672
737,-673
736,-673
735,-673
734,-674
733,-675
732,-675
731,-676
730,-676
729,-677
729,-678
729,-679
728,-680
727,-680
726,-680
725,-680
724,-680
723,-680
723,-681
722,-682
721,-682
720,-682
719,-683
718,-684
717,-684
716,-685
715,-685
714,-686
713,-687
712,-688
711,-689
710,-689
709,-690
708,-690
707,-691
706,-692
705,-693
704,-694
703,-694
702,-694
701,-695
700,-696
699,-696
698,-697
697,-698
696,-699
695,-699
694,-700
694,-701
693,-702
692,-702
691,-703
690,-704
689,-704
688,-705
687,-705
686,-706
685,-707
684,-708
683,-709
682,-710
681,-711
680,-712
679,-713
678,-714
677,-715
676,-715
675,-716
674,-717
673,-718
672,-719
671,-720
670,-721
669,-722
668,-723
667,-724
666,-725
665,-726
664,-727
663,-728
662,-729
661,-730
660,-731
659,-732
658,-733
657,-734
656,-735
656,-736
655,-737
654,-738
653,-739
652,-740
651,-741
650,-742
650,-743
649,-744
648,-745
648,-746
647,-747
646,-748
645,-749
644,-750
643,-751
643,-752
642,-753
642,-754
641,-755
640,-756
639,-757
639,-758
639,-759
638,-760
637,-761
636,-762
635,-763
635,-764
635,-765
634,-766
634,-767
634,-768
633,-769
632,-770
632,-771
631,-772
631,-773
630,-774
630,-775
630,-776
629,-777
628,-778
627,-779
626,-780
626,-781
626,-782
625,-783
625,-784
625,-785
625,-786
624,-787
623,-788
622,-789
622,-790
622,-791
622,-792
621,-793
620,-793
620,-794
619,-795
618,-796
617,-797
616,-798
615,-799
614,-799
614,-800
613,-801
612,-802
611,-803
611,-804
610,-805
609,-806
608,-807
607,-807
606,-808
605,-809
604,-810
603,-811
602,-811
601,-812
600,-813
599,-814
598,-814
597,-815
596,-815
595,-816
594,-816
593,-817
592,-817
591,-817
590,-818
589,-818
588,-818
587,-819
586,-819
585,-819
584,-819
583,-820
582,-820
581,-821
580,-821
579,-821
578,-821
577,-822
576,-822
575,-823
574,-823
573,-824
572,-824
571,-824
570,-825
569,-825
568,-825
567,-826
566,-826
565,-827
564,-827
563,-827
562,-828
561,-828
560,-828
559,-829
558,-830
557,-830
556,-830
555,-830
554,-831
553,-831
552,-831
551,-831
550,-831
549,-832
548,-832
547,-832
546,-832
545,-833
544,-833
543,-833
542,-833
541,-833
540,-834
539,-834
538,-834
537,-834
536,-834
535,-835
534,-835
533,-835
532,-835
531,-835
530,-836
529,-836
528,-836
527,-837
526,-837
525,-838
524,-838
523,-838
522,-838
521,-838
520,-839
519,-839
518,-839
517,-839
516,-840
515,-840
514,-840
513,-840
512,-840
511,-840
510,-840
509,-840
508,-840
507,-840
506,-840
505,-841
504,-841
503,-841
502,-841
501,-841
500,-841
499,-842
498,-842
497,-842
496,-842
495,-842
494,-842
493,-842
492,-842
491,-843
490,-843
489,-843
488,-843
487,-843
486,-844
485,-844
484,-844
483,-844
482,-845
481,-845
480,-845
479,-845
478,-845
477,-845
476,-845
475,-845
474,-845
473,-845
472,-845
471,-845
470,-845
469,-845
468,-845
467,-845
466,-845
465,-845
464,-846
463,-846
462,-846
461,-846
460,-846
459,-846
458,-846
457,-847
456,-847
455,-847
454,-847
453,-847
453,-848
453,-849
453,-850
453,-851
454,-852
454,-853
454,-854
455,-855
455,-856
455,-857
456,-858
456,-859
456,-860
456,-861
456,-862
456,-863
455,-864
455,-865
455,-866
454,-867
453,-867
452,-867
451,-867
450,-867
