532,-1016
532,-1017
532,-1018
532,-1019
532,-1020
532,-1021
532,-1022
533,-1022
534,-1022
535,-1022
536,-1022
537,-1022
538,-1022
538,-1021
539,-1020
540,-1020
541,-1020
542,-1020
543,-1020
544,-1020
545,-1020
546,-1020
547,-1021
548,-1021
549,-1021
550,-1022
550,-1023
550,-1024
550,-1025
550,-1026
550,-1027
549,-1028
548,-1028
548,-1029
547,-1030
546,-1030
546,-1031
546,-1032
546,-1033
546,-1034
547,-1034
548,-1034
549,-1034
550,-1034
551,-1033
552,-1033
553,-1033
554,-1033
555,-1033
556,-1033
557,-1034
557,-1035
557,-1036
557,-1037
557,-1038
557,-1039
557,-1040
558,-1040
559,-1041
560,-1041
561,-1041
562,-1041
563,-1041
564,-1041
565,-1040
566,-1039
567,-1038
568,-1038
569,-1037
570,-1036
571,-1036
572,-1036
573,-1035
574,-1034
575,-1033
576,-1032
577,-1032
577,-1031
577,-1030
578,-1029
578,-1028
578,-1027
579,-1026
580,-1026
581,-1025
581,-1024
581,-1023
582,-1022
583,-1022
583,-1021
584,-1020
584,-1019
585,-1018
586,-1018
586,-1017
587,-1016
587,-1015
588,-1014
589,-1013
590,-1012
591,-1012
591,-1011
591,-1010
592,-1009
593,-1008
594,-1007
595,-1007
595,-1006
595,-1005
596,-1004
597,-1003
598,-1002
599,-1001
599,-1000
599,-999
600,-998
601,-997
602,-997
602,-996
602,-995
603,-994
604,-994
604,-993
604,-992
605,-991
606,-990
607,-989
607,-988
608,-987
609,-987
610,-986
610,-985
611,-984
611,-983
612,-982
613,-981
614,-981
614,-980
614,-979
615,-978
616,-978
616,-977
617,-976
617,-975
618,-974
619,-973
620,-972
621,-972
622,-971
622,-970
623,-969
624,-968
625,-967
626,-966
626,-965
627,-964
627,-963
628,-962
629,-962
630,-961
631,-961
631,-960
632,-959
633,-958
634,-957
634,-956
635,-955
636,-954
636,-953
637,-952
638,-952
639,-951
639,-950
640,-949
641,-949
641,-948
642,-947
643,-946
644,-946
644,-945
645,-944
646,-943
647,-942
647,-941
648,-940
649,-940
649,-939
650,-938
651,-938
651,-937
652,-936
653,-936
653,-935
654,-934
655,-933
656,-932
656,-931
657,-930
658,-930
659,-929
660,-929
660,-928
661,-927
662,-927
662,-926
663,-925
664,-924
665,-923
666,-923
667,-922
668,-921
668,-920
669,-919
670,-919
670,-918
671,-917
672,-917
672,-916
673,-915
674,-914
675,-913
676,-912
677,-912
677,-911
677,-910
678,-909
679,-909
680,-908
681,-907
682,-906
683,-906
683,-905
684,-904
685,-903
685,-902
686,-901
687,-900
688,-900
688,-899
689,-898
690,-898
691,-897
692,-896
692,-895
693,-894
694,-894
694,-893
695,-892
696,-891
697,-891
697,-890
698,-889
699,-889
699,-888
700,-887
701,-887
702,-886
703,-885
704,-884
705,-883
706,-883
707,-882
708,-882
708,-881
708,-880
709,-879
710,-878
711,-877
712,-876
713,-876
714,-875
715,-874
716,-874
717,-873
718,-873
719,-872
719,-871
720,-870
721,-870
722,-870
723,-869
724,-869
725,-869
726,-869
726,-868
726,-867
727,-866
728,-866
729,-866
730,-865
731,-864
732,-864
733,-864
733,-863
734,-862
735,-862
736,-862
737,-861
738,-861
739,-860
740,-860
741,-860
742,-859
743,-859
744,-858
745,-858
746,-857
747,-857
748,-857
749,-856
750,-856
751,-855
752,-854
753,-854
754,-854
755,-853
756,-853
757,-852
758,-852
759,-851
760,-851
761,-850
762,-849
763,-849
764,-848
765,-848
766,-848
767,-847
768,-846
769,-845
770,-845
771,-844
772,-844
773,-843
774,-842
775,-842
776,-841
777,-841
778,-840
779,-839
780,-838
781,-838
782,-837
783,-836
784,-835
785,-835
786,-834
787,-834
788,-834
789,-833
790,-832
791,-832
792,-831
793,-830
794,-829
795,-828
796,-827
797,-826
798,-825
799,-825
800,-824
801,-824
802,-823
803,-822
804,-821
805,-820
806,-820
807,-819
808,-818
809,-817
810,-817
810,-816
811,-815
812,-814
813,-814
814,-813
815,-812
815,-811
816,-810
817,-809
818,-809
819,-808
820,-807
821,-807
821,-806
821,-805
822,-804
823,-804
824,-803
825,-802
826,-801
827,-800
828,-799
829,-798
830,-797
831,-797
831,-796
832,-795
833,-794
834,-794
834,-793
835,-792
836,-792
837,-791
837,-790
838,-789
839,-788
840,-787
841,-786
842,-785
843,-784
844,-783
845,-782
846,-781
846,-780
847,-779
847,-778
848,-777
849,-777
850,-776
851,-776
851,-775
852,-774
853,-774
853,-773
854,-772
855,-771
855,-770
856,-769
857,-769
858,-768
858,-767
858,-766
859,-765
860,-764
860,-763
861,-762
862,-762
862,-761
863,-760
864,-759
865,-758
865,-757
866,-756
867,-755
867,-754
868,-753
869,-752
870,-752
870,-751
871,-750
872,-749
873,-748
873,-747
873,-746
873,-745
874,-744
875,-744
876,-743
877,-742
877,-741
877,-740
878,-739
879,-739
879,-738
879,-737
880,-736
881,-735
882,-734
882,-733
883,-732
883,-731
884,-730
885,-730
886,-729
886,-728
886,-727
887,-726
887,-725
888,-724
888,-723
889,-722
890,-721
891,-720
891,-719
892,-718
892,-717
893,-716
894,-715
894,-714
895,-713
895,-712
895,-711
896,-710
897,-710
897,-709
898,-708
899,-707
899,-706
899,-705
900,-704
900,-703
901,-702
902,-701
902,-700
903,-699
903,-698
903,-697
904,-696
905,-696
905,-695
905,-694
906,-693
907,-692
907,-691
907,-690
908,-689
908,-688
909,-687
910,-686
910,-685
910,-684
910,-683
911,-682
912,-681
912,-680
913,-679
913,-678
913,-677
914,-676
915,-675
915,-674
915,-673
916,-672
916,-671
917,-670
917,-669
918,-668
918,-667
918,-666
919,-665
919,-664
920,-663
921,-662
921,-661
921,-660
921,-659
922,-658
922,-657
923,-656
923,-655
924,-654
924,-653
925,-652
925,-651
925,-650
926,-649
926,-648
926,-647
927,-646
928,-645
928,-644
928,-643
928,-642
929,-641
929,-640
929,-639
930,-638
930,-637
931,-636
931,-635
931,-634
931,-633
932,-632
932,-631
932,-630
933,-629
933,-628
933,-627
934,-626
934,-625
934,-624
934,-623
935,-622
935,-621
935,-620
935,-619
935,-618
935,-617
936,-616
936,-615
936,-614
936,-613
937,-612
937,-611
937,-610
937,-609
938,-608
938,-607
938,-606
938,-605
938,-604
938,-603
939,-602
939,-601
939,-600
939,-599
940,-598
940,-597
940,-596
941,-595
941,-594
941,-593
941,-592
941,-591
941,-590
942,-589
942,-588
942,-587
943,-586
943,-585
943,-584
943,-583
944,-582
944,-581
944,-580
944,-579
945,-578
946,-577
946,-576
946,-575
946,-574
947,-573
948,-572
949,-572
950,-572
950,-571
950,-570
950,-569
950,-568
950,-567
950,-566
950,-565
950,-564
950,-563
950,-562
950,-561
951,-560
952,-560
953,-560
954,-560
954,-559
955,-558
956,-557
956,-556
956,-555
956,-554
956,-553
956,-552
956,-551
956,-550
956,-549
956,-548
956,-547
956,-546
956,-545
956,-544
956,-543
956,-542
957,-541
957,-540
958,-539
959,-539
960,-538
961,-538
961,-537
961,-536
961,-535
961,-534
960,-534
959,-533
959,-532
959,-531
958,-530
958,-529
958,-528
958,-527
959,-526
959,-525
959,-524
959,-523
960,-522
961,-522
961,-521
961,-520
961,-519
961,-518
961,-517
961,-516
961,-515
961,-514
961,-513
961,-512
961,-511
961,-510
962,-509
963,-509
964,-509
965,-509
965,-508
965,-507
965,-506
965,-505
964,-505
963,-504
963,-503
963,-502
964,-501
965,-501
966,-501
966,-500
966,-499
966,-498
966,-497
966,-496
966,-495
967,-494
968,-494
969,-494
969,-493
969,-492
969,-491
969,-490
969,-489
968,-489
967,-488
967,-487
966,-486
966,-485
965,-484
965,-483
965,-482
965,-481
965,-480
965,-479
966,-478
966,-477
966,-476
966,-475
966,-474
966,-473
966,-472
966,-471
966,-470
966,-469
967,-468
967,-467
967,-466
967,-465
967,-464
967,-463
967,-462
966,-461
966,-460
965,-460
964,-460
963,-460
962,-460
961,-460
960,-460
959,-460
958,-461
957,-461
956,-461
955,-462
954,-462
953,-462
952,-463
951,-463
950,-463
949,-464
948,-464
947,-465
946,-465
945,-466
944,-467
943,-467
942,-468
941,-468
940,-469
939,-470
938,-470
937,-471
936,-471
935,-472
934,-473
933,-473
932,-474
931,-475
930,-475
929,-476
928,-476
927,-477
926,-478
925,-479
924,-479
923,-480
922,-480
921,-481
920,-482
919,-482
918,-483
917,-484
916,-484
915,-485
914,-486
913,-487
912,-487
911,-488
910,-489
909,-489
908,-490
907,-491
906,-492
905,-492
904,-493
903,-494
902,-494
901,-495
900,-496
899,-497
898,-497
897,-498
896,-499
895,-499
894,-500
893,-501
892,-502
891,-502
890,-503
889,-504
888,-504
887,-505
886,-506
885,-507
884,-507
883,-508
882,-509
881,-509
880,-510
879,-511
878,-512
877,-512
876,-513
875,-514
874,-514
873,-515
872,-515
871,-516
870,-517
869,-517
868,-518
867,-519
866,-520
865,-520
864,-521
863,-521
862,-522
861,-523
860,-523
859,-524
858,-524
857,-525
856,-525
856,-526
855,-527
854,-527
853,-528
852,-528
851,-529
850,-529
850,-530
849,-531
848,-531
847,-532
846,-533
845,-533
844,-534
843,-535
842,-535
841,-536
840,-537
839,-538
838,-538
837,-539
836,-540
835,-540
834,-541
833,-541
832,-542
831,-543
830,-543
829,-544
828,-545
827,-546
826,-546
825,-547
824,-548
823,-549
822,-549
821,-550
820,-551
819,-552
818,-553
817,-553
817,-554
816,-555
815,-556
814,-556
813,-557
813,-558
812,-559
811,-559
811,-560
810,-561
809,-561
809,-562
808,-563
807,-564
806,-564
805,-565
805,-566
804,-567
803,-567
802,-568
801,-569
800,-570
799,-571
798,-572
797,-573
796,-574
795,-575
794,-575
794,-576
793,-577
792,-577
792,-578
791,-579
790,-580
789,-580
789,-581
788,-582
787,-583
786,-584
785,-585
784,-586
783,-587
782,-588
781,-589
780,-590
779,-591
778,-592
777,-593
776,-594
776,-595
775,-596
774,-597
773,-598
772,-599
771,-600
770,-601
770,-602
769,-603
768,-604
767,-604
767,-605
766,-606
765,-607
764,-608
764,-609
763,-610
762,-611
761,-612
760,-613
759,-614
758,-615
757,-616
757,-617
756,-618
755,-619
754,-620
753,-621
753,-622
752,-623
752,-624
751,-625
750,-625
750,-626
749,-627
748,-628
748,-629
747,-630
746,-631
745,-632
744,-633
744,-634
743,-635
742,-636
741,-637
741,-638
740,-639
740,-640
739,-641
738,-642
737,-643
737,-644
736,-645
736,-646
735,-647
734,-648
734,-649
733,-650
732,-651
732,-652
731,-653
731,-654
730,-655
729,-655
729,-656
728,-657
728,-658
727,-659
727,-660
726,-661
725,-662
725,-663
725,-664
724,-665
723,-666
722,-667
722,-668
721,-669
721,-670
720,-671
720,-672
719,-673
719,-674
719,-675
718,-676
717,-677
717,-678
716,-679
716,-680
716,-681
715,-682
714,-683
714,-684
713,-685
713,-686
712,-687
712,-688
712,-689
711,-690
710,-691
710,-692
709,-693
709,-694
708,-695
708,-696
707,-697
707,-698
707,-699
706,-700
706,-701
705,-702
705,-703
705,-704
704,-705
704,-706
704,-707
704,-708
703,-709
702,-710
702,-711
702,-712
701,-713
701,-714
701,-715
700,-716
700,-717
700,-718
699,-719
699,-720
698,-721
698,-722
698,-723
697,-724
697,-725
697,-726
697,-727
696,-728
696,-729
696,-730
696,-731
695,-732
695,-733
694,-734
694,-735
694,-736
694,-737
693,-738
693,-739
693,-740
693,-741
693,-742
692,-743
692,-744
692,-745
692,-746
691,-747
691,-748
690,-749
690,-750
690,-751
690,-752
689,-753
689,-754
689,-755
689,-756
688,-757
688,-758
688,-759
688,-760
688,-761
687,-762
687,-763
687,-764
686,-765
686,-766
686,-767
685,-768
685,-769
685,-770
684,-771
684,-772
684,-773
684,-774
683,-775
683,-776
682,-777
682,-778
682,-779
681,-780
681,-781
681,-782
680,-783
680,-784
680,-785
679,-786
679,-787
679,-788
678,-789
678,-790
678,-791
678,-792
677,-793
677,-794
677,-795
677,-796
677,-797
677,-798
677,-799
677,-800
676,-801
676,-802
676,-803
676,-804
676,-805
676,-806
676,-807
676,-808
675,-809
675,-810
675,-811
675,-812
675,-813
675,-814
675,-815
675,-816
675,-817
675,-818
674,-819
674,-820
674,-821
674,-822
674,-823
674,-824
674,-825
674,-826
674,-827
673,-828
673,-829
673,-830
672,-831
672,-832
672,-833
672,-834
672,-835
671,-836
671,-837
671,-838
670,-839
670,-840
670,-841
669,-842
669,-843
669,-844
668,-845
667,-846
667,-847
666,-848
666,-849
666,-850
665,-851
664,-852
663,-853
663,-854
662,-855
662,-856
661,-857
661,-858
660,-859
659,-860
659,-861
658,-862
657,-863
656,-864
656,-865
655,-866
654,-866
654,-867
653,-868
653,-869
652,-870
651,-871
651,-872
650,-873
649,-874
648,-875
647,-876
646,-877
645,-878
645,-879
645,-880
645,-881
644,-882
643,-882
642,-883
641,-884
640,-885
639,-886
638,-887
637,-888
636,-889
636,-890
635,-891
634,-891
633,-891
633,-892
633,-893
632,-894
631,-895
631,-896
631,-897
630,-898
629,-898
628,-898
627,-899
626,-900
625,-901
625,-902
624,-903
623,-904
622,-905
621,-906
621,-907
620,-908
619,-909
618,-910
617,-911
616,-912
615,-913
614,-914
613,-915
612,-916
612,-917
611,-918
610,-918
610,-919
609,-920
608,-921
607,-922
607,-923
606,-924
605,-925
605,-926
604,-927
603,-927
602,-928
602,-929
601,-930
600,-931
599,-932
598,-933
598,-934
597,-935
596,-936
595,-937
594,-938
593,-939
592,-940
591,-941
590,-942
589,-943
588,-944
587,-945
586,-946
585,-947
584,-948
584,-949
583,-950
582,-951
581,-952
581,-953
580,-954
579,-955
579,-956
578,-957
577,-957
577,-958
576,-959
576,-960
575,-961
574,-961
574,-962
573,-963
572,-964
571,-965
571,-966
570,-967
569,-968
568,-969
567,-970
566,-971
565,-972
565,-973
564,-974
564,-975
563,-976
562,-977
561,-978
560,-979
560,-980
559,-981
558,-982
558,-983
558,-984
557,-985
557,-986
557,-987
556,-988
555,-989
554,-989
553,-990
552,-991
552,-992
551,-993
551,-994
550,-995
549,-996
549,-997
549,-998
549,-999
549,-1000
549,-1001
549,-1002
549,-1003
549,-1004
550,-1004
551,-1005
552,-1006
553,-1007
553,-1008
554,-1009
554,-1010
554,-1011
553,-1012
552,-1012
551,-1013
550,-1013
549,-1014
548,-1014
547,-1014
546,-1013
546,-1012
546,-1011
545,-1010
545,-1009
545,-1008
545,-1007
544,-1007
543,-1007
542,-1007
541,-1007
540,-1008
539,-1008
538,-1009
537,-1010
536,-1011
535,-1012
534,-1013
534,-1014
534,-1015
533,-1016
532,-1016
