533,-466
533,-467
533,-468
533,-469
533,-470
533,-471
533,-472
533,-473
533,-474
533,-475
533,-476
533,-477
533,-478
533,-479
533,-480
533,-481
533,-482
533,-483
533,-484
533,-485
533,-486
533,-487
533,-488
533,-489
533,-490
533,-491
533,-492
533,-493
533,-494
533,-495
533,-496
533,-497
533,-498
533,-499
533,-500
533,-501
533,-502
533,-503
533,-504
533,-505
533,-506
534,-507
534,-508
534,-509
534,-510
534,-511
534,-512
535,-513
535,-514
535,-515
535,-516
535,-517
535,-518
535,-519
535,-520
535,-521
535,-522
535,-523
535,-524
535,-525
535,-526
535,-527
535,-528
535,-529
535,-530
535,-531
536,-532
536,-533
536,-534
536,-535
536,-536
536,-537
537,-538
537,-539
537,-540
537,-541
538,-542
538,-543
538,-544
538,-545
538,-546
539,-547
539,-548
539,-549
539,-550
539,-551
540,-552
540,-553
540,-554
540,-555
540,-556
540,-557
541,-558
541,-559
541,-560
541,-561
541,-562
541,-563
541,-564
542,-565
542,-566
542,-567
542,-568
542,-569
542,-570
542,-571
543,-572
543,-573
543,-574
543,-575
543,-576
543,-577
543,-578
544,-579
544,-580
544,-581
545,-582
545,-583
545,-584
545,-585
545,-586
545,-587
545,-588
545,-589
546,-590
546,-591
546,-592
546,-593
546,-594
546,-595
546,-596
546,-597
546,-598
546,-599
547,-600
547,-601
547,-602
547,-603
547,-604
547,-605
547,-606
548,-607
548,-608
548,-609
548,-610
548,-611
549,-612
549,-613
549,-614
549,-615
550,-616
550,-617
550,-618
551,-619
551,-620
551,-621
551,-622
552,-623
552,-624
552,-625
552,-626
553,-627
553,-628
553,-629
553,-630
554,-631
554,-632
555,-633
555,-634
555,-635
555,-636
555,-637
556,-638
556,-639
556,-640
556,-641
557,-642
557,-643
557,-644
558,-645
559,-646
559,-647
559,-648
559,-649
560,-650
560,-651
560,-652
561,-653
561,-654
561,-655
562,-656
562,-657
563,-658
563,-659
564,-660
564,-661
564,-662
565,-663
565,-664
565,-665
566,-666
567,-667
567,-668
567,-669
568,-670
568,-671
569,-672
569,-673
570,-674
571,-675
571,-676
571,-677
571,-678
572,-679
572,-680
573,-681
573,-682
574,-683
575,-684
575,-685
575,-686
576,-687
577,-688
577,-689
577,-690
578,-691
579,-692
580,-693
580,-694
580,-695
581,-696
581,-697
582,-698
582,-699
583,-700
583,-701
584,-702
584,-703
585,-704
586,-705
586,-706
586,-707
587,-708
588,-709
588,-710
588,-711
589,-711
590,-712
590,-713
591,-714
592,-715
592,-716
593,-717
593,-718
594,-718
595,-719
595,-720
595,-721
596,-722
597,-723
598,-724
598,-725
599,-726
600,-727
601,-728
602,-729
603,-730
604,-731
604,-732
605,-733
605,-734
606,-735
607,-735
608,-736
608,-737
608,-738
609,-738
610,-739
610,-740
610,-741
611,-741
612,-741
613,-742
613,-743
613,-744
613,-745
614,-745
615,-745
616,-746
617,-747
618,-748
618,-749
619,-750
620,-751
621,-752
621,-753
621,-754
622,-754
623,-755
623,-756
624,-756
625,-757
625,-758
626,-759
627,-759
628,-760
628,-761
629,-761
630,-762
631,-763
631,-764
632,-765
633,-765
634,-766
634,-767
635,-767
636,-768
636,-769
636,-770
637,-771
638,-771
639,-772
640,-772
641,-773
642,-773
643,-774
644,-775
644,-776
645,-776
646,-777
646,-778
647,-778
648,-779
649,-780
650,-780
651,-781
651,-782
652,-783
653,-784
654,-784
655,-785
656,-786
657,-787
658,-787
659,-788
660,-788
661,-789
662,-790
663,-791
664,-792
665,-793
666,-794
667,-794
668,-795
669,-796
670,-796
671,-796
672,-797
672,-798
673,-799
674,-799
675,-799
676,-800
677,-801
678,-801
679,-802
680,-803
681,-803
682,-804
683,-805
684,-805
685,-806
686,-807
687,-807
688,-808
689,-809
690,-809
691,-810
692,-810
693,-811
693,-812
694,-813
695,-813
696,-814
697,-815
698,-815
699,-816
699,-817
699,-818
700,-818
701,-818
702,-818
703,-818
704,-819
705,-820
705,-821
706,-821
707,-821
708,-822
708,-823
709,-824
710,-825
711,-826
712,-827
712,-828
713,-828
714,-828
715,-828
716,-829
716,-830
716,-831
715,-832
714,-832
714,-833
714,-834
714,-835
714,-836
715,-836
716,-837
717,-837
718,-837
719,-837
720,-837
721,-837
722,-837
723,-837
724,-837
725,-837
726,-836
727,-836
728,-836
729,-836
730,-835
731,-835
732,-835
733,-835
734,-834
735,-834
736,-834
737,-834
738,-834
739,-834
740,-834
741,-834
742,-834
743,-835
744,-835
745,-835
746,-836
747,-836
748,-836
749,-837
750,-837
751,-837
752,-838
753,-838
754,-839
755,-839
756,-839
757,-839
758,-840
759,-840
760,-840
761,-840
762,-840
763,-841
764,-841
765,-841
766,-842
767,-842
768,-842
769,-843
770,-843
771,-843
772,-843
773,-844
774,-844
775,-844
776,-844
777,-845
778,-845
779,-845
780,-845
781,-845
782,-846
782,-847
783,-847
784,-847
785,-848
786,-849
787,-850
788,-851
789,-852
790,-852
791,-853
791,-854
792,-855
793,-856
793,-857
793,-858
794,-858
795,-859
795,-860
795,-861
796,-861
797,-862
797,-863
797,-864
798,-865
799,-866
800,-866
801,-867
802,-867
803,-868
804,-869
805,-870
806,-871
807,-871
808,-872
809,-872
810,-873
811,-874
811,-875
812,-875
813,-876
814,-876
815,-876
816,-876
817,-877
817,-878
817,-879
817,-880
818,-881
819,-881
820,-882
821,-883
822,-884
823,-885
824,-886
824,-887
825,-888
826,-888
827,-889
827,-890
828,-890
829,-891
830,-891
831,-892
831,-893
832,-894
833,-895
834,-896
835,-897
836,-898
836,-899
837,-900
837,-901
838,-902
838,-903
839,-903
840,-903
841,-904
841,-905
841,-906
842,-906
843,-907
843,-908
844,-909
845,-909
846,-910
846,-911
847,-912
847,-913
848,-914
849,-915
850,-916
851,-917
852,-918
852,-919
853,-920
854,-920
855,-921
856,-922
856,-923
857,-924
857,-925
858,-925
859,-926
859,-927
859,-928
860,-928
861,-929
862,-930
862,-931
862,-932
863,-932
864,-933
864,-934
865,-935
866,-936
866,-937
867,-938
867,-939
867,-940
867,-941
868,-941
869,-941
870,-942
870,-943
871,-943
872,-944
873,-945
873,-946
873,-947
874,-947
875,-948
875,-949
876,-950
877,-951
878,-952
879,-953
880,-954
880,-955
880,-956
881,-956
882,-956
883,-957
884,-958
885,-959
886,-960
886,-961
887,-962
887,-963
888,-964
889,-964
890,-965
890,-966
891,-967
891,-968
891,-969
891,-970
892,-970
893,-970
894,-971
894,-972
894,-973
895,-973
896,-974
897,-975
898,-976
898,-977
898,-978
898,-979
898,-980
899,-980
900,-980
901,-981
902,-981
903,-982
903,-983
903,-984
903,-985
903,-986
903,-987
903,-988
904,-989
904,-990
904,-991
904,-992
904,-993
903,-994
902,-995
901,-995
900,-995
899,-995
898,-995
898,-996
898,-997
898,-998
898,-999
898,-1000
898,-1001
899,-1002
899,-1003
899,-1004
899,-1005
899,-1006
899,-1007
900,-1007
901,-1007
902,-1007
903,-1008
903,-1009
903,-1010
904,-1011
904,-1012
904,-1013
905,-1014
905,-1015
906,-1016
906,-1017
907,-1017
908,-1017
909,-1018
910,-1018
911,-1018
912,-1019
912,-1020
912,-1021
912,-1022
912,-1023
912,-1024
912,-1025
913,-1025
914,-1026
914,-1027
914,-1028
914,-1029
914,-1030
915,-1030
916,-1031
916,-1032
917,-1033
918,-1033
919,-1033
920,-1033
921,-1033
922,-1034
922,-1035
922,-1036
922,-1037
922,-1038
922,-1039
922,-1040
923,-1041
924,-1041
925,-1041
926,-1041
927,-1041
927,-1040
927,-1039
927,-1038
928,-1037
928,-1036
929,-1035
930,-1034
931,-1034
932,-1034
933,-1034
934,-1034
934,-1033
934,-1032
935,-1031
936,-1031
937,-1031
938,-1031
939,-1031
940,-1031
941,-1031
942,-1032
942,-1033
943,-1033
944,-1033
945,-1033
946,-1034
947,-1034
948,-1035
948,-1036
948,-1037
948,-1038
948,-1039
949,-1040
949,-1041
949,-1042
950,-1042
951,-1042
952,-1042
953,-1042
954,-1042
955,-1043
956,-1043
957,-1043
958,-1043
959,-1043
959,-1042
959,-1041
960,-1040
961,-1040
961,-1039
961,-1038
961,-1037
961,-1036
961,-1035
961,-1034
962,-1033
963,-1033
964,-1032
964,-1031
964,-1030
964,-1029
964,-1028
964,-1027
964,-1026
964,-1025
964,-1024
963,-1024
962,-1023
962,-1022
962,-1021
961,-1020
961,-1019
961,-1018
960,-1017
960,-1016
960,-1015
959,-1015
958,-1015
957,-1014
957,-1013
957,-1012
958,-1011
959,-1011
960,-1011
960,-1010
961,-1009
962,-1008
963,-1008
964,-1007
965,-1006
966,-1006
966,-1005
967,-1004
968,-1004
968,-1003
968,-1002
968,-1001
968,-1000
967,-999
967,-998
966,-997
965,-996
965,-995
964,-994
963,-993
962,-992
961,-992
960,-992
959,-991
959,-990
959,-989
958,-988
958,-987
957,-986
956,-985
955,-984
954,-983
953,-982
953,-981
953,-980
952,-979
951,-978
950,-977
949,-976
948,-975
948,-974
947,-973
946,-972
946,-971
945,-971
944,-970
943,-969
943,-968
942,-967
942,-966
941,-966
940,-966
939,-965
939,-964
939,-963
938,-963
937,-962
937,-961
937,-960
936,-959
936,-958
935,-958
934,-957
934,-956
934,-955
934,-954
933,-953
932,-952
932,-951
931,-950
930,-949
930,-948
929,-947
928,-946
927,-945
927,-944
926,-943
925,-942
924,-941
924,-940
924,-939
923,-938
922,-937
921,-936
920,-935
919,-934
919,-933
918,-932
918,-931
917,-931
916,-930
916,-929
915,-928
915,-927
914,-926
914,-925
913,-924
912,-923
912,-922
911,-922
910,-921
910,-920
909,-919
909,-918
908,-917
907,-916
907,-915
906,-914
905,-913
905,-912
904,-911
903,-910
903,-909
902,-908
902,-907
901,-906
900,-905
899,-904
899,-903
898,-902
898,-901
897,-900
896,-899
896,-898
895,-897
894,-896
894,-895
893,-894
893,-893
892,-892
891,-891
891,-890
890,-889
890,-888
889,-887
888,-886
888,-885
887,-884
886,-883
885,-882
885,-881
884,-880
884,-879
883,-878
882,-877
882,-876
881,-875
880,-874
879,-873
879,-872
878,-871
877,-870
877,-869
876,-868
875,-867
875,-866
874,-865
873,-864
873,-863
872,-862
872,-861
871,-860
870,-859
869,-858
868,-857
868,-856
867,-855
866,-854
866,-853
865,-852
865,-851
865,-850
864,-849
863,-848
862,-847
862,-846
861,-845
860,-844
860,-843
859,-842
859,-841
858,-840
857,-839
857,-838
856,-837
856,-836
855,-835
854,-834
854,-833
854,-832
853,-831
853,-830
852,-829
852,-828
852,-827
851,-826
850,-825
850,-824
850,-823
850,-822
849,-821
849,-820
849,-819
849,-818
849,-817
849,-816
849,-815
849,-814
849,-813
849,-812
849,-811
849,-810
849,-809
849,-808
849,-807
848,-806
848,-805
848,-804
849,-803
849,-802
850,-801
850,-800
850,-799
850,-798
850,-797
850,-796
851,-795
851,-794
851,-793
851,-792
851,-791
851,-790
852,-789
852,-788
852,-787
852,-786
852,-785
852,-784
852,-783
852,-782
852,-781
852,-780
852,-779
852,-778
852,-777
853,-776
853,-775
853,-774
853,-773
853,-772
853,-771
853,-770
853,-769
853,-768
853,-767
853,-766
853,-765
853,-764
853,-763
853,-762
853,-761
853,-760
852,-760
851,-760
850,-759
850,-758
850,-757
850,-756
850,-755
850,-754
849,-754
848,-754
847,-753
847,-752
847,-751
847,-750
848,-749
849,-749
850,-749
851,-749
852,-749
852,-748
852,-747
852,-746
852,-745
852,-744
851,-743
851,-742
851,-741
851,-740
851,-739
850,-738
850,-737
850,-736
850,-735
850,-734
850,-733
849,-732
849,-731
849,-730
849,-729
849,-728
849,-727
849,-726
849,-725
849,-724
849,-723
848,-722
848,-721
848,-720
848,-719
848,-718
848,-717
847,-716
847,-715
846,-714
846,-713
846,-712
846,-711
846,-710
846,-709
845,-708
845,-707
845,-706
844,-705
844,-704
844,-703
844,-702
843,-701
842,-700
842,-699
842,-698
841,-697
841,-696
841,-695
840,-694
840,-693
839,-692
839,-691
838,-690
838,-689
838,-688
837,-687
837,-686
836,-685
836,-684
836,-683
835,-682
834,-681
834,-680
834,-679
833,-678
833,-677
833,-676
832,-675
832,-674
831,-673
830,-672
830,-671
829,-670
829,-669
829,-668
828,-667
827,-666
826,-665
826,-664
826,-663
826,-662
825,-661
825,-660
825,-659
824,-658
823,-657
823,-656
822,-655
822,-654
821,-653
821,-652
820,-651
820,-650
820,-649
819,-648
818,-647
818,-646
818,-645
817,-644
817,-643
816,-642
815,-641
815,-640
814,-639
813,-638
813,-637
812,-636
811,-635
811,-634
810,-633
809,-632
809,-631
808,-630
807,-630
806,-629
806,-628
805,-627
805,-626
804,-625
803,-624
803,-623
802,-622
802,-621
801,-620
801,-619
800,-618
799,-617
798,-616
798,-615
797,-614
796,-613
796,-612
795,-611
794,-610
793,-609
793,-608
792,-607
791,-606
790,-605
790,-604
789,-603
788,-602
787,-601
787,-600
786,-599
785,-598
784,-597
784,-596
783,-595
782,-594
781,-593
780,-592
779,-591
778,-590
778,-589
777,-588
776,-587
775,-586
774,-585
773,-584
772,-583
771,-582
770,-581
770,-580
769,-579
768,-579
767,-578
766,-577
765,-576
764,-575
763,-574
762,-573
761,-572
760,-571
759,-570
758,-569
757,-568
757,-567
756,-566
755,-566
754,-565
754,-564
753,-563
752,-562
751,-561
750,-560
749,-559
748,-558
747,-558
746,-557
745,-556
744,-555
743,-554
742,-554
741,-553
741,-552
740,-552
739,-551
738,-550
737,-549
736,-548
735,-548
734,-547
733,-546
732,-545
731,-544
730,-543
729,-543
728,-542
727,-541
726,-540
725,-539
724,-538
723,-538
722,-537
721,-536
720,-535
719,-534
718,-533
717,-532
716,-531
715,-531
714,-530
713,-529
712,-529
711,-528
710,-527
709,-526
708,-526
707,-525
706,-525
705,-524
704,-523
703,-523
702,-522
701,-521
700,-521
699,-520
698,-519
697,-518
696,-518
695,-517
694,-517
693,-516
692,-515
691,-515
690,-514
689,-513
688,-513
687,-512
686,-511
685,-511
684,-510
683,-510
682,-509
681,-508
680,-508
679,-507
678,-507
677,-506
676,-506
675,-505
674,-504
673,-504
672,-503
671,-503
670,-503
669,-502
668,-501
667,-501
666,-501
665,-500
664,-499
663,-499
662,-499
661,-498
660,-498
659,-498
658,-497
657,-497
656,-496
655,-496
654,-495
653,-495
652,-494
651,-494
650,-493
649,-493
648,-493
647,-492
646,-492
645,-491
644,-491
643,-491
642,-491
641,-490
640,-490
639,-489
638,-488
637,-488
636,-487
635,-487
634,-487
633,-486
632,-486
631,-486
630,-485
629,-485
628,-485
627,-485
626,-484
625,-484
624,-483
623,-483
622,-483
621,-483
620,-482
619,-482
618,-481
617,-481
616,-481
615,-480
614,-480
613,-479
612,-479
611,-478
610,-478
609,-478
608,-477
607,-477
606,-476
605,-476
604,-476
603,-475
602,-474
601,-474
600,-474
599,-473
598,-473
597,-473
596,-472
595,-472
594,-471
593,-471
592,-471
591,-470
590,-470
589,-470
588,-470
587,-469
586,-469
585,-469
584,-468
583,-468
582,-468
581,-467
580,-467
579,-466
578,-466
577,-466
576,-466
575,-465
574,-465
573,-465
572,-465
571,-464
570,-464
569,-463
568,-463
567,-463
566,-463
565,-463
564,-462
563,-462
562,-462
561,-462
560,-462
559,-461
558,-461
557,-461
556,-461
555,-461
554,-461
553,-460
552,-460
551,-460
550,-460
549,-460
548,-460
547,-460
546,-459
545,-459
544,-459
543,-459
542,-459
541,-459
540,-459
539,-459
538,-459
537,-459
536,-460
535,-460
535,-461
535,-462
534,-463
534,-464
534,-465
533,-466
