439,-766
439,-767
439,-768
439,-769
439,-770
439,-771
440,-772
441,-772
442,-773
443,-773
444,-774
444,-775
444,-776
443,-777
443,-778
443,-779
443,-780
442,-781
441,-782
441,-783
441,-784
441,-785
441,-786
441,-787
441,-788
441,-789
442,-789
443,-789
444,-789
445,-789
446,-789
447,-789
448,-789
449,-789
450,-789
451,-789
452,-789
453,-789
454,-789
455,-789
456,-789
457,-790
458,-790
459,-790
460,-790
461,-790
462,-790
463,-789
464,-789
465,-789
466,-789
467,-789
468,-789
469,-790
470,-790
471,-790
472,-790
473,-790
474,-790
475,-790
476,-790
477,-790
478,-790
479,-790
480,-790
481,-791
482,-791
483,-791
484,-792
485,-792
486,-792
487,-793
488,-793
489,-793
490,-793
491,-794
492,-794
493,-794
494,-794
495,-794
496,-795
497,-795
498,-795
499,-795
500,-795
501,-796
502,-796
503,-796
504,-796
505,-797
506,-797
507,-797
508,-798
509,-798
510,-798
511,-798
512,-799
513,-799
514,-799
515,-799
516,-799
517,-800
517,-801
518,-801
519,-801
520,-802
521,-802
522,-802
523,-802
524,-802
525,-803
526,-803
527,-803
528,-803
529,-803
530,-804
530,-805
531,-806
532,-806
533,-806
534,-807
535,-807
536,-807
537,-807
538,-808
539,-808
540,-808
541,-808
542,-808
543,-809
544,-809
545,-809
546,-809
547,-810
548,-810
549,-810
550,-810
551,-811
552,-811
553,-811
554,-812
555,-812
556,-812
557,-812
558,-812
559,-813
559,-814
560,-814
561,-815
562,-815
563,-815
564,-815
565,-815
566,-816
567,-816
568,-816
569,-817
570,-818
571,-818
572,-818
573,-818
574,-818
575,-818
576,-818
577,-818
578,-819
579,-819
580,-820
581,-820
582,-821
583,-821
584,-822
585,-822
586,-822
587,-823
588,-823
589,-823
590,-823
591,-823
592,-824
593,-825
594,-825
595,-825
596,-825
597,-826
598,-826
599,-827
600,-827
601,-827
602,-828
602,-829
603,-829
604,-829
605,-830
606,-830
607,-830
608,-830
609,-830
610,-830
611,-831
612,-831
613,-832
614,-832
615,-833
615,-834
616,-834
617,-834
618,-834
619,-834
620,-834
621,-834
622,-834
623,-834
624,-834
625,-834
626,-834
627,-834
628,-835
628,-836
629,-836
630,-836
631,-836
632,-836
633,-836
634,-836
635,-837
636,-837
637,-837
638,-837
639,-837
640,-838
641,-838
642,-838
643,-838
644,-838
645,-839
646,-839
647,-839
648,-839
649,-840
650,-840
651,-840
652,-840
653,-840
654,-840
655,-840
656,-840
657,-841
658,-841
659,-841
660,-841
661,-841
662,-841
663,-841
664,-841
665,-841
666,-841
667,-841
668,-841
669,-841
670,-842
671,-842
672,-842
673,-842
674,-842
675,-842
676,-842
677,-842
678,-842
679,-842
680,-841
681,-841
682,-841
683,-841
684,-841
685,-841
686,-841
687,-841
688,-841
689,-841
690,-841
691,-841
692,-841
693,-841
694,-841
695,-841
696,-841
697,-841
698,-841
699,-840
700,-839
701,-839
702,-839
703,-839
704,-839
705,-839
706,-838
707,-837
708,-837
709,-837
710,-837
711,-837
712,-837
713,-837
714,-837
715,-837
716,-837
716,-836
717,-835
718,-835
719,-835
720,-835
721,-835
722,-835
723,-835
724,-835
725,-835
726,-835
727,-835
728,-835
729,-834
730,-834
731,-834
732,-834
733,-834
734,-834
735,-833
736,-833
737,-833
738,-834
739,-834
740,-834
741,-834
742,-834
743,-834
744,-834
745,-833
746,-833
747,-833
748,-832
749,-832
750,-832
751,-831
752,-831
753,-831
754,-831
755,-831
756,-831
757,-831
758,-831
759,-830
760,-830
761,-830
762,-830
763,-830
764,-830
765,-830
766,-830
767,-829
768,-829
769,-829
770,-829
771,-829
772,-829
773,-829
774,-829
775,-829
776,-829
777,-829
777,-828
778,-827
779,-827
780,-827
781,-827
782,-827
783,-827
784,-827
785,-826
786,-826
787,-826
788,-826
789,-826
790,-825
791,-824
792,-824
793,-824
794,-824
795,-823
796,-823
797,-823
798,-822
799,-822
800,-822
801,-822
802,-821
803,-821
804,-821
805,-821
805,-820
806,-819
807,-819
808,-819
809,-819
810,-819
811,-819
812,-819
813,-819
814,-819
814,-818
814,-817
815,-816
816,-816
817,-816
817,-815
818,-814
819,-814
820,-814
820,-813
821,-812
822,-811
823,-811
824,-811
825,-811
826,-811
827,-811
828,-811
829,-810
830,-810
831,-809
832,-808
833,-807
834,-806
835,-805
836,-804
837,-803
838,-803
839,-803
840,-802
841,-801
841,-800
841,-799
842,-798
843,-798
844,-798
845,-797
846,-797
847,-797
847,-796
848,-795
849,-794
850,-794
851,-794
852,-793
853,-792
853,-791
854,-790
855,-790
856,-790
856,-789
857,-788
858,-788
859,-788
860,-787
861,-786
862,-786
863,-785
864,-784
865,-783
866,-783
867,-782
868,-782
869,-782
869,-781
869,-780
870,-779
871,-778
872,-778
873,-778
874,-778
875,-777
876,-777
877,-776
878,-775
879,-775
880,-775
881,-775
882,-775
883,-775
884,-775
885,-775
886,-775
887,-775
888,-775
889,-775
890,-775
891,-775
892,-774
893,-774
894,-774
895,-774
896,-774
897,-774
898,-774
899,-774
900,-774
901,-774
902,-774
903,-774
904,-774
905,-774
906,-773
907,-773
908,-773
909,-773
910,-773
911,-773
912,-773
913,-773
914,-773
915,-773
916,-773
917,-773
918,-773
919,-773
920,-773
921,-773
922,-774
923,-774
924,-774
925,-774
926,-774
927,-774
928,-774
929,-774
930,-774
931,-774
932,-774
933,-774
934,-774
935,-774
936,-774
937,-774
938,-775
939,-775
940,-775
941,-775
942,-776
943,-777
944,-777
945,-777
946,-777
947,-777
948,-777
949,-777
950,-776
951,-776
952,-776
953,-776
954,-776
955,-776
956,-777
957,-777
958,-778
959,-778
960,-778
961,-778
962,-778
963,-778
964,-778
965,-778
966,-778
967,-779
968,-779
969,-779
970,-779
971,-779
972,-779
973,-779
974,-779
975,-780
976,-780
977,-780
978,-780
979,-780
980,-780
981,-780
982,-780
983,-780
984,-780
985,-780
986,-781
987,-781
988,-781
989,-781
990,-781
991,-781
992,-781
993,-781
994,-781
995,-781
996,-781
997,-781
998,-781
999,-781
1000,-781
1001,-782
1002,-782
1003,-782
1004,-782
1005,-782
1006,-782
1007,-782
1008,-783
1009,-783
1010,-783
1011,-783
1012,-783
1013,-783
1014,-783
1015,-784
1016,-784
1017,-784
1018,-784
1019,-784
1020,-783
1021,-783
1022,-783
1023,-783
1024,-783
1025,-783
1026,-783
1027,-783
1028,-783
1029,-783
1030,-783
1031,-783
1032,-783
1033,-783
1034,-783
1035,-783
1036,-783
1037,-783
1038,-782
1039,-782
1040,-782
1041,-782
1042,-782
1043,-782
1044,-783
1045,-783
1046,-783
1047,-783
1048,-783
1049,-783
1050,-782
1051,-781
1052,-781
1053,-781
1054,-781
1054,-780
1055,-779
1055,-778
1055,-777
1055,-776
1056,-775
1056,-774
1056,-773
1056,-772
1057,-771
1058,-771
1058,-770
1058,-769
1058,-768
1058,-767
1058,-766
1058,-765
1058,-764
1058,-763
1058,-762
1059,-761
1059,-760
1059,-759
1060,-758
1060,-757
1060,-756
1060,-755
1060,-754
1061,-753
1061,-752
1061,-751
1061,-750
1061,-749
1061,-748
1061,-747
1061,-746
1061,-745
1062,-744
1062,-743
1062,-742
1062,-741
1062,-740
1062,-739
1062,-738
1062,-737
1062,-736
1061,-735
1061,-734
1060,-734
1059,-733
1058,-733
1057,-732
1056,-732
1055,-732
1054,-732
1053,-732
1052,-732
1051,-733
1050,-734
1049,-735
1048,-735
1047,-735
1046,-734
1046,-733
1046,-732
1046,-731
1046,-730
1046,-729
1046,-728
1046,-727
1046,-726
1045,-726
1044,-726
1043,-726
1042,-726
1041,-725
1040,-725
1039,-725
1038,-725
1037,-725
1036,-725
1035,-724
1034,-724
1033,-724
1032,-724
1031,-724
1030,-723
1029,-723
1028,-723
1027,-723
1026,-723
1025,-723
1024,-723
1023,-723
1022,-722
1021,-722
1020,-722
1019,-722
1018,-722
1017,-722
1016,-721
1015,-721
1014,-721
1013,-721
1012,-721
1011,-721
1010,-720
1009,-720
1008,-720
1007,-720
1006,-720
1005,-720
1004,-719
1003,-719
1002,-719
1001,-719
1000,-719
999,-719
998,-719
997,-719
996,-718
995,-718
994,-718
993,-718
992,-718
991,-718
990,-718
989,-718
988,-718
987,-718
986,-718
985,-718
984,-717
983,-717
982,-717
981,-717
980,-717
979,-717
978,-717
977,-717
976,-717
975,-716
974,-716
973,-716
972,-716
971,-716
970,-716
969,-716
968,-716
967,-716
966,-716
965,-716
964,-716
963,-716
962,-715
961,-715
960,-715
959,-715
958,-715
957,-715
956,-715
955,-715
954,-715
953,-714
952,-714
951,-714
950,-714
949,-714
948,-714
947,-714
946,-714
945,-714
944,-714
943,-714
942,-713
941,-713
940,-713
939,-713
938,-713
937,-713
936,-712
935,-712
934,-712
933,-712
932,-712
931,-712
930,-712
929,-712
928,-712
927,-712
926,-712
925,-711
924,-711
923,-711
922,-711
921,-711
920,-711
919,-711
918,-711
917,-710
916,-710
915,-710
914,-710
913,-710
912,-710
911,-710
910,-709
909,-709
908,-709
907,-709
906,-709
905,-709
904,-709
903,-709
902,-708
901,-708
900,-708
899,-708
898,-708
897,-708
896,-708
895,-708
894,-707
893,-707
892,-707
891,-707
890,-707
889,-706
888,-706
887,-706
886,-706
885,-705
884,-705
883,-705
882,-704
881,-704
880,-703
879,-703
878,-703
877,-703
876,-703
875,-703
874,-702
873,-701
872,-701
871,-700
870,-700
869,-700
868,-700
867,-699
866,-699
865,-698
864,-697
863,-697
862,-696
861,-695
860,-695
859,-694
858,-693
857,-692
856,-692
855,-691
854,-690
853,-690
852,-689
852,-688
851,-688
850,-688
849,-687
848,-686
847,-686
846,-686
845,-685
844,-684
843,-684
842,-683
841,-683
840,-682
839,-682
838,-681
837,-681
836,-680
835,-680
834,-679
833,-679
832,-678
831,-678
830,-677
829,-677
828,-676
827,-676
826,-675
825,-675
824,-675
823,-674
822,-674
821,-674
820,-673
819,-673
818,-673
817,-672
816,-672
815,-671
814,-671
813,-671
812,-670
811,-670
810,-670
809,-670
808,-669
807,-669
806,-668
805,-668
804,-668
803,-668
802,-667
801,-667
800,-667
799,-667
798,-667
797,-666
796,-666
795,-666
794,-666
793,-665
792,-665
791,-665
790,-665
789,-665
788,-665
787,-665
786,-665
785,-665
784,-665
783,-665
782,-665
781,-664
780,-664
779,-663
778,-663
777,-663
776,-663
775,-663
774,-663
773,-663
772,-663
771,-662
770,-662
769,-662
768,-662
767,-662
766,-662
765,-661
764,-661
763,-661
762,-661
761,-661
760,-661
759,-661
758,-660
757,-660
756,-660
755,-660
754,-660
753,-660
752,-660
751,-660
750,-660
749,-660
748,-660
747,-659
746,-659
745,-659
744,-659
743,-659
742,-659
741,-659
740,-659
739,-659
738,-659
737,-659
736,-659
735,-659
734,-659
733,-659
732,-659
731,-659
730,-659
729,-659
728,-659
727,-659
726,-659
725,-659
724,-659
723,-659
722,-660
721,-660
720,-660
719,-660
718,-660
717,-660
716,-660
715,-660
714,-660
713,-660
712,-660
711,-660
710,-660
709,-660
708,-660
707,-660
706,-660
705,-660
704,-660
703,-660
702,-660
701,-660
700,-661
699,-661
698,-661
697,-661
696,-661
695,-661
694,-661
693,-661
692,-661
691,-661
690,-661
689,-662
688,-662
687,-662
686,-662
685,-662
684,-662
683,-662
682,-662
681,-662
680,-662
679,-662
678,-662
677,-663
676,-663
675,-663
674,-663
673,-663
672,-663
671,-663
670,-663
669,-663
668,-664
667,-664
666,-664
665,-664
664,-664
663,-664
662,-664
661,-665
660,-665
659,-665
658,-665
657,-665
656,-665
655,-666
654,-666
653,-666
652,-666
651,-666
650,-666
649,-667
648,-667
647,-667
646,-667
645,-667
644,-667
643,-668
642,-668
641,-668
640,-668
639,-668
638,-669
637,-669
636,-669
635,-669
634,-669
633,-670
632,-670
631,-670
630,-670
629,-671
628,-671
627,-671
626,-671
625,-672
624,-672
623,-672
622,-673
621,-673
620,-673
619,-673
618,-674
617,-674
616,-674
615,-674
614,-675
613,-675
612,-675
611,-676
610,-676
609,-676
608,-676
607,-677
606,-677
605,-677
604,-678
603,-678
602,-678
601,-678
600,-679
599,-679
598,-679
597,-679
596,-679
595,-680
594,-680
593,-680
592,-681
591,-681
590,-681
589,-682
588,-682
587,-682
586,-682
585,-683
584,-683
583,-683
582,-684
581,-684
580,-684
579,-685
578,-685
577,-686
576,-686
575,-687
574,-687
573,-687
572,-687
572,-688
571,-689
570,-689
569,-689
568,-689
567,-690
566,-690
565,-690
564,-691
563,-691
562,-692
561,-692
560,-692
559,-693
558,-693
557,-694
556,-695
555,-695
554,-695
553,-695
552,-696
551,-697
550,-697
549,-698
548,-698
547,-698
546,-699
545,-699
544,-699
543,-699
542,-700
541,-701
540,-701
539,-702
538,-703
537,-703
536,-704
535,-704
534,-705
533,-705
532,-705
531,-706
530,-706
529,-706
528,-707
527,-707
526,-708
525,-708
524,-709
523,-710
522,-710
521,-711
520,-711
519,-711
518,-712
517,-713
516,-713
515,-714
514,-714
513,-715
512,-715
511,-716
510,-716
509,-717
508,-718
507,-718
506,-719
505,-719
504,-719
503,-720
502,-720
501,-721
500,-721
499,-722
498,-723
497,-723
496,-724
495,-725
494,-726
493,-726
492,-726
491,-727
490,-727
489,-727
488,-727
487,-728
486,-729
485,-729
484,-730
483,-730
482,-731
481,-731
480,-732
479,-732
478,-733
477,-733
477,-734
476,-735
475,-735
474,-736
473,-736
472,-737
471,-737
470,-738
469,-739
468,-739
467,-740
466,-740
465,-741
464,-742
463,-742
462,-743
461,-743
461,-744
460,-745
459,-745
458,-746
457,-747
456,-748
455,-748
454,-749
453,-750
452,-751
451,-752
450,-753
449,-754
448,-755
447,-756
446,-757
445,-758
445,-759
444,-760
443,-761
442,-762
441,-763
441,-764
440,-765
439,-766
