533,-727
533,-728
533,-729
533,-730
533,-731
533,-732
534,-733
535,-734
535,-735
536,-735
537,-735
538,-735
539,-736
540,-737
541,-737
542,-737
543,-737
544,-737
545,-737
546,-738
547,-738
548,-738
549,-738
550,-738
551,-738
552,-739
553,-739
554,-739
555,-739
556,-739
557,-740
558,-741
559,-742
560,-742
561,-742
562,-742
563,-742
564,-742
565,-742
566,-743
567,-743
568,-743
569,-743
570,-743
571,-743
572,-743
573,-744
574,-744
575,-744
576,-744
577,-744
578,-744
579,-745
580,-745
581,-745
582,-745
583,-745
584,-745
585,-745
586,-746
587,-746
588,-746
589,-746
590,-746
591,-746
592,-747
593,-747
594,-747
595,-747
596,-747
597,-747
598,-747
599,-747
600,-747
601,-747
602,-747
603,-748
604,-748
605,-748
606,-748
607,-748
608,-748
609,-748
610,-748
611,-748
612,-748
613,-749
614,-749
615,-749
616,-749
617,-749
618,-749
619,-750
620,-750
621,-750
622,-751
623,-751
624,-751
625,-751
626,-751
627,-751
628,-751
629,-751
630,-752
631,-753
632,-753
633,-753
634,-753
635,-753
636,-753
637,-753
638,-753
639,-753
640,-753
641,-753
642,-753
643,-753
644,-753
645,-753
646,-753
647,-753
648,-753
649,-753
650,-753
651,-753
652,-753
653,-753
654,-753
655,-753
656,-753
657,-753
658,-753
659,-753
660,-753
661,-753
662,-753
663,-753
664,-753
665,-754
666,-754
667,-755
668,-756
669,-756
670,-756
671,-757
672,-758
673,-758
674,-759
675,-759
676,-760
677,-761
678,-762
678,-763
678,-764
679,-765
679,-766
680,-767
681,-767
682,-767
683,-768
683,-769
684,-769
685,-769
686,-770
686,-771
687,-772
688,-773
689,-774
690,-775
691,-775
692,-776
692,-777
693,-778
694,-779
695,-779
696,-780
697,-780
698,-781
699,-782
700,-783
700,-784
701,-784
702,-785
703,-785
704,-786
705,-787
706,-788
707,-789
708,-789
709,-790
710,-791
711,-792
712,-793
713,-793
714,-793
715,-794
716,-794
717,-795
718,-796
719,-797
720,-797
721,-797
722,-798
723,-798
724,-799
724,-800
725,-800
726,-800
727,-801
727,-802
728,-802
729,-802
730,-803
731,-804
732,-804
733,-805
734,-806
735,-806
736,-807
737,-807
738,-807
739,-808
740,-808
741,-809
742,-810
743,-810
744,-810
745,-810
746,-810
747,-810
748,-811
749,-811
750,-812
751,-812
752,-812
753,-813
754,-813
755,-813
756,-814
757,-814
758,-814
759,-814
760,-814
761,-814
762,-815
763,-816
764,-816
765,-816
766,-816
767,-817
768,-817
769,-817
770,-817
771,-817
772,-817
773,-817
774,-818
774,-819
775,-819
776,-819
777,-819
778,-819
779,-819
780,-819
781,-819
782,-819
783,-820
784,-820
785,-820
786,-820
787,-820
788,-820
789,-820
790,-820
791,-821
792,-821
793,-821
794,-821
795,-821
796,-821
797,-821
798,-821
799,-821
800,-821
801,-821
802,-821
803,-821
804,-822
805,-822
806,-822
807,-822
808,-822
809,-822
810,-822
811,-822
812,-822
813,-822
814,-822
815,-823
816,-823
817,-823
818,-823
819,-823
820,-823
821,-823
822,-823
823,-823
824,-823
825,-824
826,-824
827,-824
828,-824
829,-824
830,-824
831,-824
832,-824
833,-824
834,-824
835,-824
836,-824
837,-824
838,-824
839,-824
840,-824
841,-824
842,-824
843,-824
844,-824
845,-824
846,-824
847,-824
848,-824
849,-824
850,-824
851,-824
852,-824
853,-824
854,-824
855,-824
856,-824
857,-824
858,-824
859,-823
860,-823
861,-823
862,-823
863,-823
864,-823
865,-823
866,-823
867,-823
868,-823
869,-823
870,-823
871,-823
872,-823
873,-823
874,-823
875,-823
876,-822
877,-822
878,-821
879,-821
880,-820
881,-820
882,-820
883,-820
884,-820
885,-820
886,-820
887,-820
888,-819
889,-818
890,-818
891,-818
892,-818
893,-818
894,-818
895,-818
896,-818
897,-818
898,-818
899,-817
900,-817
901,-817
902,-817
903,-817
904,-816
905,-816
906,-816
907,-816
908,-816
909,-816
909,-815
910,-814
911,-814
912,-814
913,-814
914,-813
915,-813
916,-813
917,-813
918,-813
919,-813
920,-814
921,-814
922,-814
923,-814
924,-814
925,-814
926,-814
927,-814
928,-813
929,-813
930,-813
931,-813
932,-812
933,-811
934,-811
935,-811
936,-811
937,-810
938,-810
939,-809
940,-809
940,-808
941,-807
942,-807
943,-807
944,-807
945,-807
946,-806
947,-805
948,-804
949,-804
950,-804
951,-804
952,-804
953,-803
954,-802
955,-802
956,-802
957,-801
958,-801
959,-801
960,-800
961,-800
962,-799
963,-798
964,-798
965,-798
966,-798
966,-797
967,-796
968,-795
969,-794
969,-793
969,-792
969,-791
969,-790
969,-789
969,-788
969,-787
968,-786
968,-785
967,-784
967,-783
966,-782
966,-781
966,-780
967,-779
967,-778
967,-777
967,-776
967,-775
967,-774
966,-773
965,-772
964,-771
963,-770
962,-769
961,-768
960,-768
959,-767
958,-767
957,-766
956,-765
955,-764
954,-764
953,-763
952,-762
951,-761
950,-761
949,-760
948,-760
947,-759
946,-758
945,-758
944,-757
943,-756
942,-755
941,-755
940,-754
939,-753
938,-752
937,-752
936,-751
935,-750
934,-750
933,-749
932,-748
931,-748
930,-747
929,-746
928,-745
927,-744
926,-744
925,-743
924,-742
923,-742
922,-741
921,-740
920,-739
919,-739
918,-738
917,-737
916,-736
915,-736
914,-735
913,-734
912,-733
911,-733
910,-732
909,-731
908,-730
907,-729
906,-729
905,-728
904,-727
903,-726
902,-726
901,-725
900,-725
899,-724
898,-723
897,-722
896,-722
895,-721
894,-720
893,-719
892,-719
891,-718
890,-717
889,-717
888,-716
887,-716
886,-715
885,-714
884,-713
883,-713
882,-712
881,-711
880,-711
879,-710
878,-710
877,-709
876,-709
875,-708
874,-707
873,-706
872,-706
871,-706
870,-706
869,-705
869,-704
868,-704
867,-703
866,-703
865,-702
864,-702
863,-701
862,-701
861,-701
860,-700
859,-699
858,-699
857,-698
856,-698
855,-698
854,-698
853,-697
852,-697
851,-696
850,-696
849,-696
848,-695
847,-695
846,-694
845,-694
844,-694
843,-693
842,-693
841,-692
840,-692
839,-691
838,-690
837,-690
836,-690
835,-690
834,-690
833,-689
832,-689
831,-688
830,-688
829,-687
828,-687
827,-687
826,-686
825,-686
824,-686
823,-686
822,-685
821,-685
820,-685
819,-685
818,-684
817,-684
816,-684
815,-683
814,-683
813,-682
812,-682
811,-682
810,-682
809,-682
808,-682
807,-681
806,-681
805,-681
804,-681
803,-681
802,-681
801,-681
800,-681
799,-681
798,-681
797,-680
797,-679
796,-679
795,-679
794,-679
793,-679
792,-679
791,-679
790,-678
789,-678
788,-678
787,-678
786,-678
785,-678
784,-678
783,-678
782,-678
781,-677
780,-677
779,-677
778,-677
777,-677
776,-677
775,-677
774,-677
773,-677
772,-677
771,-677
770,-677
769,-677
768,-677
767,-677
766,-677
765,-677
764,-677
763,-677
762,-677
761,-677
760,-677
759,-677
758,-677
757,-677
756,-677
755,-677
754,-677
753,-678
752,-678
751,-678
750,-678
749,-678
748,-678
747,-678
746,-678
745,-678
744,-679
743,-679
742,-679
741,-679
740,-679
739,-679
738,-679
737,-679
736,-680
735,-680
734,-680
733,-681
732,-681
731,-681
730,-681
729,-682
728,-682
727,-682
726,-682
725,-683
724,-683
723,-683
722,-684
721,-684
720,-685
719,-685
718,-685
717,-686
716,-686
715,-686
714,-687
713,-687
712,-688
711,-688
710,-689
709,-689
708,-690
707,-690
706,-690
705,-690
704,-691
703,-691
702,-692
701,-693
700,-693
699,-694
698,-694
697,-695
696,-695
695,-695
694,-696
693,-697
692,-697
691,-698
690,-698
689,-699
688,-699
687,-700
686,-700
685,-701
684,-702
683,-702
682,-703
681,-703
680,-704
679,-704
678,-705
677,-705
676,-706
675,-707
674,-707
673,-707
672,-708
671,-708
670,-709
669,-709
668,-709
667,-709
666,-710
665,-710
664,-710
663,-711
662,-711
661,-711
660,-711
659,-711
658,-711
657,-712
656,-712
655,-712
654,-712
653,-712
652,-712
651,-712
650,-712
649,-713
648,-713
647,-713
646,-713
645,-713
644,-713
643,-713
642,-713
641,-713
640,-713
639,-713
638,-713
637,-713
636,-713
635,-713
634,-712
633,-712
632,-712
631,-712
630,-712
629,-712
628,-712
627,-712
626,-712
625,-712
624,-712
623,-712
622,-712
621,-711
620,-711
619,-711
618,-711
617,-711
616,-711
615,-711
614,-711
613,-711
612,-711
611,-710
610,-710
609,-710
608,-710
607,-710
606,-710
605,-710
604,-710
603,-709
602,-709
601,-709
600,-709
599,-709
598,-709
597,-709
596,-709
595,-709
594,-709
593,-709
592,-709
591,-708
590,-707
589,-707
588,-707
587,-707
586,-707
585,-707
584,-707
583,-707
582,-707
581,-706
580,-706
579,-706
578,-706
577,-706
576,-707
575,-707
574,-707
573,-707
572,-707
571,-707
570,-707
569,-707
568,-707
567,-707
566,-707
566,-708
565,-709
564,-709
563,-709
562,-709
561,-710
560,-710
559,-710
558,-710
557,-710
556,-710
556,-711
556,-712
555,-713
554,-713
554,-714
554,-715
554,-716
554,-717
554,-718
553,-719
552,-719
551,-719
550,-719
549,-720
548,-720
547,-720
546,-720
545,-720
544,-720
543,-721
542,-721
541,-721
540,-721
539,-721
539,-722
539,-723
539,-724
538,-725
537,-726
536,-726
535,-727
534,-727
533,-727
