523,-748
523,-749
523,-750
523,-751
523,-752
524,-752
525,-752
526,-752
527,-753
528,-753
529,-753
530,-753
531,-753
532,-753
533,-753
534,-753
535,-753
536,-753
537,-753
538,-753
539,-753
540,-753
541,-753
542,-752
543,-752
544,-752
545,-752
546,-752
547,-752
548,-752
549,-752
550,-752
551,-752
552,-753
553,-753
554,-753
555,-753
556,-753
557,-753
558,-752
559,-752
560,-752
561,-752
562,-752
563,-752
564,-752
565,-752
566,-752
567,-752
568,-752
569,-752
570,-752
571,-752
572,-752
573,-752
574,-752
575,-752
576,-752
577,-752
578,-752
579,-752
580,-752
581,-752
582,-752
583,-752
584,-753
585,-753
586,-753
587,-753
588,-753
589,-753
590,-753
591,-753
592,-753
593,-753
594,-754
595,-754
596,-754
597,-754
598,-754
599,-754
600,-754
601,-754
602,-754
603,-754
604,-754
605,-754
606,-754
607,-754
608,-755
609,-755
610,-755
611,-755
612,-755
613,-756
614,-756
615,-756
616,-756
617,-756
618,-756
619,-756
620,-756
621,-756
622,-757
623,-757
624,-757
625,-757
626,-757
627,-758
628,-758
629,-758
630,-758
631,-759
632,-759
633,-759
634,-759
635,-759
636,-760
637,-760
638,-760
639,-760
640,-760
641,-761
642,-761
643,-761
644,-761
645,-761
646,-762
647,-762
648,-763
649,-763
650,-763
651,-764
652,-764
653,-764
654,-764
655,-765
656,-766
657,-766
658,-767
659,-767
660,-767
661,-768
661,-769
662,-769
663,-769
664,-770
665,-770
666,-771
667,-772
668,-772
669,-772
670,-773
671,-774
671,-775
672,-775
673,-775
674,-775
675,-776
676,-777
676,-778
676,-779
677,-780
678,-781
679,-781
680,-782
681,-783
682,-783
683,-784
683,-785
684,-785
685,-785
686,-786
686,-787
686,-788
687,-788
688,-788
689,-789
690,-789
691,-789
692,-790
692,-791
693,-791
694,-791
695,-791
696,-791
697,-792
698,-793
699,-793
700,-793
701,-794
702,-794
703,-794
704,-794
705,-794
706,-794
707,-794
708,-795
708,-796
708,-797
709,-798
710,-798
711,-799
712,-799
713,-799
714,-799
715,-800
716,-800
717,-800
718,-801
719,-801
720,-802
721,-803
722,-803
723,-803
724,-804
725,-805
726,-805
727,-805
728,-805
729,-806
730,-807
731,-807
732,-808
733,-808
734,-808
735,-808
736,-809
737,-809
738,-809
739,-810
740,-811
741,-811
742,-811
743,-811
744,-812
745,-812
746,-812
747,-812
748,-813
749,-813
750,-813
751,-814
752,-814
753,-814
754,-815
755,-815
756,-815
757,-815
758,-815
759,-816
760,-816
761,-816
762,-816
763,-816
764,-817
765,-817
766,-817
767,-817
768,-818
769,-818
770,-818
771,-818
772,-819
773,-819
774,-819
775,-819
776,-819
777,-819
778,-819
779,-819
780,-819
781,-819
782,-819
783,-819
784,-819
785,-819
786,-820
787,-820
788,-820
789,-820
790,-820
791,-820
792,-820
793,-820
794,-820
795,-820
796,-820
797,-820
798,-820
799,-820
800,-820
801,-820
802,-820
803,-820
804,-820
805,-820
806,-819
807,-819
808,-819
809,-819
810,-819
811,-819
812,-819
813,-819
814,-819
815,-819
816,-818
817,-818
818,-818
819,-818
820,-818
821,-818
822,-818
823,-818
824,-818
825,-817
826,-817
827,-817
828,-817
829,-816
830,-816
831,-816
832,-815
833,-815
834,-815
835,-815
836,-814
837,-813
838,-813
839,-813
840,-813
841,-812
842,-812
843,-812
844,-812
845,-811
846,-811
847,-811
848,-811
849,-810
850,-810
851,-810
852,-810
853,-809
854,-809
855,-809
856,-808
857,-808
858,-808
859,-808
860,-807
861,-807
862,-807
863,-807
864,-806
865,-806
866,-806
867,-805
868,-804
869,-804
870,-804
871,-803
872,-803
873,-803
874,-803
875,-802
876,-801
877,-801
878,-801
879,-800
880,-800
881,-799
882,-799
883,-798
884,-797
885,-797
886,-797
887,-796
888,-796
889,-795
890,-795
891,-795
892,-794
893,-793
894,-792
895,-792
896,-791
897,-791
898,-790
899,-790
900,-789
901,-788
902,-788
903,-788
904,-787
905,-787
906,-786
907,-785
908,-784
909,-783
910,-783
911,-783
912,-782
913,-782
914,-782
915,-782
915,-781
916,-780
917,-780
918,-780
919,-780
920,-779
921,-779
922,-779
923,-779
924,-779
925,-779
926,-778
927,-778
928,-777
929,-776
930,-775
931,-775
932,-775
933,-774
934,-774
935,-774
936,-774
936,-773
937,-772
938,-772
939,-772
940,-771
941,-771
942,-770
943,-770
944,-770
945,-769
946,-769
947,-768
948,-768
949,-767
950,-766
951,-766
952,-765
953,-765
954,-764
955,-764
956,-764
957,-764
958,-764
959,-764
959,-763
960,-762
961,-762
962,-762
963,-761
964,-761
965,-761
966,-760
967,-759
968,-759
969,-758
970,-757
971,-756
972,-756
973,-755
973,-754
974,-753
975,-753
975,-752
976,-751
977,-750
977,-749
978,-748
978,-747
978,-746
978,-745
978,-744
978,-743
978,-742
978,-741
978,-740
978,-739
977,-739
976,-738
975,-737
974,-737
973,-736
972,-735
971,-734
970,-733
969,-732
968,-732
967,-731
966,-730
965,-730
964,-729
963,-728
962,-727
961,-727
960,-726
959,-726
958,-725
957,-724
956,-724
955,-723
954,-723
953,-722
952,-721
951,-721
950,-720
949,-720
948,-719
947,-718
946,-718
945,-718
944,-717
943,-716
942,-716
941,-715
940,-715
939,-714
938,-714
937,-713
936,-713
935,-712
934,-712
933,-711
932,-711
931,-710
930,-710
929,-709
928,-709
927,-708
926,-708
925,-707
924,-707
923,-707
922,-707
921,-706
920,-706
919,-705
918,-705
917,-704
916,-704
915,-704
914,-704
913,-703
912,-703
911,-703
910,-703
909,-702
908,-702
907,-701
906,-701
905,-700
904,-700
903,-700
902,-699
901,-699
900,-699
899,-698
898,-698
897,-698
896,-698
895,-697
894,-697
893,-696
892,-696
891,-695
890,-695
889,-695
888,-695
887,-695
886,-694
885,-694
884,-694
883,-694
882,-693
881,-693
880,-692
879,-692
878,-692
877,-692
876,-691
875,-691
874,-691
873,-691
872,-691
871,-691
870,-691
869,-690
868,-690
867,-690
866,-689
865,-689
864,-689
863,-689
862,-688
861,-688
860,-688
859,-688
858,-688
857,-687
856,-687
855,-687
854,-687
853,-686
852,-686
851,-686
850,-686
849,-686
848,-686
847,-685
846,-685
845,-684
844,-684
843,-684
842,-684
841,-683
840,-683
839,-683
838,-683
837,-683
836,-683
835,-683
834,-682
833,-682
832,-682
831,-682
830,-682
829,-682
828,-682
827,-682
826,-682
825,-682
824,-682
823,-681
822,-681
821,-681
820,-681
819,-681
818,-681
817,-681
816,-681
815,-681
814,-681
813,-681
812,-681
811,-681
810,-681
809,-681
808,-681
807,-681
806,-681
805,-681
804,-681
803,-681
802,-681
801,-681
800,-681
799,-681
798,-681
797,-681
796,-681
795,-681
794,-681
793,-682
792,-682
791,-682
790,-682
789,-682
788,-682
787,-682
786,-682
785,-682
784,-682
783,-683
782,-683
781,-683
780,-683
779,-683
778,-683
777,-683
776,-683
775,-683
774,-683
773,-683
772,-683
771,-683
770,-683
769,-684
768,-684
767,-684
766,-684
765,-685
764,-685
763,-685
762,-686
761,-686
760,-686
759,-686
758,-687
757,-687
756,-687
755,-687
754,-687
753,-688
752,-688
751,-688
750,-688
750,-689
749,-690
748,-690
747,-690
746,-690
745,-691
744,-691
743,-691
742,-691
741,-692
740,-692
739,-693
738,-693
737,-693
736,-694
735,-694
734,-695
733,-695
732,-696
731,-697
730,-697
729,-698
728,-698
727,-698
726,-699
725,-699
724,-699
723,-700
722,-700
722,-701
721,-702
720,-702
719,-702
718,-703
717,-703
716,-704
715,-704
714,-705
713,-706
712,-706
711,-707
710,-708
709,-709
708,-709
707,-710
706,-710
705,-711
704,-712
703,-713
702,-714
701,-715
700,-715
700,-716
699,-717
698,-717
698,-718
697,-719
696,-719
695,-720
695,-721
695,-722
694,-723
694,-724
693,-725
692,-725
691,-725
690,-726
689,-726
688,-727
687,-727
686,-728
685,-728
684,-728
683,-729
682,-729
681,-729
680,-729
679,-729
678,-729
677,-729
676,-729
675,-729
674,-729
673,-729
672,-729
671,-729
670,-729
669,-729
668,-729
667,-729
666,-729
665,-729
664,-729
663,-729
662,-729
661,-729
660,-729
659,-729
658,-729
657,-729
656,-729
655,-729
654,-729
653,-729
652,-729
651,-729
650,-729
649,-729
648,-728
647,-728
646,-728
645,-728
644,-728
643,-728
642,-728
641,-728
640,-728
639,-728
638,-728
637,-728
636,-728
635,-727
634,-727
633,-727
632,-727
631,-727
630,-727
629,-727
628,-727
627,-727
626,-727
625,-727
624,-727
623,-727
622,-727
621,-728
620,-728
619,-728
618,-727
617,-727
616,-727
615,-727
614,-727
613,-727
613,-728
613,-729
613,-730
612,-731
611,-731
610,-731
609,-731
608,-731
607,-731
606,-731
606,-732
606,-733
606,-734
606,-735
606,-736
605,-737
604,-737
603,-737
602,-737
601,-737
600,-737
599,-737
598,-737
597,-737
596,-737
595,-737
594,-737
593,-737
592,-737
591,-737
590,-737
589,-737
588,-737
587,-737
586,-737
585,-737
584,-736
583,-736
582,-736
581,-736
580,-736
579,-736
578,-736
577,-736
576,-735
575,-735
574,-735
573,-735
572,-735
571,-735
570,-735
569,-735
568,-735
567,-735
566,-735
565,-735
564,-735
563,-736
563,-737
562,-738
561,-738
560,-738
559,-738
558,-738
557,-738
556,-738
555,-738
554,-738
553,-738
552,-738
551,-738
551,-739
550,-740
549,-740
548,-741
547,-741
546,-741
545,-742
544,-742
543,-742
542,-742
541,-743
540,-744
539,-744
538,-744
537,-744
536,-744
536,-745
536,-746
535,-747
534,-747
533,-747
532,-747
531,-747
530,-747
529,-747
528,-748
527,-748
526,-748
525,-748
524,-748
523,-748
