575,-1037
575,-1038
575,-1039
575,-1040
575,-1041
575,-1042
575,-1043
575,-1044
576,-1044
577,-1044
578,-1045
579,-1045
580,-1046
581,-1047
582,-1047
583,-1047
584,-1048
585,-1049
586,-1050
586,-1051
586,-1052
585,-1053
584,-1053
583,-1053
582,-1053
582,-1054
582,-1055
582,-1056
582,-1057
582,-1058
582,-1059
582,-1060
583,-1060
584,-1060
585,-1060
586,-1060
587,-1061
587,-1062
588,-1062
589,-1062
590,-1062
591,-1062
592,-1061
593,-1061
593,-1060
593,-1059
594,-1058
594,-1057
595,-1056
596,-1055
596,-1054
597,-1053
597,-1052
598,-1051
598,-1050
599,-1049
599,-1048
599,-1047
599,-1046
599,-1045
600,-1044
601,-1044
602,-1044
603,-1044
603,-1043
603,-1042
603,-1041
603,-1040
604,-1039
605,-1039
606,-1039
606,-1038
606,-1037
606,-1036
607,-1035
608,-1034
608,-1033
608,-1032
608,-1031
609,-1030
610,-1029
611,-1029
611,-1028
611,-1027
612,-1026
612,-1025
612,-1024
613,-1023
614,-1022
614,-1021
614,-1020
615,-1019
615,-1018
616,-1017
616,-1016
617,-1015
617,-1014
618,-1013
619,-1013
619,-1012
619,-1011
620,-1010
620,-1009
620,-1008
620,-1007
621,-1006
622,-1005
622,-1004
622,-1003
623,-1002
623,-1001
623,-1000
624,-999
624,-998
624,-997
625,-996
625,-995
626,-994
626,-993
626,-992
627,-991
627,-990
628,-989
629,-988
629,-987
630,-986
630,-985
630,-984
630,-983
631,-982
632,-981
632,-980
632,-979
632,-978
633,-977
633,-976
633,-975
634,-974
635,-974
635,-973
635,-972
635,-971
636,-970
636,-969
636,-968
637,-967
638,-966
639,-965
639,-964
639,-963
640,-962
640,-961
641,-960
641,-959
641,-958
641,-957
642,-956
643,-955
644,-954
644,-953
644,-952
645,-951
646,-950
646,-949
646,-948
646,-947
647,-946
648,-945
649,-944
649,-943
649,-942
650,-941
651,-940
651,-939
651,-938
652,-937
653,-936
653,-935
654,-934
654,-933
655,-932
655,-931
655,-930
656,-929
657,-928
657,-927
657,-926
658,-925
659,-924
659,-923
659,-922
660,-921
661,-920
662,-919
662,-918
663,-917
664,-916
664,-915
665,-914
665,-913
666,-912
666,-911
667,-910
668,-909
668,-908
668,-907
668,-906
669,-905
670,-905
670,-904
671,-903
671,-902
672,-901
672,-900
673,-899
673,-898
674,-897
674,-896
675,-895
676,-894
676,-893
677,-892
678,-891
679,-890
680,-889
681,-888
681,-887
681,-886
681,-885
681,-884
682,-883
683,-883
684,-883
685,-882
685,-881
686,-880
687,-879
688,-878
688,-877
689,-876
690,-876
691,-875
691,-874
692,-873
693,-872
694,-871
695,-870
696,-869
697,-869
698,-868
699,-867
699,-866
700,-865
701,-864
702,-864
703,-864
704,-864
705,-864
706,-863
706,-862
707,-861
708,-861
709,-861
710,-860
711,-860
712,-860
713,-859
714,-858
715,-858
716,-857
717,-857
718,-857
719,-857
720,-856
721,-856
722,-856
723,-856
724,-855
725,-855
726,-854
727,-854
728,-853
729,-853
730,-852
731,-852
732,-852
732,-851
732,-850
732,-849
732,-848
732,-847
731,-847
730,-847
729,-846
729,-845
728,-844
728,-843
728,-842
728,-841
727,-841
726,-840
726,-839
726,-838
727,-837
728,-836
729,-836
729,-835
730,-834
731,-834
732,-834
733,-833
734,-832
735,-832
736,-831
737,-831
738,-831
739,-831
740,-831
741,-831
742,-831
743,-831
744,-830
745,-829
746,-828
747,-827
748,-826
749,-826
750,-825
751,-825
751,-824
752,-823
753,-822
754,-822
755,-822
756,-822
756,-821
756,-820
756,-819
757,-818
758,-818
759,-818
759,-817
760,-816
760,-815
761,-814
762,-814
763,-813
764,-812
765,-811
766,-810
767,-810
768,-809
769,-808
770,-807
771,-806
772,-805
772,-804
773,-803
774,-803
775,-802
776,-802
777,-802
777,-801
778,-800
778,-799
779,-798
780,-797
781,-797
782,-796
782,-795
783,-794
784,-793
785,-793
785,-792
786,-791
787,-790
788,-789
789,-789
789,-788
790,-787
791,-786
792,-786
792,-785
793,-784
794,-783
795,-782
796,-781
796,-780
797,-779
798,-779
798,-778
799,-777
799,-776
800,-775
801,-775
801,-774
802,-773
803,-773
803,-772
804,-771
805,-770
806,-769
806,-768
807,-767
808,-766
809,-766
809,-765
809,-764
810,-763
811,-762
812,-761
813,-761
813,-760
814,-759
815,-759
815,-758
815,-757
816,-756
817,-755
818,-754
819,-754
819,-753
820,-752
820,-751
821,-750
822,-749
823,-748
823,-747
824,-746
825,-745
825,-744
826,-743
827,-742
827,-741
828,-740
829,-739
830,-738
831,-737
831,-736
832,-735
833,-735
833,-734
834,-733
835,-732
836,-731
836,-730
836,-729
836,-728
836,-727
836,-726
835,-726
834,-726
833,-726
832,-726
831,-725
831,-724
831,-723
832,-722
833,-721
834,-720
835,-719
836,-718
837,-718
838,-717
839,-716
840,-715
841,-715
842,-714
843,-714
844,-713
845,-712
846,-712
847,-711
848,-710
849,-709
850,-708
851,-707
852,-706
852,-705
853,-704
854,-703
854,-702
854,-701
854,-700
854,-699
855,-698
856,-697
856,-696
857,-695
858,-694
858,-693
858,-692
859,-691
860,-691
861,-690
861,-689
861,-688
861,-687
862,-686
863,-685
863,-684
864,-683
864,-682
865,-681
866,-681
866,-680
867,-679
867,-678
868,-677
868,-676
869,-675
869,-674
870,-673
870,-672
871,-671
872,-670
872,-669
873,-668
873,-667
874,-666
875,-666
875,-665
875,-664
875,-663
876,-662
877,-662
878,-661
878,-660
878,-659
879,-658
879,-657
880,-656
881,-656
881,-655
881,-654
881,-653
881,-652
881,-651
881,-650
881,-649
881,-648
882,-647
883,-647
884,-647
885,-647
886,-646
887,-645
887,-644
887,-643
887,-642
887,-641
887,-640
887,-639
886,-638
886,-637
886,-636
887,-635
888,-635
889,-635
890,-635
891,-635
892,-634
892,-633
892,-632
892,-631
892,-630
892,-629
892,-628
892,-627
892,-626
893,-625
894,-625
895,-625
895,-624
895,-623
895,-622
895,-621
895,-620
895,-619
895,-618
896,-617
897,-617
898,-617
899,-617
899,-616
899,-615
900,-614
900,-613
900,-612
901,-611
901,-610
901,-609
902,-608
902,-607
902,-606
902,-605
903,-604
903,-603
903,-602
903,-601
904,-600
904,-599
904,-598
905,-597
905,-596
905,-595
905,-594
905,-593
905,-592
906,-591
906,-590
907,-589
907,-588
907,-587
907,-586
907,-585
907,-584
908,-583
908,-582
908,-581
908,-580
908,-579
908,-578
909,-577
909,-576
909,-575
909,-574
910,-573
910,-572
911,-571
911,-570
911,-569
911,-568
911,-567
911,-566
912,-565
912,-564
912,-563
912,-562
912,-561
912,-560
912,-559
912,-558
913,-557
913,-556
913,-555
913,-554
913,-553
913,-552
913,-551
914,-550
914,-549
914,-548
914,-547
914,-546
914,-545
914,-544
914,-543
914,-542
915,-541
915,-540
915,-539
915,-538
916,-537
916,-536
916,-535
916,-534
916,-533
916,-532
917,-531
917,-530
917,-529
917,-528
917,-527
917,-526
918,-525
918,-524
918,-523
918,-522
918,-521
919,-520
919,-519
919,-518
919,-517
919,-516
920,-515
920,-514
920,-513
920,-512
920,-511
920,-510
920,-509
921,-508
921,-507
921,-506
921,-505
922,-504
922,-503
922,-502
922,-501
922,-500
922,-499
922,-498
923,-497
923,-496
923,-495
923,-494
923,-493
923,-492
923,-491
924,-490
924,-489
924,-488
924,-487
924,-486
925,-485
925,-484
925,-483
925,-482
925,-481
925,-480
926,-479
926,-478
926,-477
926,-476
926,-475
926,-474
926,-473
926,-472
926,-471
926,-470
926,-469
926,-468
926,-467
926,-466
926,-465
927,-464
927,-463
927,-462
927,-461
927,-460
927,-459
927,-458
927,-457
927,-456
927,-455
927,-454
927,-453
927,-452
927,-451
926,-450
926,-449
926,-448
926,-447
926,-446
926,-445
925,-444
925,-443
925,-442
924,-441
923,-440
922,-440
921,-440
920,-440
919,-440
918,-440
917,-441
916,-442
915,-442
914,-443
913,-444
912,-444
911,-445
910,-445
909,-446
908,-446
907,-447
906,-447
905,-448
904,-449
903,-450
902,-451
901,-451
900,-452
899,-452
899,-453
898,-454
897,-454
896,-454
895,-455
894,-455
893,-456
892,-456
891,-457
890,-458
889,-458
888,-459
887,-460
886,-460
885,-460
884,-461
884,-462
884,-463
883,-464
882,-464
881,-464
880,-464
879,-465
878,-466
877,-466
876,-467
875,-467
874,-468
873,-469
872,-469
871,-470
870,-471
869,-471
868,-472
867,-473
866,-474
865,-475
864,-475
863,-476
862,-477
861,-477
860,-478
859,-479
858,-480
857,-481
856,-481
855,-482
854,-483
853,-483
852,-484
851,-485
850,-486
849,-487
848,-488
847,-489
846,-489
845,-490
844,-491
843,-491
843,-492
842,-493
841,-494
840,-495
839,-496
838,-496
837,-497
836,-498
835,-499
834,-500
833,-501
832,-502
831,-503
831,-504
830,-505
829,-505
828,-506
827,-507
826,-508
825,-509
825,-510
824,-511
823,-511
822,-512
822,-513
821,-514
820,-515
819,-516
819,-517
818,-518
817,-519
816,-519
816,-520
815,-521
815,-522
814,-523
813,-524
812,-525
811,-526
811,-527
810,-528
809,-529
808,-530
807,-531
807,-532
806,-533
805,-534
805,-535
804,-536
804,-537
803,-538
802,-538
802,-539
801,-540
801,-541
800,-542
799,-542
799,-543
798,-544
797,-545
796,-546
796,-547
795,-548
794,-549
794,-550
793,-551
792,-552
791,-553
791,-554
790,-555
789,-556
788,-557
788,-558
787,-559
787,-560
786,-561
786,-562
785,-563
784,-564
784,-565
783,-566
782,-567
781,-568
781,-569
780,-570
779,-571
778,-572
778,-573
777,-574
777,-575
776,-576
775,-576
775,-577
775,-578
774,-579
774,-580
773,-581
772,-582
771,-583
771,-584
770,-585
770,-586
769,-587
768,-588
768,-589
767,-590
766,-591
766,-592
765,-593
764,-594
763,-595
763,-596
762,-597
761,-598
761,-599
760,-600
759,-601
759,-602
758,-603
758,-604
757,-605
756,-606
755,-607
755,-608
754,-609
754,-610
753,-611
752,-612
751,-613
751,-614
751,-615
750,-616
749,-617
748,-618
748,-619
747,-620
747,-621
746,-622
745,-623
745,-624
744,-625
743,-626
743,-627
742,-628
742,-629
741,-630
740,-631
739,-632
739,-633
738,-634
737,-635
737,-636
736,-637
735,-638
735,-639
735,-640
734,-641
733,-642
733,-643
732,-644
731,-645
731,-646
730,-647
729,-648
729,-649
728,-650
727,-651
727,-652
726,-653
725,-654
725,-655
724,-656
724,-657
723,-658
722,-659
722,-660
721,-661
720,-662
720,-663
719,-664
719,-665
718,-666
718,-667
717,-668
717,-669
716,-670
715,-671
715,-672
715,-673
714,-674
713,-675
713,-676
712,-677
712,-678
711,-679
711,-680
710,-681
710,-682
709,-683
709,-684
708,-685
707,-686
707,-687
707,-688
706,-689
706,-690
705,-691
705,-692
704,-693
703,-694
703,-695
703,-696
702,-697
702,-698
701,-699
701,-700
700,-701
700,-702
699,-703
699,-704
698,-705
698,-706
698,-707
697,-708
697,-709
696,-710
695,-711
694,-712
694,-713
694,-714
694,-715
693,-716
692,-717
692,-718
692,-719
691,-720
691,-721
690,-722
690,-723
690,-724
689,-725
689,-726
688,-727
688,-728
687,-729
687,-730
687,-731
686,-732
686,-733
685,-734
685,-735
684,-736
684,-737
684,-738
683,-739
683,-740
682,-741
682,-742
682,-743
681,-744
680,-745
680,-746
680,-747
679,-748
678,-749
678,-750
678,-751
677,-752
677,-753
677,-754
676,-755
676,-756
675,-757
675,-758
675,-759
674,-760
674,-761
673,-762
673,-763
672,-764
672,-765
671,-766
671,-767
671,-768
670,-769
670,-770
670,-771
669,-772
669,-773
668,-774
668,-775
667,-776
667,-777
667,-778
666,-779
666,-780
665,-781
665,-782
665,-783
664,-784
664,-785
663,-786
663,-787
662,-788
662,-789
661,-790
661,-791
661,-792
660,-793
660,-794
659,-795
659,-796
659,-797
658,-798
658,-799
658,-800
657,-801
657,-802
657,-803
657,-804
657,-805
657,-806
656,-807
656,-808
656,-809
656,-810
656,-811
656,-812
655,-813
655,-814
655,-815
655,-816
654,-817
654,-818
654,-819
654,-820
654,-821
654,-822
654,-823
654,-824
653,-825
653,-826
653,-827
653,-828
653,-829
653,-830
653,-831
652,-832
652,-833
652,-834
652,-835
651,-836
651,-837
651,-838
650,-839
650,-840
650,-841
650,-842
650,-843
649,-844
649,-845
648,-846
648,-847
648,-848
648,-849
647,-850
647,-851
647,-852
646,-853
646,-854
646,-855
645,-856
645,-857
645,-858
644,-859
644,-860
644,-861
643,-862
643,-863
643,-864
643,-865
642,-866
642,-867
641,-868
641,-869
640,-870
640,-871
640,-872
639,-873
639,-874
638,-875
638,-876
638,-877
637,-878
637,-879
637,-880
636,-881
636,-882
636,-883
635,-884
635,-885
635,-886
634,-887
634,-888
633,-889
633,-890
633,-891
633,-892
632,-893
631,-894
631,-895
631,-896
630,-897
630,-898
630,-899
629,-900
629,-901
628,-902
628,-903
628,-904
628,-905
627,-906
627,-907
626,-908
626,-909
626,-910
625,-911
625,-912
625,-913
624,-914
624,-915
624,-916
623,-917
623,-918
622,-919
622,-920
622,-921
621,-922
621,-923
620,-924
620,-925
620,-926
619,-927
619,-928
618,-929
618,-930
618,-931
617,-932
617,-933
617,-934
616,-935
616,-936
615,-937
615,-938
615,-939
614,-940
614,-941
613,-942
613,-943
613,-944
612,-945
612,-946
612,-947
611,-948
611,-949
610,-950
610,-951
610,-952
609,-953
609,-954
609,-955
608,-956
608,-957
607,-958
607,-959
607,-960
606,-961
606,-962
606,-963
605,-964
605,-965
605,-966
604,-967
603,-968
603,-969
603,-970
602,-971
602,-972
602,-973
601,-974
600,-975
600,-976
600,-977
599,-978
599,-979
598,-980
598,-981
597,-982
597,-983
596,-984
596,-985
596,-986
595,-987
594,-988
594,-989
594,-990
593,-991
593,-992
592,-993
592,-994
591,-995
591,-996
590,-997
590,-998
590,-999
589,-1000
589,-1001
588,-1002
588,-1003
587,-1004
587,-1005
586,-1006
586,-1007
585,-1008
585,-1009
584,-1010
584,-1011
583,-1012
583,-1013
582,-1014
582,-1015
582,-1016
581,-1017
581,-1018
580,-1019
580,-1020
579,-1021
579,-1022
578,-1023
578,-1024
578,-1025
577,-1026
577,-1027
577,-1028
577,-1029
577,-1030
577,-1031
577,-1032
577,-1033
577,-1034
576,-1035
576,-1036
575,-1037
