400,-644
400,-645
400,-646
400,-647
400,-648
400,-649
401,-649
402,-649
403,-649
404,-649
405,-649
406,-649
407,-649
408,-650
409,-650
410,-650
411,-651
412,-652
413,-653
414,-653
415,-653
416,-654
417,-655
417,-656
418,-657
419,-657
420,-658
421,-659
422,-659
423,-660
424,-660
425,-661
426,-661
427,-662
428,-663
429,-663
430,-663
431,-663
432,-663
433,-664
434,-664
435,-664
436,-665
437,-665
438,-665
439,-666
440,-666
441,-666
442,-667
443,-667
444,-668
445,-668
446,-669
447,-669
448,-670
449,-670
450,-670
451,-670
452,-671
453,-671
454,-672
455,-672
456,-672
457,-673
458,-673
459,-673
460,-673
461,-673
462,-674
463,-675
464,-675
465,-675
466,-676
467,-676
468,-677
469,-677
470,-677
471,-677
472,-678
473,-678
474,-679
475,-679
476,-680
477,-680
478,-680
479,-680
480,-681
481,-681
482,-681
483,-682
483,-683
484,-683
485,-683
486,-683
487,-684
487,-685
488,-685
489,-685
490,-685
491,-685
492,-686
493,-686
494,-687
495,-687
496,-687
497,-687
498,-687
499,-687
500,-687
501,-687
502,-688
503,-688
504,-688
505,-688
506,-689
507,-689
508,-690
509,-690
510,-690
511,-690
512,-690
513,-691
514,-691
515,-691
516,-692
517,-692
518,-692
519,-692
520,-692
521,-692
522,-693
523,-693
524,-693
525,-694
526,-694
527,-694
528,-695
529,-695
530,-695
531,-695
532,-696
533,-696
534,-696
535,-697
536,-697
537,-698
538,-698
539,-698
540,-698
541,-699
542,-699
543,-699
544,-700
545,-701
546,-701
547,-701
548,-701
549,-702
550,-702
551,-703
552,-703
553,-703
554,-703
555,-703
556,-704
557,-704
558,-705
559,-706
560,-706
561,-706
562,-706
563,-707
564,-707
565,-707
566,-708
567,-708
568,-708
569,-709
570,-709
571,-709
572,-710
573,-710
574,-710
575,-711
576,-712
577,-712
578,-712
579,-712
580,-713
580,-714
581,-714
582,-714
583,-714
584,-715
585,-715
586,-715
587,-716
588,-716
589,-717
590,-717
591,-717
592,-717
593,-718
594,-718
595,-719
596,-720
597,-720
598,-720
599,-721
600,-722
601,-722
602,-723
603,-723
604,-724
605,-725
606,-726
607,-727
608,-727
609,-727
610,-727
611,-728
611,-729
612,-729
613,-729
614,-729
615,-730
616,-730
617,-731
618,-731
619,-732
620,-733
621,-733
622,-734
623,-735
623,-736
624,-736
625,-737
626,-737
627,-737
628,-738
629,-739
629,-740
630,-741
631,-742
632,-743
633,-743
634,-744
635,-744
636,-745
636,-746
636,-747
637,-748
638,-748
639,-749
640,-750
641,-751
642,-752
642,-753
643,-753
644,-754
644,-755
645,-756
646,-757
646,-758
647,-759
648,-760
648,-761
649,-762
649,-763
650,-764
651,-765
652,-766
652,-767
653,-768
653,-769
654,-770
655,-771
656,-772
656,-773
657,-774
658,-775
659,-776
659,-777
660,-777
661,-778
661,-779
662,-780
663,-781
663,-782
664,-782
665,-783
666,-784
667,-785
668,-786
668,-787
669,-788
670,-789
671,-790
672,-791
673,-792
674,-793
675,-794
676,-795
677,-796
678,-797
679,-798
680,-799
681,-800
682,-801
683,-801
684,-802
684,-803
685,-804
686,-805
687,-805
688,-806
688,-807
689,-808
690,-808
691,-809
692,-810
693,-810
694,-811
694,-812
695,-813
696,-813
697,-814
697,-815
698,-816
699,-816
700,-816
701,-817
702,-818
703,-818
704,-819
705,-820
706,-820
707,-821
707,-822
708,-822
709,-823
710,-823
711,-824
712,-825
713,-826
714,-826
715,-827
716,-827
717,-828
718,-829
719,-829
720,-829
721,-830
722,-831
723,-832
724,-833
724,-834
725,-834
726,-834
727,-834
728,-834
729,-835
729,-836
729,-837
730,-837
731,-837
732,-837
733,-838
734,-838
735,-838
736,-838
737,-838
738,-839
739,-840
740,-841
740,-842
741,-842
742,-842
743,-842
744,-842
745,-842
746,-843
746,-844
746,-845
747,-845
748,-845
749,-845
750,-845
751,-846
752,-847
752,-848
752,-849
753,-849
754,-850
755,-850
756,-850
757,-850
758,-850
759,-851
760,-852
761,-853
762,-853
763,-853
764,-853
765,-853
766,-853
767,-854
767,-855
768,-855
769,-855
770,-856
771,-857
772,-857
773,-857
774,-857
775,-858
775,-859
776,-859
777,-859
778,-859
779,-860
780,-860
781,-861
782,-861
783,-861
784,-861
785,-862
786,-862
787,-862
788,-863
789,-864
790,-864
791,-864
792,-865
793,-865
794,-865
795,-865
796,-866
797,-866
798,-866
799,-866
800,-867
801,-867
802,-868
803,-868
804,-868
805,-868
806,-868
807,-868
808,-868
809,-868
810,-869
810,-870
811,-870
812,-870
813,-870
814,-871
815,-871
816,-871
817,-871
818,-871
819,-871
820,-871
821,-871
822,-871
823,-871
824,-872
825,-873
826,-873
827,-873
828,-873
829,-874
830,-874
831,-874
832,-875
833,-875
834,-875
835,-875
836,-876
837,-876
838,-876
839,-876
840,-876
841,-876
842,-876
843,-876
844,-876
845,-876
846,-876
847,-876
848,-876
849,-877
850,-877
851,-877
852,-877
853,-877
854,-877
855,-877
856,-877
857,-877
858,-877
859,-877
860,-877
861,-877
862,-877
863,-877
864,-877
865,-877
866,-877
867,-877
868,-877
869,-877
870,-877
871,-877
872,-877
873,-877
874,-877
875,-877
876,-877
877,-877
878,-877
879,-877
880,-876
881,-876
882,-876
883,-876
884,-876
885,-876
886,-876
887,-876
888,-876
889,-876
890,-876
891,-876
892,-876
893,-876
894,-876
895,-876
896,-876
897,-876
898,-876
899,-876
900,-876
901,-876
902,-876
903,-875
904,-875
905,-875
906,-875
907,-875
908,-875
909,-875
910,-875
911,-875
912,-875
913,-875
914,-875
915,-875
916,-875
917,-875
918,-875
919,-875
920,-875
921,-875
922,-875
923,-875
924,-875
925,-875
926,-875
927,-875
928,-875
929,-875
930,-875
931,-875
932,-875
933,-875
934,-875
935,-874
936,-874
937,-874
938,-873
939,-873
940,-873
941,-873
942,-873
943,-873
944,-873
945,-873
946,-873
947,-873
948,-873
949,-873
950,-873
951,-872
952,-872
953,-872
954,-872
955,-872
956,-872
957,-872
958,-872
959,-872
960,-872
961,-872
962,-872
963,-872
964,-871
965,-871
966,-871
967,-871
968,-871
969,-871
970,-871
971,-871
972,-871
973,-871
974,-871
975,-871
976,-871
977,-871
978,-871
979,-871
980,-871
981,-871
982,-872
983,-872
984,-872
985,-872
986,-872
987,-872
988,-872
989,-872
990,-872
991,-872
992,-872
993,-872
994,-872
995,-872
996,-872
997,-872
998,-872
999,-873
1000,-873
1001,-873
1002,-873
1003,-873
1004,-873
1005,-873
1006,-873
1007,-873
1008,-873
1009,-873
1010,-873
1011,-873
1012,-873
1013,-873
1014,-873
1015,-873
1016,-873
1017,-873
1018,-873
1019,-873
1020,-873
1021,-873
1022,-874
1023,-874
1024,-874
1025,-874
1026,-874
1027,-874
1028,-873
1029,-873
1030,-873
1031,-873
1032,-873
1033,-873
1034,-873
1035,-873
1036,-874
1037,-875
1038,-875
1039,-875
1040,-875
1041,-875
1042,-875
1043,-875
1044,-875
1045,-875
1046,-875
1047,-875
1048,-875
1049,-875
1050,-875
1051,-874
1052,-874
1053,-874
1054,-874
1055,-874
1056,-873
1057,-873
1058,-873
1059,-873
1060,-873
1061,-873
1062,-873
1063,-873
1064,-873
1065,-873
1066,-873
1067,-873
1068,-873
1069,-873
1070,-873
1071,-873
1072,-873
1073,-873
1074,-873
1075,-873
1076,-872
1077,-872
1078,-872
1079,-871
1080,-871
1081,-871
1082,-871
1083,-871
1084,-871
1084,-870
1085,-869
1086,-869
1087,-869
1088,-868
1089,-867
1090,-867
1091,-867
1092,-867
1093,-867
1094,-867
1095,-867
1096,-867
1097,-867
1098,-867
1099,-867
1099,-866
1100,-865
1101,-865
1102,-865
1102,-864
1102,-863
1102,-862
1102,-861
1102,-860
1102,-859
1102,-858
1102,-857
1101,-856
1101,-855
1101,-854
1100,-853
1100,-852
1099,-851
1099,-850
1098,-849
1097,-848
1097,-847
1097,-846
1097,-845
1098,-844
1099,-844
1099,-843
1099,-842
1099,-841
1099,-840
1099,-839
1098,-838
1098,-837
1097,-836
1096,-835
1095,-834
1094,-833
1093,-832
1092,-831
1091,-830
1090,-829
1090,-828
1089,-828
1088,-827
1087,-826
1087,-825
1086,-825
1085,-824
1084,-823
1083,-822
1083,-821
1082,-821
1081,-820
1081,-819
1080,-818
1079,-818
1078,-817
1078,-816
1077,-815
1076,-814
1075,-813
1074,-812
1073,-811
1072,-810
1071,-809
1070,-808
1069,-807
1069,-806
1068,-806
1067,-805
1066,-804
1065,-803
1064,-802
1063,-801
1063,-800
1062,-799
1061,-798
1060,-797
1059,-796
1058,-795
1057,-794
1056,-793
1056,-792
1055,-791
1054,-790
1053,-790
1052,-789
1051,-788
1050,-787
1049,-786
1048,-785
1047,-784
1046,-783
1045,-782
1044,-782
1043,-781
1043,-780
1042,-779
1041,-778
1040,-778
1039,-777
1038,-776
1037,-775
1036,-775
1035,-774
1034,-773
1033,-772
1032,-771
1032,-770
1031,-770
1030,-769
1029,-768
1028,-767
1027,-766
1026,-765
1025,-764
1024,-763
1023,-763
1022,-762
1022,-761
1021,-761
1020,-760
1019,-759
1018,-758
1018,-757
1017,-757
1016,-756
1015,-755
1014,-754
1013,-753
1012,-753
1011,-752
1010,-751
1009,-750
1008,-750
1007,-749
1006,-748
1005,-747
1005,-746
1004,-745
1003,-745
1002,-744
1001,-743
1000,-742
999,-742
998,-741
997,-740
996,-739
995,-738
994,-737
993,-736
992,-735
991,-734
990,-733
989,-732
988,-731
987,-730
986,-729
985,-728
984,-727
983,-726
982,-726
981,-725
980,-724
979,-723
978,-723
977,-722
976,-721
975,-720
974,-719
973,-719
972,-718
971,-717
970,-717
969,-716
968,-715
967,-714
966,-714
965,-713
964,-712
963,-711
962,-711
961,-710
961,-709
960,-709
959,-708
958,-707
957,-707
956,-706
955,-706
954,-705
953,-704
952,-703
951,-703
950,-702
949,-701
948,-701
947,-700
946,-699
945,-698
944,-698
943,-697
942,-697
941,-696
940,-695
939,-695
938,-694
937,-694
936,-693
935,-692
934,-691
933,-691
932,-690
931,-690
930,-690
929,-690
928,-689
928,-688
927,-688
926,-688
925,-687
924,-686
923,-686
922,-685
921,-685
920,-685
919,-684
918,-683
917,-683
916,-683
915,-682
914,-682
913,-681
912,-681
911,-680
910,-679
909,-679
908,-679
907,-679
906,-678
905,-677
905,-676
904,-676
903,-676
902,-676
901,-675
900,-675
899,-674
898,-674
897,-674
896,-673
895,-673
894,-673
893,-673
892,-673
891,-672
890,-672
889,-671
888,-671
887,-671
886,-670
885,-670
884,-670
883,-669
882,-669
881,-668
880,-668
879,-668
878,-668
877,-667
876,-667
875,-666
874,-666
873,-666
872,-666
871,-666
870,-665
869,-665
868,-664
867,-664
866,-664
865,-663
864,-663
863,-663
862,-663
861,-662
860,-661
859,-661
858,-661
857,-661
856,-661
855,-660
854,-660
853,-660
852,-660
851,-659
850,-659
849,-659
848,-658
847,-658
846,-658
845,-657
844,-657
843,-657
842,-657
841,-656
840,-656
839,-656
838,-655
837,-655
836,-655
835,-655
834,-655
833,-654
832,-654
831,-654
830,-654
829,-654
828,-653
827,-653
826,-653
825,-653
824,-652
823,-652
822,-652
821,-652
820,-652
819,-652
818,-652
817,-651
816,-651
815,-651
814,-650
813,-650
812,-650
811,-650
810,-650
809,-650
808,-650
807,-650
806,-650
805,-650
804,-649
803,-649
802,-649
801,-649
800,-649
799,-649
798,-649
797,-649
796,-649
795,-648
794,-648
793,-648
792,-648
791,-648
790,-648
789,-648
788,-648
787,-648
786,-648
785,-648
784,-648
783,-648
782,-648
781,-647
780,-647
779,-647
778,-647
777,-647
776,-646
775,-646
774,-646
773,-646
772,-646
771,-646
770,-646
769,-646
768,-646
767,-646
766,-646
765,-646
764,-646
763,-646
762,-646
761,-646
760,-646
759,-646
758,-646
757,-646
756,-647
755,-647
754,-647
753,-647
752,-647
751,-647
750,-647
749,-647
748,-647
747,-647
746,-647
745,-647
744,-647
743,-647
742,-647
741,-647
740,-647
739,-647
738,-647
737,-647
736,-647
735,-647
734,-647
733,-647
732,-647
731,-647
730,-647
729,-647
728,-647
727,-647
726,-648
725,-648
724,-648
723,-648
722,-648
721,-648
720,-648
719,-649
718,-649
717,-649
716,-649
715,-649
714,-649
713,-650
712,-650
711,-650
710,-650
709,-650
708,-651
707,-651
706,-651
705,-651
704,-652
703,-652
702,-652
701,-652
700,-653
699,-654
698,-654
697,-654
696,-655
695,-655
694,-655
693,-655
692,-656
691,-656
690,-657
689,-657
688,-658
687,-658
686,-658
685,-658
684,-659
683,-659
682,-660
681,-660
680,-660
679,-660
678,-661
677,-662
676,-662
675,-662
674,-663
673,-663
672,-664
671,-664
670,-665
669,-665
668,-665
667,-666
666,-666
665,-666
664,-667
663,-667
662,-668
661,-668
660,-669
659,-670
658,-670
657,-670
656,-671
655,-671
654,-671
653,-672
652,-672
651,-673
650,-674
649,-674
648,-675
647,-675
646,-676
645,-676
644,-677
643,-677
642,-677
641,-677
640,-676
639,-676
638,-676
637,-676
636,-676
635,-676
634,-675
633,-675
632,-675
631,-675
630,-675
629,-675
628,-675
627,-675
626,-675
625,-676
624,-676
623,-676
622,-675
621,-675
620,-675
619,-675
618,-675
617,-675
616,-675
615,-675
614,-675
613,-675
612,-675
611,-675
610,-675
609,-675
608,-674
607,-674
606,-674
605,-674
604,-674
603,-674
602,-674
601,-674
600,-674
599,-673
598,-673
597,-673
596,-673
595,-673
594,-673
593,-672
592,-672
591,-672
590,-672
589,-672
588,-672
587,-671
586,-671
585,-671
584,-670
583,-670
582,-670
581,-670
580,-670
579,-669
578,-669
577,-669
576,-668
575,-668
574,-668
573,-668
572,-667
571,-667
570,-667
569,-666
568,-666
567,-666
566,-666
565,-665
564,-665
563,-665
562,-665
561,-664
560,-664
559,-664
558,-664
557,-663
556,-663
555,-662
554,-662
553,-662
552,-661
551,-661
550,-661
549,-660
548,-660
547,-660
546,-659
545,-659
544,-659
543,-659
542,-658
541,-658
540,-658
539,-658
538,-657
537,-657
536,-657
535,-656
534,-656
533,-656
532,-656
531,-655
530,-655
529,-655
528,-654
527,-654
526,-654
525,-653
524,-653
523,-653
522,-652
521,-652
520,-651
519,-651
518,-651
517,-650
516,-650
515,-650
514,-649
513,-649
512,-649
511,-649
510,-648
509,-648
508,-648
507,-647
506,-647
505,-647
504,-646
503,-646
502,-646
501,-645
500,-645
499,-645
498,-645
497,-644
496,-644
495,-644
494,-643
493,-643
492,-643
491,-642
490,-642
489,-642
488,-641
487,-641
486,-641
485,-640
484,-640
483,-640
482,-639
481,-639
480,-638
479,-638
478,-638
477,-637
476,-637
475,-636
474,-636
473,-636
472,-636
471,-635
470,-635
469,-635
468,-634
467,-634
466,-633
465,-633
464,-633
463,-633
462,-632
461,-632
460,-632
459,-631
458,-631
457,-630
456,-630
455,-630
454,-630
453,-629
452,-629
451,-629
450,-629
449,-628
448,-628
447,-628
446,-627
445,-627
444,-627
443,-627
442,-626
441,-626
440,-626
439,-626
438,-626
437,-626
436,-625
435,-625
434,-625
433,-625
432,-625
431,-625
430,-624
429,-624
428,-624
427,-624
426,-624
426,-625
426,-626
426,-627
426,-628
425,-629
424,-630
423,-631
422,-632
422,-633
421,-634
420,-635
419,-635
418,-636
417,-636
416,-636
415,-637
414,-638
413,-638
412,-638
411,-638
410,-638
409,-638
408,-638
407,-638
406,-638
405,-639
404,-639
403,-640
403,-641
403,-642
402,-643
401,-644
400,-644
