468,-721
468,-722
468,-723
468,-724
468,-725
468,-726
468,-727
468,-728
468,-729
468,-730
469,-731
470,-732
471,-733
471,-734
471,-735
472,-735
473,-736
474,-737
474,-738
474,-739
475,-740
475,-741
476,-741
477,-741
478,-742
478,-743
479,-743
480,-743
481,-744
481,-745
481,-746
481,-747
482,-747
483,-748
484,-748
485,-748
486,-748
487,-748
488,-748
489,-748
490,-748
491,-748
492,-747
493,-747
494,-747
495,-747
496,-747
497,-747
498,-747
499,-747
500,-748
500,-749
500,-750
500,-751
500,-752
500,-753
500,-754
501,-754
502,-754
503,-755
503,-756
503,-757
502,-758
502,-759
502,-760
502,-761
502,-762
503,-762
504,-762
505,-763
506,-764
507,-764
508,-765
508,-766
508,-767
509,-767
510,-767
511,-768
511,-769
511,-770
511,-771
511,-772
512,-772
513,-772
514,-772
515,-772
516,-773
517,-773
518,-773
519,-773
520,-774
521,-774
522,-775
522,-776
523,-776
524,-777
524,-778
525,-778
526,-779
527,-780
528,-780
529,-781
529,-782
530,-782
531,-783
531,-784
532,-784
533,-785
534,-786
535,-787
535,-788
536,-788
537,-789
538,-790
538,-791
539,-791
540,-792
541,-792
542,-792
543,-793
544,-794
544,-795
545,-795
546,-796
546,-797
547,-798
548,-798
549,-798
550,-798
551,-799
552,-799
553,-799
554,-799
555,-799
556,-799
557,-799
558,-800
559,-801
560,-802
561,-803
562,-803
563,-804
564,-804
565,-805
565,-806
566,-806
567,-807
567,-808
568,-808
569,-808
570,-809
571,-809
572,-810
573,-811
574,-812
575,-812
576,-813
577,-813
578,-814
579,-814
580,-814
581,-815
582,-816
583,-817
584,-817
585,-818
586,-819
587,-819
588,-819
589,-819
590,-820
591,-821
591,-822
592,-822
593,-823
593,-824
594,-824
595,-824
596,-824
597,-824
598,-825
599,-825
600,-825
601,-826
601,-827
602,-828
603,-828
604,-829
605,-829
606,-830
606,-831
607,-832
607,-833
608,-833
609,-834
610,-835
611,-835
612,-835
613,-835
614,-836
615,-836
616,-836
617,-837
618,-837
619,-838
619,-839
620,-839
621,-839
622,-840
622,-841
623,-841
624,-841
625,-841
626,-841
627,-842
627,-843
628,-843
629,-843
630,-844
631,-845
632,-845
633,-845
634,-845
635,-846
635,-847
636,-847
637,-847
638,-847
639,-847
640,-847
641,-847
642,-847
643,-847
644,-846
645,-846
646,-846
647,-846
648,-846
649,-845
650,-845
651,-845
652,-845
653,-845
654,-844
655,-844
656,-844
657,-845
657,-846
657,-847
656,-848
655,-848
654,-848
654,-849
654,-850
654,-851
654,-852
655,-852
656,-853
657,-854
658,-854
659,-854
660,-854
661,-855
662,-856
663,-856
664,-856
665,-856
666,-857
667,-857
668,-857
669,-858
670,-858
671,-858
672,-858
673,-859
673,-860
673,-861
674,-861
675,-861
676,-861
677,-861
678,-861
679,-861
680,-861
681,-861
682,-861
683,-861
684,-861
685,-861
686,-861
687,-861
688,-861
689,-861
690,-861
691,-861
692,-861
693,-861
694,-861
695,-861
696,-861
697,-861
698,-861
699,-861
700,-861
701,-861
702,-861
703,-861
704,-861
705,-861
705,-860
705,-859
706,-858
707,-858
708,-858
709,-858
710,-857
711,-857
712,-857
713,-857
714,-857
715,-857
715,-856
716,-855
717,-855
718,-855
719,-855
720,-855
721,-855
722,-855
723,-854
724,-854
725,-854
726,-854
727,-854
728,-854
729,-854
730,-853
731,-853
732,-853
733,-853
734,-852
735,-852
736,-852
737,-851
738,-851
739,-851
740,-851
741,-851
742,-851
743,-851
744,-850
745,-850
746,-850
747,-850
748,-850
749,-849
750,-848
751,-848
752,-848
753,-848
754,-848
755,-848
756,-848
757,-848
758,-848
759,-848
760,-848
761,-847
762,-847
763,-846
764,-845
765,-845
766,-844
767,-843
768,-843
769,-843
770,-843
771,-843
772,-843
773,-842
774,-842
775,-842
776,-841
777,-841
778,-841
779,-840
780,-840
781,-840
782,-840
783,-839
784,-839
785,-838
786,-838
787,-838
788,-837
789,-837
790,-836
791,-836
792,-836
793,-835
794,-835
795,-835
796,-834
797,-834
798,-833
799,-832
800,-832
801,-832
802,-832
803,-831
804,-831
805,-830
806,-830
807,-829
808,-828
809,-828
810,-828
811,-827
812,-827
813,-826
814,-825
815,-825
816,-824
817,-824
818,-824
819,-824
819,-823
820,-822
821,-822
822,-821
823,-820
824,-820
825,-819
826,-818
827,-818
828,-818
829,-817
830,-817
830,-816
831,-815
832,-815
833,-814
834,-814
835,-813
836,-812
837,-812
838,-811
839,-810
840,-810
841,-810
842,-809
843,-808
844,-808
845,-808
846,-808
846,-807
847,-806
848,-806
849,-806
850,-805
851,-805
852,-804
853,-804
854,-804
854,-803
854,-802
855,-801
856,-801
856,-800
856,-799
857,-798
858,-798
859,-798
860,-798
861,-797
861,-796
862,-795
863,-794
864,-794
865,-794
866,-794
867,-794
868,-794
869,-794
870,-794
871,-794
872,-794
873,-794
874,-794
874,-793
875,-792
875,-791
876,-790
877,-790
878,-789
879,-789
880,-788
881,-787
882,-787
883,-787
884,-787
885,-786
886,-785
886,-784
887,-783
888,-782
889,-782
890,-782
891,-782
892,-782
893,-782
894,-782
895,-781
896,-781
897,-781
898,-781
899,-780
900,-780
901,-780
902,-780
903,-780
904,-780
905,-780
906,-779
907,-779
908,-779
909,-779
910,-779
911,-779
912,-779
913,-779
914,-779
915,-779
916,-779
917,-779
918,-779
919,-779
920,-779
921,-778
922,-778
923,-778
924,-778
925,-778
926,-778
927,-778
928,-778
929,-778
930,-778
931,-778
932,-778
933,-778
934,-778
935,-778
936,-778
937,-778
938,-778
939,-778
940,-778
941,-778
942,-778
943,-778
944,-778
945,-778
946,-778
947,-778
948,-778
949,-778
950,-778
951,-778
952,-778
953,-779
954,-779
955,-779
956,-779
957,-779
958,-779
959,-779
960,-779
961,-779
962,-779
963,-779
964,-779
965,-779
966,-779
967,-779
968,-779
969,-779
970,-779
971,-779
972,-779
973,-780
974,-780
975,-780
976,-780
977,-780
978,-780
979,-780
980,-780
981,-781
982,-781
983,-781
984,-781
985,-781
986,-781
987,-781
988,-781
989,-781
990,-782
991,-782
992,-782
993,-782
994,-782
995,-782
996,-782
997,-782
998,-782
999,-782
1000,-782
1001,-782
1002,-782
1003,-782
1004,-782
1005,-783
1006,-783
1007,-783
1008,-783
1009,-783
1010,-783
1011,-783
1012,-783
1013,-783
1014,-783
1015,-783
1016,-783
1017,-783
1018,-782
1019,-782
1020,-782
1021,-782
1022,-782
1022,-781
1022,-780
1022,-779
1022,-778
1022,-777
1022,-776
1022,-775
1022,-774
1022,-773
1022,-772
1022,-771
1022,-770
1022,-769
1022,-768
1022,-767
1022,-766
1022,-765
1022,-764
1022,-763
1022,-762
1021,-762
1020,-762
1019,-761
1019,-760
1019,-759
1019,-758
1019,-757
1019,-756
1019,-755
1019,-754
1019,-753
1020,-752
1020,-751
1021,-750
1022,-749
1023,-748
1024,-748
1025,-748
1026,-747
1027,-747
1028,-747
1029,-747
1030,-747
1031,-747
1032,-747
1033,-747
1034,-747
1034,-746
1034,-745
1034,-744
1034,-743
1033,-743
1032,-743
1031,-743
1030,-743
1029,-743
1028,-743
1027,-743
1026,-743
1025,-743
1024,-742
1023,-742
1022,-742
1021,-742
1020,-742
1019,-742
1018,-742
1017,-742
1016,-742
1015,-742
1014,-741
1013,-741
1012,-741
1011,-741
1010,-741
1009,-741
1008,-741
1007,-741
1006,-740
1005,-740
1004,-740
1003,-740
1002,-740
1001,-740
1000,-740
999,-740
998,-740
997,-740
996,-740
995,-740
994,-740
993,-740
992,-740
991,-740
990,-740
989,-739
988,-739
987,-739
986,-739
985,-739
984,-739
983,-739
982,-739
981,-738
980,-738
979,-738
978,-737
977,-737
976,-737
975,-737
974,-737
973,-737
972,-737
971,-737
970,-737
969,-737
968,-737
967,-737
966,-737
965,-737
964,-737
963,-737
962,-737
961,-737
960,-736
959,-736
958,-736
957,-736
956,-736
955,-736
954,-736
953,-736
952,-736
951,-736
950,-736
949,-736
948,-736
947,-736
946,-736
945,-736
944,-735
943,-735
942,-735
941,-735
940,-735
939,-735
938,-735
937,-735
936,-735
935,-735
934,-735
933,-735
932,-735
931,-735
930,-735
929,-735
928,-734
927,-734
926,-734
925,-734
924,-734
923,-734
922,-734
921,-734
920,-734
919,-734
918,-734
917,-734
916,-734
915,-733
914,-733
913,-733
912,-733
911,-733
910,-733
909,-733
908,-733
907,-733
906,-733
905,-733
904,-733
903,-733
902,-733
901,-733
900,-732
899,-732
898,-731
897,-731
896,-731
895,-730
894,-730
893,-730
892,-730
891,-729
890,-729
889,-729
888,-728
887,-728
886,-727
885,-727
884,-727
883,-727
882,-726
881,-726
880,-726
879,-726
878,-726
877,-726
876,-726
875,-725
874,-725
873,-725
872,-724
871,-724
870,-723
869,-723
868,-722
867,-721
866,-720
865,-720
864,-719
863,-718
862,-717
861,-716
860,-715
859,-715
858,-714
858,-713
857,-713
856,-712
856,-711
855,-710
855,-709
854,-709
853,-708
853,-707
852,-707
851,-706
850,-705
850,-704
849,-703
848,-702
847,-701
847,-700
846,-699
845,-698
844,-697
843,-696
843,-695
842,-694
841,-694
840,-693
840,-692
839,-691
838,-690
837,-689
836,-688
835,-688
834,-687
833,-686
833,-685
832,-685
831,-684
830,-683
829,-683
828,-682
827,-681
826,-681
825,-680
824,-679
823,-679
822,-678
822,-677
821,-677
820,-676
819,-676
818,-675
817,-674
816,-674
815,-673
814,-673
813,-672
812,-671
811,-671
810,-670
809,-670
808,-670
807,-669
806,-668
805,-668
804,-667
803,-667
802,-667
801,-667
800,-666
799,-665
798,-665
797,-664
796,-664
795,-663
794,-663
793,-662
792,-662
791,-661
790,-661
789,-661
788,-660
787,-660
786,-659
785,-659
784,-659
783,-659
782,-658
781,-658
780,-657
779,-657
778,-657
777,-656
776,-656
775,-655
774,-655
773,-655
772,-655
771,-654
770,-654
769,-654
768,-653
767,-653
766,-653
765,-653
764,-652
763,-652
762,-652
761,-652
760,-651
759,-651
758,-651
757,-651
756,-650
755,-650
754,-650
753,-650
752,-649
751,-649
750,-649
749,-648
748,-648
747,-648
746,-648
745,-647
744,-647
743,-647
742,-647
741,-647
740,-646
739,-646
738,-646
737,-646
736,-645
735,-645
734,-645
733,-645
732,-645
731,-645
730,-645
729,-645
728,-644
727,-644
726,-644
725,-644
724,-644
723,-644
722,-644
721,-644
720,-644
719,-644
718,-644
717,-643
716,-643
715,-643
714,-643
713,-643
712,-643
711,-643
710,-643
709,-642
708,-642
707,-642
706,-642
705,-642
704,-642
703,-642
702,-642
701,-641
700,-641
699,-641
698,-641
697,-641
696,-641
695,-641
694,-640
693,-640
692,-640
691,-640
690,-640
689,-640
688,-640
687,-640
686,-640
685,-640
684,-640
683,-640
682,-640
681,-640
680,-641
679,-641
678,-641
677,-641
676,-641
675,-641
674,-641
673,-641
672,-642
671,-642
670,-642
669,-642
668,-642
667,-642
666,-642
665,-642
664,-642
663,-643
662,-643
661,-643
660,-643
659,-644
658,-644
657,-644
656,-644
655,-644
654,-644
653,-645
652,-645
651,-645
650,-645
649,-645
648,-645
647,-646
646,-646
645,-646
644,-646
643,-646
642,-647
641,-647
640,-647
639,-647
638,-647
637,-647
636,-648
635,-648
634,-648
633,-648
632,-648
631,-649
630,-649
629,-649
628,-650
627,-650
626,-650
625,-650
624,-651
623,-651
622,-651
621,-651
620,-651
619,-652
618,-652
617,-653
616,-653
615,-653
614,-654
613,-654
612,-654
611,-654
610,-654
609,-655
608,-655
607,-655
606,-656
605,-656
604,-657
603,-657
602,-657
601,-657
600,-658
599,-658
598,-659
597,-659
596,-659
595,-659
594,-660
593,-660
592,-661
591,-661
590,-661
589,-662
588,-662
587,-662
586,-663
585,-663
584,-663
583,-664
582,-664
581,-664
580,-665
579,-665
578,-665
577,-666
576,-666
575,-666
574,-667
573,-667
572,-668
571,-668
570,-668
569,-669
568,-669
567,-669
566,-669
565,-670
564,-670
563,-671
562,-671
561,-672
560,-672
559,-673
558,-673
557,-674
556,-674
555,-675
554,-675
553,-675
552,-676
551,-676
550,-677
549,-677
548,-678
547,-679
546,-679
545,-680
544,-681
543,-681
542,-681
541,-682
540,-682
539,-682
538,-683
537,-683
536,-684
535,-684
534,-685
533,-685
532,-686
531,-686
530,-686
529,-687
528,-687
527,-688
526,-688
525,-689
524,-689
523,-690
522,-691
521,-691
520,-691
519,-692
518,-692
517,-692
516,-693
515,-693
514,-694
513,-694
512,-695
511,-695
510,-696
509,-696
508,-697
507,-697
506,-698
505,-698
504,-698
503,-699
502,-699
501,-700
500,-700
499,-701
498,-701
497,-702
496,-702
495,-703
494,-704
493,-704
492,-705
491,-705
490,-706
489,-707
488,-707
487,-708
486,-708
485,-709
484,-710
483,-711
482,-711
481,-712
480,-713
479,-713
478,-714
477,-715
476,-715
475,-716
474,-716
473,-717
472,-718
471,-719
470,-719
469,-720
468,-721
