557,-445
557,-446
557,-447
557,-448
557,-449
557,-450
557,-451
558,-452
558,-453
558,-454
559,-455
559,-456
560,-457
560,-458
561,-459
561,-460
561,-461
562,-462
562,-463
562,-464
562,-465
563,-466
564,-467
564,-468
564,-469
565,-470
565,-471
566,-472
566,-473
566,-474
566,-475
567,-476
567,-477
567,-478
568,-479
569,-480
570,-481
570,-482
570,-483
571,-484
571,-485
572,-486
572,-487
572,-488
573,-489
574,-490
574,-491
574,-492
574,-493
575,-494
576,-495
576,-496
577,-497
577,-498
577,-499
578,-500
578,-501
579,-502
579,-503
580,-504
580,-505
580,-506
580,-507
580,-508
581,-508
582,-509
582,-510
583,-511
583,-512
583,-513
584,-514
584,-515
584,-516
584,-517
585,-518
585,-519
586,-520
586,-521
586,-522
586,-523
586,-524
587,-525
587,-526
587,-527
587,-528
587,-529
587,-530
586,-531
585,-531
584,-531
584,-532
584,-533
583,-534
583,-535
583,-536
583,-537
583,-538
583,-539
584,-540
585,-540
586,-540
587,-540
588,-540
589,-540
590,-540
591,-541
592,-542
593,-542
594,-542
595,-542
596,-543
597,-544
598,-545
598,-546
598,-547
598,-548
598,-549
598,-550
597,-551
596,-551
595,-551
594,-552
594,-553
594,-554
593,-555
592,-555
591,-555
591,-556
591,-557
591,-558
591,-559
592,-559
593,-559
594,-560
594,-561
594,-562
594,-563
594,-564
594,-565
594,-566
595,-567
595,-568
596,-569
597,-570
597,-571
597,-572
597,-573
597,-574
597,-575
597,-576
597,-577
598,-577
599,-577
600,-577
601,-578
601,-579
601,-580
601,-581
601,-582
602,-582
603,-583
604,-583
605,-584
605,-585
605,-586
605,-587
605,-588
605,-589
606,-589
607,-589
608,-590
608,-591
608,-592
608,-593
608,-594
609,-594
610,-594
611,-595
611,-596
612,-597
612,-598
612,-599
612,-600
612,-601
612,-602
613,-602
614,-602
615,-602
616,-603
616,-604
616,-605
616,-606
617,-607
617,-608
617,-609
618,-610
618,-611
618,-612
619,-613
620,-614
621,-614
622,-614
623,-615
623,-616
623,-617
623,-618
623,-619
623,-620
624,-621
625,-622
626,-622
627,-623
627,-624
627,-625
628,-626
628,-627
629,-628
630,-629
630,-630
630,-631
630,-632
631,-632
632,-633
632,-634
632,-635
633,-635
634,-636
634,-637
634,-638
634,-639
634,-640
635,-641
635,-642
635,-643
636,-644
637,-645
637,-646
638,-647
639,-647
640,-648
640,-649
640,-650
640,-651
640,-652
640,-653
640,-654
641,-655
641,-656
641,-657
642,-657
643,-657
644,-657
645,-657
646,-657
647,-658
647,-659
647,-660
647,-661
647,-662
647,-663
647,-664
647,-665
647,-666
647,-667
647,-668
647,-669
647,-670
647,-671
647,-672
648,-673
648,-674
648,-675
648,-676
648,-677
648,-678
648,-679
648,-680
648,-681
648,-682
648,-683
648,-684
648,-685
647,-686
647,-687
647,-688
647,-689
647,-690
647,-691
647,-692
647,-693
647,-694
647,-695
647,-696
647,-697
647,-698
647,-699
647,-700
647,-701
648,-702
648,-703
648,-704
648,-705
648,-706
648,-707
648,-708
648,-709
649,-710
649,-711
649,-712
649,-713
649,-714
649,-715
650,-716
650,-717
650,-718
650,-719
650,-720
650,-721
650,-722
650,-723
650,-724
650,-725
650,-726
650,-727
651,-728
651,-729
651,-730
651,-731
652,-732
652,-733
652,-734
652,-735
652,-736
652,-737
652,-738
652,-739
652,-740
652,-741
653,-742
653,-743
653,-744
653,-745
653,-746
653,-747
653,-748
653,-749
653,-750
653,-751
653,-752
653,-753
653,-754
654,-755
654,-756
654,-757
654,-758
654,-759
655,-760
655,-761
655,-762
655,-763
655,-764
656,-765
656,-766
656,-767
657,-768
657,-769
657,-770
657,-771
658,-772
658,-773
658,-774
658,-775
658,-776
659,-777
659,-778
659,-779
659,-780
659,-781
660,-782
660,-783
660,-784
660,-785
660,-786
660,-787
661,-788
661,-789
662,-790
662,-791
662,-792
662,-793
663,-794
664,-795
664,-796
664,-797
664,-798
664,-799
665,-800
665,-801
665,-802
666,-802
667,-803
667,-804
667,-805
667,-806
668,-807
668,-808
668,-809
669,-810
669,-811
669,-812
670,-813
670,-814
671,-815
672,-816
672,-817
672,-818
673,-819
673,-820
674,-821
675,-822
675,-823
675,-824
676,-825
676,-826
676,-827
677,-828
678,-829
679,-830
679,-831
679,-832
680,-833
680,-834
680,-835
681,-836
681,-837
682,-838
683,-838
684,-839
684,-840
685,-841
686,-842
686,-843
687,-844
688,-845
688,-846
689,-847
689,-848
690,-849
690,-850
691,-851
692,-852
692,-853
692,-854
693,-855
693,-856
694,-857
695,-857
696,-858
696,-859
696,-860
697,-861
697,-862
697,-863
697,-864
698,-864
699,-864
700,-865
700,-866
701,-867
701,-868
701,-869
702,-869
703,-869
704,-870
704,-871
705,-871
706,-872
706,-873
706,-874
706,-875
706,-876
707,-877
707,-878
708,-878
709,-878
710,-879
711,-880
711,-881
712,-882
713,-883
714,-884
714,-885
715,-885
716,-886
716,-887
717,-887
718,-888
718,-889
718,-890
718,-891
719,-892
719,-893
719,-894
720,-894
721,-894
722,-895
722,-896
722,-897
722,-898
723,-898
724,-898
725,-898
726,-899
726,-900
726,-901
726,-902
726,-903
726,-904
726,-905
726,-906
727,-906
728,-906
729,-907
730,-908
730,-909
731,-910
731,-911
731,-912
732,-912
733,-913
733,-914
734,-915
735,-916
736,-917
737,-918
738,-919
739,-920
739,-921
740,-922
741,-923
742,-924
743,-925
744,-926
745,-927
745,-928
746,-929
747,-930
748,-930
749,-931
749,-932
750,-933
751,-934
752,-935
753,-936
754,-937
755,-938
756,-939
757,-940
758,-941
759,-942
760,-943
761,-944
762,-944
763,-945
763,-946
763,-947
764,-947
765,-948
766,-949
766,-950
767,-951
768,-951
769,-952
770,-953
771,-954
772,-955
773,-956
774,-957
775,-957
776,-958
777,-959
778,-960
779,-961
780,-962
781,-963
781,-964
782,-964
783,-965
784,-965
785,-966
786,-967
787,-968
788,-969
789,-969
790,-970
791,-971
791,-972
792,-973
793,-974
794,-974
795,-975
796,-976
797,-976
798,-976
799,-977
800,-978
800,-979
801,-979
802,-979
803,-980
803,-981
804,-982
805,-983
806,-984
807,-985
808,-985
809,-985
810,-986
811,-987
812,-988
813,-988
814,-989
814,-990
815,-990
816,-990
817,-991
818,-991
819,-992
820,-993
821,-993
822,-994
823,-995
824,-995
825,-995
826,-996
826,-997
827,-997
828,-998
829,-998
830,-998
831,-999
832,-1000
832,-1001
832,-1002
833,-1002
834,-1002
835,-1003
836,-1003
837,-1003
838,-1003
839,-1003
840,-1003
841,-1004
842,-1005
843,-1005
844,-1006
845,-1006
846,-1006
847,-1006
848,-1006
849,-1006
850,-1006
851,-1006
852,-1007
852,-1008
853,-1008
854,-1009
855,-1009
856,-1009
857,-1010
858,-1011
859,-1012
860,-1013
861,-1014
862,-1014
863,-1015
864,-1016
865,-1017
865,-1018
865,-1019
866,-1019
867,-1020
868,-1021
869,-1022
869,-1023
869,-1024
870,-1024
871,-1025
872,-1025
873,-1026
874,-1026
875,-1027
876,-1028
877,-1029
878,-1029
879,-1030
879,-1031
880,-1032
881,-1033
882,-1034
883,-1034
884,-1035
885,-1036
886,-1036
887,-1037
888,-1038
888,-1039
889,-1040
890,-1040
891,-1041
892,-1042
893,-1043
894,-1044
895,-1045
896,-1046
897,-1046
898,-1046
899,-1047
899,-1048
899,-1049
900,-1050
900,-1051
901,-1052
901,-1053
902,-1053
903,-1054
904,-1055
904,-1056
904,-1057
905,-1058
905,-1059
906,-1060
906,-1061
907,-1061
908,-1062
908,-1063
908,-1064
909,-1064
910,-1065
910,-1066
911,-1067
911,-1068
912,-1069
912,-1070
913,-1071
914,-1072
915,-1073
915,-1074
915,-1075
916,-1076
917,-1077
918,-1078
919,-1078
920,-1078
921,-1078
922,-1079
922,-1080
923,-1081
924,-1082
925,-1083
926,-1083
927,-1083
928,-1084
928,-1085
928,-1086
928,-1087
928,-1088
929,-1088
930,-1088
931,-1088
932,-1088
933,-1087
933,-1086
933,-1085
934,-1084
935,-1083
936,-1082
936,-1081
936,-1080
936,-1079
936,-1078
936,-1077
937,-1076
937,-1075
937,-1074
937,-1073
937,-1072
937,-1071
937,-1070
938,-1069
939,-1069
940,-1069
941,-1069
942,-1069
942,-1068
942,-1067
943,-1066
943,-1065
944,-1064
944,-1063
944,-1062
944,-1061
944,-1060
944,-1059
944,-1058
944,-1057
944,-1056
944,-1055
944,-1054
944,-1053
944,-1052
944,-1051
944,-1050
944,-1049
944,-1048
944,-1047
944,-1046
944,-1045
944,-1044
944,-1043
944,-1042
944,-1041
944,-1040
944,-1039
944,-1038
944,-1037
944,-1036
944,-1035
944,-1034
944,-1033
944,-1032
944,-1031
944,-1030
944,-1029
944,-1028
944,-1027
943,-1026
943,-1025
943,-1024
943,-1023
943,-1022
943,-1021
943,-1020
943,-1019
943,-1018
943,-1017
943,-1016
943,-1015
943,-1014
943,-1013
943,-1012
943,-1011
943,-1010
943,-1009
943,-1008
942,-1007
942,-1006
942,-1005
942,-1004
942,-1003
942,-1002
942,-1001
942,-1000
942,-999
942,-998
942,-997
941,-996
941,-995
941,-994
941,-993
941,-992
941,-991
941,-990
941,-989
941,-988
941,-987
940,-986
940,-985
940,-984
940,-983
940,-982
940,-981
940,-980
940,-979
940,-978
940,-977
940,-976
940,-975
940,-974
939,-973
939,-972
939,-971
939,-970
939,-969
939,-968
939,-967
939,-966
939,-965
939,-964
939,-963
939,-962
939,-961
939,-960
939,-959
938,-958
938,-957
938,-956
938,-955
938,-954
938,-953
938,-952
938,-951
938,-950
938,-949
938,-948
938,-947
938,-946
937,-945
937,-944
937,-943
937,-942
937,-941
937,-940
937,-939
937,-938
937,-937
937,-936
937,-935
937,-934
937,-933
937,-932
937,-931
937,-930
937,-929
936,-928
936,-927
936,-926
936,-925
936,-924
936,-923
936,-922
936,-921
936,-920
936,-919
936,-918
935,-917
935,-916
935,-915
935,-914
935,-913
935,-912
934,-911
934,-910
934,-909
934,-908
934,-907
934,-906
933,-905
933,-904
933,-903
933,-902
933,-901
933,-900
933,-899
932,-898
932,-897
932,-896
932,-895
931,-894
931,-893
931,-892
931,-891
930,-890
930,-889
930,-888
930,-887
929,-886
929,-885
929,-884
929,-883
929,-882
928,-881
928,-880
928,-879
928,-878
928,-877
927,-876
926,-875
926,-874
926,-873
926,-872
926,-871
926,-870
925,-869
925,-868
924,-867
924,-866
924,-865
924,-864
923,-863
923,-862
923,-861
922,-860
922,-859
922,-858
921,-857
921,-856
921,-855
920,-854
920,-853
920,-852
919,-851
919,-850
918,-849
918,-848
918,-847
917,-846
917,-845
917,-844
917,-843
916,-842
916,-841
915,-840
914,-839
914,-838
914,-837
914,-836
913,-835
913,-834
913,-833
912,-832
911,-831
911,-830
911,-829
911,-828
910,-827
909,-826
909,-825
909,-824
908,-823
908,-822
908,-821
907,-820
907,-819
907,-818
906,-817
906,-816
905,-815
905,-814
904,-813
904,-812
903,-811
903,-810
902,-809
902,-808
902,-807
901,-806
901,-805
901,-804
900,-803
900,-802
899,-801
898,-800
898,-799
898,-798
897,-797
897,-796
896,-795
896,-794
895,-793
894,-792
894,-791
894,-790
893,-789
893,-788
892,-787
892,-786
891,-785
890,-784
890,-783
889,-782
889,-781
889,-780
888,-779
887,-778
887,-777
886,-776
886,-775
885,-774
884,-773
884,-772
883,-771
882,-770
882,-769
882,-768
881,-767
881,-766
880,-765
879,-764
878,-763
878,-762
878,-761
877,-760
876,-759
876,-758
875,-757
874,-756
874,-755
873,-754
872,-753
872,-752
871,-751
870,-750
870,-749
869,-748
868,-747
868,-746
867,-745
866,-744
866,-743
865,-742
865,-741
864,-740
863,-739
862,-738
862,-737
861,-736
860,-735
860,-734
859,-733
858,-732
858,-731
857,-730
856,-729
855,-728
854,-727
854,-726
853,-725
852,-724
852,-723
851,-722
850,-721
849,-720
849,-719
848,-718
847,-717
846,-716
845,-715
845,-714
844,-713
843,-712
842,-711
841,-710
840,-709
840,-708
839,-707
838,-706
837,-705
836,-704
835,-703
834,-702
834,-701
833,-700
832,-699
831,-698
830,-697
829,-696
829,-695
828,-694
827,-693
826,-692
825,-691
824,-690
823,-689
822,-688
822,-687
821,-686
820,-685
819,-684
818,-683
817,-682
816,-681
815,-680
814,-679
813,-678
812,-677
811,-677
810,-676
809,-675
809,-674
808,-674
807,-673
806,-672
805,-671
804,-671
803,-670
802,-669
801,-668
800,-668
799,-667
798,-666
797,-665
796,-665
795,-664
795,-663
794,-662
793,-662
792,-661
791,-660
790,-659
789,-659
788,-659
787,-658
786,-657
786,-656
785,-655
784,-655
783,-654
782,-654
781,-654
780,-653
780,-652
779,-652
778,-651
777,-650
776,-650
775,-649
774,-648
773,-647
772,-647
771,-647
770,-646
769,-645
768,-644
767,-643
766,-643
765,-643
764,-642
763,-642
762,-641
761,-640
760,-640
759,-639
758,-639
757,-639
756,-638
755,-638
754,-637
753,-637
752,-636
751,-636
750,-635
749,-635
748,-634
747,-634
746,-633
745,-633
744,-632
743,-632
742,-631
741,-631
740,-631
739,-631
738,-630
737,-630
736,-630
735,-629
734,-629
733,-629
732,-628
731,-628
730,-627
729,-627
728,-627
727,-626
726,-626
725,-626
724,-625
723,-625
722,-624
721,-624
720,-623
719,-623
718,-623
717,-622
716,-621
715,-621
714,-621
713,-620
712,-619
711,-619
710,-618
709,-617
708,-617
707,-617
706,-616
706,-615
705,-615
704,-614
703,-613
702,-613
701,-612
700,-611
699,-610
698,-609
697,-608
696,-607
695,-606
694,-605
693,-604
693,-603
692,-602
692,-601
691,-600
690,-599
689,-598
688,-597
688,-596
687,-595
686,-594
685,-593
685,-592
684,-591
683,-590
682,-589
682,-588
681,-587
680,-586
680,-585
679,-585
678,-584
678,-583
677,-582
676,-581
676,-580
675,-579
674,-578
673,-577
673,-576
672,-575
672,-574
671,-573
670,-572
670,-571
669,-570
668,-569
668,-568
667,-567
666,-566
665,-565
665,-564
665,-563
664,-562
663,-561
663,-560
662,-559
662,-558
661,-558
660,-557
660,-556
660,-555
659,-554
658,-553
658,-552
657,-551
657,-550
656,-549
656,-548
655,-547
655,-546
654,-545
654,-544
653,-543
652,-542
652,-541
651,-540
650,-539
650,-538
649,-537
649,-536
649,-535
648,-534
648,-533
647,-532
646,-531
646,-530
645,-529
645,-528
644,-527
643,-526
643,-525
643,-524
642,-523
642,-522
641,-521
641,-520
641,-519
640,-518
639,-517
639,-516
638,-515
637,-514
637,-513
637,-512
636,-511
636,-510
636,-509
635,-508
635,-507
634,-506
633,-505
633,-504
632,-503
632,-502
631,-501
631,-500
630,-499
630,-498
629,-497
629,-496
628,-495
627,-494
626,-493
626,-492
625,-491
625,-490
625,-489
624,-488
624,-487
623,-487
622,-486
622,-485
622,-484
621,-483
620,-482
620,-481
620,-480
620,-479
620,-478
620,-477
619,-477
618,-476
618,-475
618,-474
618,-473
618,-472
618,-471
618,-470
618,-469
617,-468
617,-467
617,-466
617,-465
616,-464
616,-463
616,-462
615,-461
615,-460
615,-459
614,-458
613,-457
613,-456
613,-455
612,-454
612,-453
611,-452
610,-451
610,-450
610,-449
610,-448
609,-447
608,-446
607,-445
606,-444
606,-443
605,-442
605,-441
605,-440
605,-439
604,-438
603,-438
602,-437
602,-436
602,-435
602,-434
602,-433
602,-432
602,-431
601,-430
601,-429
601,-428
600,-427
599,-426
598,-426
597,-425
597,-424
597,-423
597,-422
597,-421
597,-420
596,-420
595,-420
594,-419
593,-419
592,-419
591,-418
591,-417
590,-417
589,-416
588,-415
587,-415
586,-415
585,-415
584,-415
583,-414
583,-413
582,-413
581,-413
580,-413
579,-413
578,-413
577,-413
576,-414
575,-414
574,-414
573,-414
572,-415
571,-415
570,-416
569,-417
569,-418
568,-419
568,-420
567,-421
566,-422
565,-422
565,-423
564,-424
564,-425
564,-426
563,-427
563,-428
563,-429
563,-430
562,-431
561,-431
561,-432
560,-433
560,-434
560,-435
560,-436
560,-437
560,-438
560,-439
560,-440
560,-441
560,-442
560,-443
560,-444
559,-445
558,-445
557,-445
