474,-551
474,-552
474,-553
474,-554
474,-555
474,-556
474,-557
474,-558
474,-559
474,-560
474,-561
475,-562
475,-563
475,-564
475,-565
476,-566
476,-567
476,-568
476,-569
477,-570
477,-571
477,-572
478,-573
479,-574
479,-575
479,-576
480,-577
481,-578
481,-579
482,-580
482,-581
483,-581
484,-582
484,-583
485,-584
486,-584
487,-585
487,-586
487,-587
488,-588
489,-589
490,-590
491,-591
491,-592
492,-593
493,-594
494,-595
494,-596
495,-597
495,-598
496,-599
497,-600
498,-601
499,-602
499,-603
500,-604
501,-604
502,-605
503,-606
504,-607
505,-608
506,-609
507,-610
508,-611
509,-612
509,-613
510,-614
511,-615
512,-616
512,-617
513,-618
514,-619
515,-620
516,-621
516,-622
517,-622
518,-623
519,-624
519,-625
520,-626
521,-627
522,-628
522,-629
522,-630
523,-630
524,-630
525,-631
526,-632
527,-633
527,-634
528,-635
529,-635
530,-636
531,-637
531,-638
532,-639
533,-640
534,-641
534,-642
535,-643
536,-643
537,-644
538,-645
539,-646
540,-647
541,-648
542,-649
542,-650
543,-651
544,-652
545,-653
546,-654
547,-655
547,-656
548,-657
549,-658
550,-659
550,-660
550,-661
551,-661
552,-662
552,-663
553,-664
554,-665
555,-666
555,-667
556,-668
557,-669
558,-670
558,-671
559,-671
560,-672
560,-673
561,-674
562,-675
562,-676
563,-676
564,-677
565,-678
566,-679
566,-680
567,-680
568,-681
568,-682
569,-683
570,-684
571,-685
572,-686
573,-687
574,-688
574,-689
574,-690
575,-690
576,-690
577,-691
577,-692
577,-693
578,-693
579,-694
580,-695
580,-696
581,-697
582,-697
583,-698
583,-699
584,-700
585,-701
586,-702
587,-703
587,-704
588,-705
589,-705
590,-706
591,-707
592,-708
593,-709
594,-710
595,-711
596,-712
597,-712
598,-713
598,-714
598,-715
599,-715
600,-716
601,-717
602,-718
603,-719
604,-720
605,-721
606,-721
607,-722
607,-723
608,-724
609,-724
610,-725
611,-726
612,-726
613,-727
614,-728
614,-729
615,-729
616,-730
616,-731
617,-731
618,-732
619,-732
620,-733
621,-734
622,-735
623,-736
624,-737
624,-738
625,-738
626,-739
626,-740
627,-741
628,-741
629,-741
630,-742
631,-743
632,-744
633,-745
633,-746
634,-746
635,-746
636,-747
636,-748
637,-749
638,-749
639,-750
640,-751
641,-751
642,-752
643,-752
644,-752
645,-753
645,-754
646,-754
647,-755
647,-756
648,-756
649,-756
650,-757
651,-758
651,-759
651,-760
652,-760
653,-760
654,-760
655,-761
656,-762
657,-762
658,-763
659,-763
660,-763
661,-764
662,-764
663,-765
663,-766
663,-767
664,-768
665,-768
666,-768
667,-768
668,-769
669,-769
670,-770
671,-770
672,-771
673,-772
674,-772
675,-773
676,-774
677,-775
678,-775
679,-776
680,-776
681,-777
682,-777
683,-778
684,-778
685,-779
686,-780
687,-780
688,-780
689,-781
690,-782
691,-782
692,-783
693,-783
694,-783
695,-783
696,-784
696,-785
697,-785
698,-786
699,-787
700,-787
701,-787
702,-787
703,-788
704,-788
705,-789
706,-790
707,-790
708,-790
709,-791
710,-792
711,-792
712,-792
713,-792
714,-792
715,-792
716,-793
717,-794
718,-795
719,-795
720,-795
721,-795
722,-795
723,-796
724,-797
725,-798
726,-798
727,-799
728,-799
729,-799
730,-799
731,-800
732,-800
733,-800
734,-801
735,-801
736,-802
737,-802
738,-802
739,-802
740,-802
741,-803
742,-803
743,-803
744,-804
745,-804
746,-804
747,-804
748,-805
749,-805
750,-805
751,-806
752,-806
753,-806
754,-806
755,-807
756,-807
757,-807
758,-808
759,-808
760,-808
761,-809
762,-809
763,-809
764,-809
765,-810
766,-810
767,-811
768,-811
769,-811
770,-811
771,-812
772,-812
773,-812
774,-812
775,-812
776,-812
777,-813
778,-813
779,-813
780,-813
781,-814
782,-814
783,-814
784,-814
785,-814
786,-814
787,-814
788,-814
789,-815
790,-815
791,-815
792,-815
793,-815
794,-815
795,-815
796,-816
797,-816
798,-816
799,-816
800,-816
801,-816
802,-815
803,-815
804,-815
805,-815
806,-815
807,-815
808,-815
809,-815
810,-814
811,-814
812,-814
813,-814
814,-814
815,-814
816,-814
817,-814
818,-814
819,-814
820,-814
821,-814
822,-814
823,-814
824,-814
825,-814
826,-814
827,-814
828,-814
829,-815
830,-815
831,-815
832,-815
833,-815
834,-815
835,-815
836,-816
837,-816
838,-817
839,-817
840,-818
841,-818
842,-818
843,-819
844,-819
845,-819
846,-819
847,-820
848,-821
849,-821
850,-821
851,-822
852,-822
853,-823
854,-824
855,-824
856,-825
857,-825
858,-826
859,-826
860,-827
861,-828
862,-828
863,-829
864,-830
865,-831
866,-832
867,-833
868,-834
869,-835
869,-836
870,-837
871,-838
872,-838
873,-838
874,-838
875,-839
876,-839
877,-840
877,-841
878,-842
878,-843
879,-843
880,-844
880,-845
880,-846
881,-846
882,-846
883,-847
883,-848
883,-849
884,-849
885,-849
886,-850
886,-851
887,-851
888,-852
888,-853
889,-854
890,-855
890,-856
891,-856
892,-856
893,-857
894,-858
894,-859
895,-860
895,-861
896,-861
897,-861
898,-862
898,-863
899,-863
900,-864
900,-865
901,-865
902,-865
903,-866
903,-867
903,-868
904,-868
905,-868
906,-869
906,-870
907,-871
907,-872
907,-873
908,-873
909,-873
910,-873
911,-874
912,-875
912,-876
912,-877
913,-877
914,-877
915,-878
916,-878
917,-879
917,-880
917,-881
918,-882
919,-883
920,-883
921,-883
922,-884
923,-884
924,-885
924,-886
924,-887
925,-888
926,-889
927,-889
928,-889
929,-889
930,-890
930,-891
930,-892
931,-892
932,-893
932,-894
932,-895
933,-895
934,-895
935,-896
935,-897
936,-897
937,-898
938,-899
938,-900
938,-901
939,-902
940,-902
941,-903
942,-904
943,-904
944,-905
944,-906
945,-907
946,-908
946,-909
947,-909
948,-909
949,-909
950,-909
951,-910
951,-911
952,-912
952,-913
952,-914
953,-915
954,-915
955,-916
956,-917
957,-917
958,-918
958,-919
959,-919
960,-920
961,-920
962,-921
963,-922
964,-922
965,-923
965,-924
965,-925
966,-925
967,-925
968,-925
969,-926
970,-927
971,-928
971,-929
972,-929
973,-930
973,-931
974,-931
975,-931
976,-932
977,-933
978,-933
979,-933
980,-934
980,-935
981,-935
982,-936
983,-936
984,-937
985,-938
986,-939
986,-940
987,-941
988,-941
989,-942
990,-942
991,-942
992,-942
993,-942
994,-943
994,-944
995,-945
996,-945
997,-945
998,-945
999,-946
999,-947
1000,-947
1001,-948
1002,-948
1003,-948
1004,-949
1005,-950
1006,-951
1007,-951
1008,-951
1009,-951
1010,-951
1010,-950
1010,-949
1010,-948
1011,-947
1012,-947
1013,-947
1014,-947
1015,-947
1016,-948
1016,-949
1017,-949
1018,-949
1019,-949
1020,-949
1021,-949
1022,-950
1023,-950
1024,-950
1025,-950
1026,-950
1026,-949
1026,-948
1027,-947
1027,-946
1027,-945
1027,-944
1027,-943
1027,-942
1027,-941
1026,-941
1025,-940
1024,-939
1024,-938
1024,-937
1023,-936
1023,-935
1022,-935
1021,-935
1020,-935
1019,-935
1018,-935
1017,-935
1016,-935
1015,-935
1014,-934
1014,-933
1014,-932
1015,-931
1016,-930
1017,-929
1018,-929
1019,-929
1020,-929
1020,-928
1020,-927
1020,-926
1020,-925
1021,-924
1022,-924
1023,-924
1023,-923
1023,-922
1023,-921
1023,-920
1023,-919
1022,-918
1022,-917
1022,-916
1021,-915
1020,-914
1020,-913
1019,-912
1018,-911
1017,-910
1016,-909
1015,-908
1014,-908
1013,-907
1013,-906
1013,-905
1013,-904
1012,-904
1011,-903
1011,-902
1011,-901
1012,-900
1013,-900
1014,-900
1014,-899
1014,-898
1014,-897
1014,-896
1013,-895
1013,-894
1012,-893
1011,-892
1010,-892
1009,-891
1008,-890
1007,-889
1007,-888
1007,-887
1006,-887
1005,-887
1004,-886
1004,-885
1003,-885
1002,-885
1001,-884
1001,-883
1001,-882
1000,-882
999,-882
998,-882
997,-882
996,-883
995,-884
994,-885
993,-885
992,-885
991,-885
990,-884
989,-883
988,-882
987,-882
986,-881
986,-880
986,-879
987,-878
987,-877
987,-876
987,-875
987,-874
986,-874
985,-874
984,-874
983,-873
983,-872
983,-871
982,-870
981,-870
980,-870
979,-870
978,-870
977,-870
976,-870
975,-870
974,-869
973,-869
972,-868
972,-867
972,-866
972,-865
972,-864
972,-863
972,-862
972,-861
972,-860
972,-859
971,-859
970,-858
969,-857
969,-856
969,-855
968,-855
967,-854
966,-854
965,-854
964,-853
964,-852
964,-851
963,-851
962,-851
961,-850
960,-849
960,-848
959,-847
959,-846
959,-845
959,-844
959,-843
958,-843
957,-842
956,-841
955,-840
954,-839
954,-838
953,-837
952,-837
951,-836
950,-835
949,-834
948,-834
947,-833
947,-832
946,-832
945,-832
944,-832
943,-831
942,-830
941,-830
940,-829
940,-828
939,-828
938,-827
938,-826
938,-825
937,-824
937,-823
936,-822
935,-821
934,-820
933,-819
932,-819
931,-818
931,-817
930,-816
929,-815
928,-815
927,-814
927,-813
926,-813
925,-812
924,-811
923,-810
922,-809
921,-808
920,-807
919,-807
918,-806
918,-805
917,-805
916,-804
915,-803
914,-802
913,-801
912,-800
911,-799
910,-798
909,-797
908,-796
907,-795
906,-794
905,-793
904,-792
903,-791
902,-791
901,-790
900,-789
899,-788
898,-787
897,-786
896,-785
895,-784
894,-783
893,-782
892,-781
891,-780
890,-779
889,-778
888,-777
887,-776
887,-775
886,-774
885,-773
884,-772
884,-771
883,-770
882,-769
881,-768
881,-767
880,-766
879,-765
879,-764
879,-763
879,-762
878,-761
878,-760
878,-759
877,-758
877,-757
876,-756
876,-755
876,-754
875,-753
875,-752
874,-751
874,-750
874,-749
873,-748
873,-747
872,-746
872,-745
871,-744
871,-743
870,-742
870,-741
870,-740
869,-739
869,-738
869,-737
868,-736
868,-735
867,-734
867,-733
867,-732
866,-731
866,-730
866,-729
865,-728
865,-727
864,-726
864,-725
864,-724
863,-723
862,-722
862,-721
862,-720
861,-719
861,-718
860,-717
860,-716
859,-715
859,-714
858,-713
858,-712
858,-711
857,-710
857,-709
856,-708
855,-707
855,-706
854,-705
854,-704
853,-703
852,-702
852,-701
851,-700
850,-699
850,-698
849,-697
849,-696
848,-695
847,-694
847,-693
846,-692
845,-691
844,-690
843,-689
843,-688
842,-687
841,-686
840,-685
839,-684
838,-683
837,-682
836,-681
835,-680
834,-679
833,-678
832,-677
832,-676
831,-676
830,-675
829,-674
828,-673
827,-672
826,-671
825,-670
824,-669
823,-668
822,-667
821,-666
820,-665
819,-665
818,-664
817,-663
816,-662
815,-661
814,-660
813,-659
812,-658
811,-657
810,-657
809,-656
808,-655
807,-654
806,-654
805,-653
804,-652
803,-652
802,-651
801,-650
800,-649
799,-648
798,-648
797,-647
796,-646
795,-645
794,-645
793,-644
792,-643
791,-642
790,-642
789,-641
788,-640
787,-640
786,-639
785,-638
784,-638
783,-637
782,-636
781,-635
780,-635
779,-634
778,-633
777,-633
776,-632
775,-632
774,-631
773,-631
772,-630
771,-629
770,-629
769,-628
768,-628
767,-627
766,-627
765,-626
764,-625
763,-625
762,-624
761,-624
760,-623
759,-623
758,-622
757,-621
756,-621
755,-620
754,-619
753,-619
752,-618
751,-618
750,-618
749,-617
748,-617
747,-616
746,-616
745,-615
744,-615
743,-614
742,-614
741,-613
740,-613
739,-612
738,-612
737,-612
736,-611
735,-611
734,-611
733,-610
732,-610
731,-609
730,-609
729,-608
728,-608
727,-608
726,-607
725,-607
724,-606
723,-606
722,-606
721,-605
720,-605
719,-604
718,-604
717,-604
716,-603
715,-603
714,-603
713,-603
712,-602
711,-602
710,-601
709,-601
708,-601
707,-600
706,-600
705,-600
704,-599
703,-599
702,-598
701,-598
700,-598
699,-597
698,-597
697,-597
696,-596
695,-596
694,-596
693,-595
692,-595
691,-595
690,-594
689,-594
688,-594
687,-593
686,-593
685,-593
684,-592
683,-592
682,-592
681,-592
680,-591
679,-591
678,-591
677,-590
676,-590
675,-590
674,-589
673,-589
672,-589
671,-588
670,-588
669,-588
668,-587
667,-587
666,-587
665,-587
664,-586
663,-586
662,-586
661,-585
660,-585
659,-585
658,-585
657,-584
656,-584
655,-584
654,-584
653,-583
652,-583
651,-583
650,-582
649,-582
648,-582
647,-581
646,-581
645,-581
644,-581
643,-580
642,-580
641,-580
640,-580
639,-580
638,-579
637,-579
636,-579
635,-579
634,-578
633,-578
632,-578
631,-577
630,-577
629,-577
628,-577
627,-576
626,-576
625,-576
624,-576
623,-576
622,-576
621,-575
620,-575
619,-575
618,-575
617,-574
616,-574
615,-574
614,-574
613,-573
612,-573
611,-573
610,-573
609,-572
608,-572
607,-572
606,-572
605,-572
604,-571
603,-571
602,-571
601,-571
600,-571
599,-570
598,-570
597,-570
596,-569
595,-569
594,-569
593,-568
592,-568
591,-568
590,-568
589,-568
588,-567
587,-567
586,-567
585,-566
584,-566
583,-566
582,-566
581,-566
580,-565
579,-565
578,-565
577,-565
576,-565
575,-564
574,-564
573,-564
572,-564
571,-564
570,-563
569,-563
568,-563
567,-563
566,-563
565,-563
564,-563
563,-563
562,-563
561,-563
560,-562
559,-562
558,-562
557,-562
556,-562
555,-562
554,-561
553,-561
552,-561
551,-561
550,-561
549,-561
548,-561
547,-561
546,-561
545,-561
544,-560
543,-560
542,-560
541,-560
540,-560
539,-560
538,-560
537,-560
536,-560
535,-560
534,-560
533,-560
532,-559
531,-559
530,-559
529,-559
528,-559
527,-559
526,-559
525,-558
524,-558
523,-558
522,-558
521,-558
520,-558
519,-558
518,-557
517,-557
516,-557
515,-557
514,-557
513,-556
512,-556
511,-556
510,-556
509,-556
508,-556
507,-555
506,-555
505,-555
504,-555
503,-554
502,-554
501,-554
500,-554
499,-554
498,-553
497,-553
496,-553
495,-553
494,-553
493,-552
492,-552
491,-552
490,-552
489,-552
488,-552
487,-551
486,-551
485,-551
484,-551
483,-550
482,-550
481,-550
480,-550
479,-550
478,-550
477,-550
476,-550
475,-550
474,-551
