535,-524
535,-525
535,-526
535,-527
535,-528
535,-529
535,-530
535,-531
535,-532
536,-533
536,-534
536,-535
536,-536
537,-537
538,-537
539,-537
540,-538
540,-539
540,-540
541,-540
542,-541
543,-542
544,-543
545,-544
545,-545
546,-546
547,-547
548,-548
548,-549
549,-549
550,-550
551,-551
552,-552
553,-553
553,-554
554,-555
555,-555
556,-556
556,-557
557,-558
557,-559
558,-560
558,-561
559,-562
560,-563
561,-563
562,-564
563,-565
563,-566
564,-566
565,-567
565,-568
565,-569
565,-570
566,-570
567,-570
568,-571
569,-572
570,-573
570,-574
570,-575
571,-575
572,-575
573,-576
574,-577
574,-578
574,-579
574,-580
574,-581
575,-582
576,-582
577,-582
578,-582
579,-583
579,-584
579,-585
580,-586
580,-587
581,-587
582,-587
583,-588
583,-589
583,-590
584,-591
585,-591
586,-592
586,-593
587,-593
588,-593
589,-594
589,-595
590,-595
591,-596
591,-597
591,-598
591,-599
592,-600
593,-601
593,-602
594,-603
595,-604
596,-604
597,-605
597,-606
598,-606
599,-607
600,-607
601,-608
601,-609
601,-610
602,-610
603,-611
604,-612
604,-613
604,-614
605,-614
606,-615
606,-616
607,-616
608,-617
608,-618
608,-619
609,-620
609,-621
610,-621
611,-622
611,-623
612,-623
613,-624
613,-625
614,-626
615,-627
615,-628
615,-629
616,-629
617,-630
617,-631
618,-632
619,-633
620,-634
620,-635
621,-636
622,-637
622,-638
622,-639
623,-639
624,-640
625,-641
625,-642
626,-643
627,-644
627,-645
627,-646
628,-647
629,-648
630,-648
631,-649
631,-650
632,-651
633,-651
634,-652
634,-653
634,-654
634,-655
635,-656
636,-656
637,-656
638,-657
638,-658
638,-659
639,-660
640,-661
641,-662
641,-663
641,-664
642,-664
643,-665
643,-666
644,-666
645,-666
646,-666
647,-667
647,-668
647,-669
647,-670
647,-671
647,-672
648,-673
648,-674
649,-675
649,-676
650,-676
651,-677
651,-678
651,-679
651,-680
651,-681
652,-682
653,-682
654,-683
654,-684
654,-685
654,-686
654,-687
654,-688
654,-689
655,-689
656,-689
657,-689
658,-689
659,-690
660,-691
660,-692
661,-693
661,-694
661,-695
660,-696
660,-697
660,-698
660,-699
660,-700
660,-701
661,-702
662,-703
663,-704
664,-705
664,-706
664,-707
665,-708
665,-709
665,-710
665,-711
666,-712
667,-712
668,-712
669,-713
669,-714
669,-715
669,-716
670,-717
670,-718
670,-719
670,-720
670,-721
671,-722
671,-723
671,-724
671,-725
672,-726
673,-727
673,-728
673,-729
674,-730
674,-731
674,-732
674,-733
675,-733
676,-734
676,-735
677,-736
677,-737
677,-738
678,-739
679,-740
679,-741
679,-742
680,-743
680,-744
681,-744
682,-745
682,-746
682,-747
682,-748
682,-749
683,-750
684,-751
684,-752
684,-753
685,-754
686,-755
687,-756
687,-757
687,-758
688,-759
688,-760
689,-761
690,-762
690,-763
690,-764
690,-765
691,-766
692,-767
693,-768
694,-769
694,-770
694,-771
695,-772
696,-773
696,-774
697,-775
697,-776
697,-777
698,-778
698,-779
698,-780
699,-781
700,-782
701,-783
701,-784
702,-784
703,-785
703,-786
704,-787
705,-788
705,-789
706,-790
706,-791
706,-792
707,-793
707,-794
707,-795
706,-796
705,-796
704,-796
703,-796
702,-796
702,-797
701,-798
700,-799
699,-799
698,-799
697,-799
696,-799
695,-799
695,-800
695,-801
695,-802
695,-803
695,-804
695,-805
695,-806
696,-806
697,-806
698,-807
698,-808
698,-809
698,-810
698,-811
698,-812
699,-812
700,-813
700,-814
700,-815
701,-815
702,-815
703,-816
703,-817
703,-818
704,-819
704,-820
704,-821
705,-821
706,-821
707,-822
708,-823
708,-824
708,-825
708,-826
708,-827
709,-828
710,-829
711,-829
712,-830
712,-831
713,-832
713,-833
713,-834
714,-835
715,-835
716,-836
717,-837
718,-838
718,-839
718,-840
719,-841
720,-841
721,-842
721,-843
722,-844
723,-845
723,-846
724,-847
725,-848
725,-849
726,-850
727,-850
728,-851
729,-852
730,-853
731,-854
731,-855
731,-856
732,-856
733,-857
734,-858
734,-859
734,-860
735,-860
736,-861
736,-862
736,-863
737,-863
738,-864
739,-865
739,-866
740,-866
741,-867
742,-867
743,-868
743,-869
743,-870
743,-871
744,-871
745,-872
745,-873
746,-874
747,-874
748,-875
749,-876
750,-876
751,-877
752,-877
753,-877
754,-878
754,-879
754,-880
755,-881
756,-881
757,-882
758,-883
758,-884
759,-884
760,-885
760,-886
761,-887
762,-887
763,-888
764,-889
765,-889
766,-890
766,-891
767,-891
768,-892
769,-893
770,-894
770,-895
771,-895
772,-895
773,-896
774,-897
774,-898
775,-898
776,-898
777,-899
777,-900
778,-901
779,-902
780,-902
781,-903
781,-904
782,-904
783,-905
784,-905
785,-905
786,-905
787,-906
787,-907
787,-908
787,-909
787,-910
788,-911
789,-911
790,-911
791,-912
791,-913
792,-914
793,-914
794,-914
795,-915
796,-916
797,-917
797,-918
798,-918
799,-918
800,-918
801,-918
802,-918
803,-919
803,-920
803,-921
804,-921
805,-921
806,-922
807,-922
808,-922
809,-923
809,-924
809,-925
809,-926
809,-927
809,-928
809,-929
809,-930
810,-931
810,-932
811,-932
812,-932
813,-932
814,-933
815,-934
815,-935
816,-935
817,-935
818,-936
819,-937
820,-937
821,-937
822,-937
823,-937
824,-937
825,-938
826,-938
827,-938
828,-939
828,-940
828,-941
829,-941
830,-941
831,-941
832,-941
833,-942
833,-943
834,-943
835,-943
836,-944
837,-944
838,-945
838,-946
839,-946
840,-946
841,-946
842,-946
843,-946
844,-947
844,-948
845,-948
846,-948
847,-948
848,-948
849,-949
849,-950
850,-950
851,-951
852,-951
853,-951
854,-952
854,-953
855,-953
856,-953
857,-953
858,-953
859,-954
860,-955
861,-955
862,-955
863,-955
864,-955
865,-955
866,-956
867,-956
868,-956
869,-957
870,-958
871,-958
872,-959
873,-960
873,-961
873,-962
873,-963
873,-964
874,-964
875,-964
876,-964
877,-964
878,-965
879,-965
880,-965
881,-965
882,-966
883,-966
884,-967
885,-967
886,-967
887,-967
888,-968
889,-968
890,-968
891,-968
892,-968
893,-969
894,-969
895,-969
896,-969
897,-969
898,-969
899,-970
900,-970
901,-970
902,-971
903,-972
903,-973
904,-973
905,-973
906,-973
907,-973
908,-973
909,-973
910,-973
911,-973
912,-974
913,-975
914,-975
915,-976
915,-977
915,-978
915,-979
915,-980
915,-981
916,-981
917,-981
918,-981
919,-981
920,-980
921,-980
922,-980
922,-979
923,-978
924,-978
925,-978
926,-978
927,-978
928,-979
929,-980
930,-980
931,-980
932,-980
933,-981
934,-981
935,-981
936,-981
937,-981
938,-981
939,-981
940,-981
941,-981
942,-981
943,-981
944,-982
944,-983
945,-984
946,-984
947,-985
948,-985
949,-985
950,-985
951,-985
952,-985
953,-985
954,-985
955,-985
956,-985
957,-985
958,-984
958,-983
958,-982
958,-981
958,-980
958,-979
958,-978
959,-977
960,-977
961,-977
961,-976
962,-975
963,-975
963,-974
963,-973
963,-972
963,-971
963,-970
963,-969
963,-968
963,-967
964,-966
965,-965
965,-964
965,-963
965,-962
966,-961
966,-960
966,-959
966,-958
966,-957
966,-956
966,-955
966,-954
965,-953
964,-952
964,-951
964,-950
964,-949
963,-948
963,-947
962,-946
962,-945
961,-944
961,-943
960,-942
960,-941
960,-940
959,-939
959,-938
958,-937
958,-936
957,-935
957,-934
957,-933
956,-932
956,-931
955,-930
955,-929
954,-928
954,-927
954,-926
953,-925
952,-924
952,-923
951,-922
951,-921
950,-920
950,-919
950,-918
949,-917
949,-916
949,-915
948,-914
948,-913
947,-912
947,-911
947,-910
946,-909
946,-908
945,-907
945,-906
945,-905
944,-904
944,-903
943,-902
943,-901
942,-900
942,-899
942,-898
941,-897
940,-896
940,-895
940,-894
940,-893
939,-892
939,-891
938,-890
938,-889
937,-888
937,-887
936,-886
936,-885
936,-884
935,-883
935,-882
934,-881
934,-880
934,-879
933,-878
933,-877
932,-876
932,-875
931,-874
931,-873
931,-872
930,-871
930,-870
929,-869
929,-868
928,-867
928,-866
927,-865
927,-864
927,-863
926,-862
926,-861
925,-860
925,-859
924,-858
924,-857
923,-856
923,-855
922,-854
922,-853
921,-852
920,-851
920,-850
919,-849
919,-848
918,-847
917,-846
917,-845
916,-844
915,-843
915,-842
914,-841
914,-840
913,-839
912,-838
912,-837
911,-836
911,-835
910,-834
910,-833
909,-832
908,-831
908,-830
907,-829
907,-828
906,-827
905,-826
904,-825
904,-824
903,-823
903,-822
902,-821
901,-820
900,-819
899,-818
899,-817
898,-816
897,-815
896,-814
896,-813
895,-812
894,-811
894,-810
893,-809
892,-808
891,-807
891,-806
890,-805
889,-804
889,-803
888,-802
887,-801
887,-800
886,-799
885,-798
885,-797
884,-796
883,-795
882,-794
882,-793
881,-793
880,-792
880,-791
879,-790
879,-789
878,-788
877,-787
876,-786
876,-785
875,-784
874,-783
873,-782
872,-781
872,-780
871,-779
870,-778
870,-777
869,-776
868,-775
867,-774
867,-773
866,-773
865,-772
865,-771
864,-770
863,-769
863,-768
862,-767
861,-766
860,-765
860,-764
859,-763
858,-762
857,-761
856,-760
856,-759
855,-758
854,-757
853,-756
852,-755
852,-754
851,-753
850,-752
849,-751
848,-750
847,-749
847,-748
846,-747
845,-746
844,-745
843,-744
843,-743
842,-743
841,-742
841,-741
840,-740
839,-739
839,-738
838,-737
837,-736
836,-735
835,-734
835,-733
834,-732
833,-731
832,-730
832,-729
831,-728
830,-727
829,-726
828,-725
828,-724
827,-723
826,-722
825,-721
824,-720
823,-719
822,-718
822,-717
821,-716
820,-715
819,-714
819,-713
818,-712
817,-711
816,-710
815,-709
814,-708
813,-707
812,-706
811,-705
811,-704
810,-703
809,-702
808,-701
807,-700
806,-699
805,-698
805,-697
804,-697
803,-696
803,-695
802,-694
801,-693
800,-692
799,-691
798,-690
797,-689
796,-688
795,-687
794,-687
793,-686
792,-685
791,-684
790,-683
789,-682
788,-681
787,-680
786,-679
785,-678
784,-677
783,-677
782,-676
781,-675
780,-675
779,-674
778,-673
777,-672
776,-671
775,-670
774,-670
773,-669
772,-668
771,-667
770,-667
769,-666
768,-665
767,-664
766,-664
765,-663
764,-662
763,-662
762,-661
761,-660
760,-660
759,-659
758,-658
757,-658
756,-657
755,-657
754,-656
753,-656
752,-655
751,-655
750,-654
749,-654
748,-653
747,-652
746,-652
745,-652
744,-651
743,-651
742,-651
741,-650
740,-650
739,-649
738,-649
737,-648
736,-648
735,-648
734,-648
733,-647
732,-647
731,-647
730,-647
729,-646
728,-646
727,-645
726,-645
725,-644
724,-644
723,-644
722,-644
721,-644
720,-643
719,-643
718,-643
717,-643
716,-642
715,-642
714,-642
713,-642
712,-641
711,-640
710,-640
709,-640
708,-639
707,-639
706,-638
705,-637
704,-637
703,-637
702,-636
701,-635
700,-635
699,-634
698,-633
697,-633
696,-632
695,-631
694,-631
693,-631
692,-630
691,-629
690,-628
689,-627
688,-627
687,-626
686,-625
686,-624
685,-624
684,-623
683,-622
682,-621
681,-621
680,-620
679,-619
678,-618
677,-617
676,-616
675,-615
674,-614
673,-614
672,-613
672,-612
671,-612
670,-611
669,-610
668,-609
667,-608
666,-607
665,-607
664,-606
664,-605
663,-604
662,-603
661,-603
660,-602
659,-601
658,-600
657,-599
656,-598
655,-597
654,-596
653,-595
652,-594
651,-593
650,-592
649,-591
648,-590
647,-589
646,-588
645,-587
644,-586
643,-585
642,-584
641,-583
640,-582
639,-581
638,-580
637,-579
636,-578
635,-577
634,-576
633,-575
632,-574
631,-573
630,-572
629,-571
628,-570
627,-569
626,-568
625,-567
624,-566
623,-565
622,-564
621,-563
620,-562
619,-561
619,-560
618,-559
617,-559
616,-558
616,-557
615,-556
614,-555
613,-554
612,-553
611,-552
610,-551
609,-550
608,-549
607,-548
606,-547
605,-546
604,-545
603,-545
602,-544
602,-543
601,-542
600,-541
599,-540
598,-540
597,-539
596,-538
595,-537
595,-536
594,-535
593,-534
592,-533
591,-533
590,-532
590,-531
589,-530
588,-530
587,-529
586,-528
585,-527
585,-526
584,-526
583,-526
582,-525
582,-524
582,-523
581,-523
580,-522
579,-522
578,-522
577,-522
576,-521
575,-520
574,-520
573,-520
572,-520
571,-520
570,-519
570,-518
570,-517
569,-517
568,-516
567,-516
566,-516
565,-516
564,-516
563,-516
562,-516
561,-516
560,-517
559,-518
558,-518
557,-518
556,-519
555,-519
554,-520
553,-521
552,-521
551,-522
550,-522
549,-522
548,-522
547,-522
546,-522
545,-523
544,-523
543,-523
542,-523
541,-523
540,-523
539,-524
538,-524
537,-524
536,-524
535,-524
