432,-680
432,-681
432,-682
432,-683
432,-684
433,-685
433,-686
434,-687
435,-688
436,-689
437,-690
437,-691
437,-692
436,-693
435,-693
434,-694
434,-695
433,-696
432,-697
432,-698
432,-699
432,-700
432,-701
433,-702
433,-703
433,-704
433,-705
434,-705
435,-705
436,-706
437,-706
438,-707
439,-707
440,-707
441,-707
442,-707
443,-707
444,-706
445,-706
446,-706
447,-706
448,-707
448,-708
448,-709
449,-709
450,-709
451,-709
452,-709
453,-710
454,-711
455,-712
456,-713
457,-713
458,-713
459,-714
460,-714
461,-714
462,-714
463,-714
464,-715
465,-716
465,-717
465,-718
466,-718
467,-718
468,-718
469,-719
470,-720
471,-721
472,-722
473,-722
474,-723
475,-723
476,-723
477,-724
478,-725
478,-726
479,-726
480,-726
481,-727
482,-728
483,-728
484,-729
485,-730
486,-730
487,-730
488,-731
489,-731
490,-731
491,-732
492,-733
493,-734
493,-735
494,-735
495,-736
496,-736
497,-736
498,-737
498,-738
498,-739
498,-740
499,-740
500,-740
501,-741
502,-741
503,-741
504,-742
505,-743
506,-744
506,-745
507,-745
508,-746
509,-747
510,-748
511,-748
512,-748
513,-749
513,-750
513,-751
514,-751
515,-752
516,-752
517,-752
518,-752
519,-752
520,-753
521,-754
521,-755
521,-756
521,-757
522,-757
523,-757
524,-757
525,-758
525,-759
525,-760
526,-760
527,-760
528,-760
529,-761
529,-762
530,-763
531,-763
532,-764
533,-765
534,-765
535,-766
536,-767
537,-768
538,-768
539,-769
539,-770
539,-771
540,-771
541,-772
541,-773
542,-773
543,-773
544,-774
545,-775
546,-776
546,-777
547,-778
548,-779
549,-780
550,-780
551,-780
552,-780
553,-780
554,-781
555,-782
555,-783
556,-783
557,-783
558,-784
558,-785
559,-785
560,-785
561,-786
561,-787
562,-788
562,-789
563,-789
564,-790
565,-790
566,-790
567,-790
568,-791
568,-792
568,-793
569,-793
570,-794
570,-795
571,-795
572,-796
573,-797
574,-798
574,-799
574,-800
574,-801
574,-802
575,-802
576,-803
576,-804
576,-805
576,-806
577,-806
578,-806
579,-806
580,-806
581,-807
581,-808
582,-808
583,-809
584,-809
585,-809
586,-809
587,-809
588,-809
589,-810
589,-811
590,-811
591,-811
592,-812
592,-813
592,-814
592,-815
592,-816
592,-817
592,-818
592,-819
592,-820
592,-821
593,-821
594,-821
595,-822
596,-822
597,-822
598,-822
599,-823
599,-824
600,-825
601,-825
602,-826
603,-827
604,-827
605,-828
606,-828
607,-828
608,-829
609,-829
610,-830
611,-831
612,-832
613,-832
614,-832
615,-832
616,-833
617,-834
618,-834
619,-835
619,-836
620,-836
621,-837
622,-837
623,-838
624,-838
625,-838
626,-838
627,-839
628,-839
629,-839
630,-839
631,-839
632,-839
633,-839
634,-839
635,-839
636,-839
637,-838
638,-838
639,-838
640,-839
641,-839
642,-840
643,-840
644,-841
645,-841
646,-842
647,-842
648,-842
649,-842
650,-843
651,-843
652,-844
653,-845
654,-845
655,-845
656,-845
657,-845
658,-845
659,-845
660,-846
661,-846
662,-847
662,-848
663,-848
664,-848
665,-848
666,-848
667,-848
668,-849
669,-850
670,-850
671,-850
672,-850
673,-851
674,-852
675,-852
676,-853
676,-854
676,-855
677,-855
678,-855
679,-855
680,-855
681,-855
682,-855
683,-855
684,-856
685,-856
686,-857
687,-857
688,-857
689,-857
690,-857
691,-857
692,-857
693,-857
694,-858
695,-858
696,-859
697,-859
698,-859
699,-859
700,-859
701,-859
702,-860
702,-861
703,-861
704,-861
705,-861
706,-861
707,-861
708,-861
709,-861
710,-861
711,-861
712,-862
713,-862
714,-862
715,-862
716,-862
717,-862
718,-862
719,-862
720,-863
721,-863
722,-863
723,-863
724,-863
725,-863
726,-863
727,-863
728,-863
729,-863
730,-864
731,-864
732,-864
733,-864
734,-864
735,-864
736,-864
737,-864
738,-864
739,-864
740,-864
741,-864
742,-865
743,-866
744,-866
745,-866
746,-866
747,-866
748,-865
749,-865
750,-865
751,-865
752,-865
753,-865
754,-865
755,-865
756,-865
757,-865
758,-865
759,-864
760,-864
761,-864
762,-864
763,-864
764,-864
765,-864
766,-864
767,-864
768,-864
769,-864
770,-863
771,-863
772,-863
773,-863
774,-863
775,-863
776,-863
777,-863
778,-862
779,-862
780,-862
781,-862
782,-861
783,-861
784,-861
785,-861
786,-861
787,-861
788,-861
789,-861
790,-861
791,-861
792,-861
793,-860
794,-860
795,-860
796,-860
797,-859
798,-859
799,-859
800,-859
801,-859
802,-859
803,-859
804,-859
805,-859
806,-858
807,-858
807,-857
808,-856
809,-856
810,-855
811,-855
812,-855
813,-855
814,-854
815,-854
816,-854
817,-853
818,-853
819,-852
820,-852
821,-852
822,-852
822,-851
823,-850
824,-850
825,-850
825,-849
826,-848
827,-848
828,-848
829,-847
830,-846
831,-845
831,-844
832,-843
833,-843
834,-843
835,-843
836,-843
837,-842
838,-842
839,-841
840,-841
841,-840
842,-840
843,-840
844,-839
845,-839
846,-838
847,-838
848,-837
849,-837
850,-836
851,-836
852,-836
853,-835
854,-834
855,-833
856,-832
857,-832
858,-831
859,-830
860,-830
861,-830
862,-829
863,-829
864,-828
865,-827
866,-827
867,-826
868,-826
869,-826
870,-825
871,-825
872,-824
873,-824
874,-824
875,-823
876,-823
877,-822
878,-822
879,-822
880,-822
881,-822
882,-822
883,-822
884,-822
885,-821
886,-821
887,-821
888,-821
889,-821
890,-820
891,-820
892,-820
893,-820
894,-820
895,-819
896,-818
896,-817
897,-816
898,-816
899,-816
900,-816
901,-816
902,-816
903,-816
904,-816
905,-816
906,-816
907,-816
908,-816
909,-816
910,-817
910,-818
910,-819
911,-820
912,-821
913,-822
913,-823
914,-824
915,-824
916,-824
917,-824
918,-825
918,-826
918,-827
919,-827
920,-828
920,-829
921,-830
921,-831
922,-832
923,-833
924,-834
925,-834
926,-834
927,-835
927,-836
928,-836
929,-836
930,-837
931,-838
932,-838
933,-839
934,-839
935,-839
936,-839
937,-839
938,-839
939,-840
940,-840
941,-840
942,-840
943,-840
944,-841
944,-842
945,-842
946,-842
947,-842
948,-843
948,-844
949,-844
950,-844
951,-844
952,-844
953,-844
954,-844
955,-845
955,-846
956,-847
957,-847
958,-848
959,-849
960,-849
961,-849
962,-849
963,-849
964,-849
965,-850
966,-850
967,-850
968,-851
969,-851
970,-852
971,-852
972,-852
973,-852
974,-853
975,-854
976,-854
977,-854
978,-854
979,-855
980,-856
981,-857
982,-857
983,-857
984,-858
984,-859
985,-859
986,-859
987,-859
988,-859
989,-860
989,-861
989,-862
990,-862
991,-862
992,-862
993,-863
994,-863
995,-863
996,-863
997,-863
998,-863
999,-864
1000,-864
1001,-864
1002,-865
1003,-865
1004,-866
1004,-867
1005,-867
1006,-867
1007,-868
1008,-868
1009,-869
1010,-869
1011,-869
1012,-870
1012,-871
1013,-871
1014,-871
1015,-871
1016,-871
1017,-872
1018,-873
1019,-873
1020,-874
1020,-875
1020,-876
1021,-877
1022,-877
1023,-877
1024,-877
1025,-878
1026,-879
1027,-880
1028,-880
1029,-880
1030,-880
1031,-880
1032,-880
1033,-880
1034,-880
1035,-880
1036,-880
1037,-881
1037,-882
1037,-883
1037,-884
1038,-884
1039,-884
1040,-884
1041,-884
1042,-885
1043,-885
1044,-885
1045,-885
1046,-885
1047,-885
1048,-885
1049,-885
1050,-885
1050,-884
1051,-883
1052,-882
1053,-882
1053,-881
1054,-880
1055,-880
1056,-880
1057,-880
1058,-879
1059,-879
1060,-879
1061,-879
1062,-879
1063,-879
1064,-879
1065,-879
1066,-879
1066,-878
1066,-877
1066,-876
1066,-875
1066,-874
1066,-873
1065,-872
1064,-872
1063,-871
1062,-870
1062,-869
1062,-868
1062,-867
1062,-866
1062,-865
1062,-864
1062,-863
1061,-862
1061,-861
1061,-860
1061,-859
1061,-858
1061,-857
1062,-856
1063,-855
1063,-854
1063,-853
1063,-852
1063,-851
1064,-850
1065,-850
1065,-849
1065,-848
1066,-847
1067,-847
1068,-847
1068,-846
1069,-845
1069,-844
1069,-843
1069,-842
1069,-841
1069,-840
1069,-839
1069,-838
1068,-837
1068,-836
1067,-835
1067,-834
1066,-833
1066,-832
1065,-831
1064,-830
1063,-830
1062,-829
1061,-828
1060,-828
1059,-828
1058,-827
1058,-826
1057,-825
1056,-825
1055,-825
1054,-824
1053,-823
1052,-823
1051,-822
1050,-822
1049,-821
1048,-821
1047,-820
1046,-820
1045,-819
1045,-818
1044,-818
1043,-817
1042,-817
1041,-816
1040,-815
1039,-815
1038,-814
1037,-814
1036,-813
1035,-813
1034,-813
1033,-812
1032,-811
1031,-811
1030,-810
1029,-810
1028,-809
1027,-809
1026,-808
1025,-807
1024,-806
1023,-806
1022,-806
1021,-805
1020,-805
1019,-805
1018,-804
1017,-804
1016,-803
1015,-803
1014,-803
1013,-803
1012,-802
1011,-802
1010,-802
1009,-802
1008,-802
1007,-802
1006,-802
1005,-801
1004,-801
1003,-801
1002,-801
1001,-801
1000,-801
999,-801
998,-801
997,-801
996,-801
995,-801
994,-800
993,-800
992,-800
991,-800
990,-800
989,-800
988,-800
987,-800
986,-800
985,-800
984,-800
983,-800
982,-800
981,-800
980,-800
979,-799
978,-799
977,-799
976,-799
975,-799
974,-799
973,-799
972,-799
971,-798
970,-798
969,-798
968,-797
967,-797
966,-797
965,-797
964,-796
963,-796
962,-796
961,-796
960,-795
960,-794
960,-793
960,-792
960,-791
960,-790
961,-789
962,-789
963,-789
964,-789
965,-789
966,-789
967,-789
968,-789
969,-789
970,-789
971,-789
972,-789
973,-790
974,-790
975,-790
976,-790
977,-790
978,-790
979,-790
980,-790
981,-791
982,-791
983,-791
984,-791
985,-791
986,-791
986,-790
986,-789
986,-788
986,-787
985,-787
984,-786
983,-786
982,-785
981,-785
980,-784
979,-784
978,-783
977,-783
976,-782
975,-782
974,-781
973,-781
972,-780
971,-780
970,-779
969,-779
968,-778
967,-777
966,-777
965,-776
964,-775
963,-775
962,-775
961,-774
960,-774
959,-773
958,-772
957,-772
956,-771
955,-771
954,-770
953,-770
952,-770
951,-769
950,-768
949,-768
948,-767
947,-767
946,-766
945,-766
944,-765
943,-764
942,-764
941,-763
940,-762
939,-762
938,-761
937,-760
936,-760
935,-759
934,-758
933,-758
932,-757
931,-756
930,-755
929,-755
928,-754
927,-753
926,-752
925,-751
924,-750
923,-749
922,-748
921,-747
921,-746
920,-745
919,-744
918,-743
917,-742
917,-741
916,-741
915,-740
915,-739
914,-739
913,-738
913,-737
913,-736
912,-736
911,-735
911,-734
910,-733
909,-732
909,-731
908,-731
907,-730
907,-729
906,-728
905,-727
905,-726
904,-725
903,-724
902,-723
902,-722
901,-721
900,-720
900,-719
899,-718
899,-717
898,-716
897,-715
896,-714
896,-713
895,-713
894,-712
894,-711
893,-710
892,-709
892,-708
891,-708
890,-707
890,-706
889,-705
888,-704
887,-703
887,-702
886,-701
885,-701
884,-700
884,-699
883,-698
882,-697
881,-696
880,-695
879,-694
879,-693
878,-693
877,-692
876,-691
875,-690
874,-689
873,-688
873,-687
872,-687
871,-686
870,-685
869,-684
868,-684
867,-683
866,-682
865,-681
864,-680
863,-679
862,-679
861,-678
860,-677
859,-676
858,-675
857,-675
856,-674
855,-673
854,-673
853,-672
852,-671
851,-670
850,-670
849,-669
848,-668
847,-667
846,-667
845,-666
844,-665
843,-664
842,-664
841,-663
840,-663
839,-662
838,-662
837,-661
836,-661
835,-660
834,-659
833,-658
832,-658
831,-657
830,-657
829,-656
828,-656
827,-655
826,-655
825,-654
824,-653
823,-653
822,-653
821,-652
820,-651
819,-651
818,-650
817,-650
816,-650
815,-649
814,-649
813,-648
812,-648
811,-647
810,-647
809,-646
808,-646
807,-645
806,-645
805,-644
804,-644
803,-643
802,-643
801,-642
800,-642
799,-642
798,-642
797,-642
796,-641
796,-640
795,-640
794,-639
793,-639
792,-639
791,-639
790,-638
789,-638
788,-637
787,-637
786,-637
785,-636
784,-635
783,-635
782,-635
781,-634
780,-634
779,-634
778,-633
777,-633
776,-632
775,-632
774,-632
773,-631
772,-631
771,-631
770,-630
769,-630
768,-630
767,-629
766,-629
765,-629
764,-628
763,-628
762,-628
761,-627
760,-627
759,-627
758,-627
757,-627
756,-626
755,-626
754,-626
753,-626
752,-625
751,-625
750,-624
749,-624
748,-624
747,-624
746,-623
745,-623
744,-623
743,-623
742,-623
741,-622
740,-622
739,-622
738,-622
737,-622
736,-622
735,-622
734,-621
733,-621
732,-621
731,-621
730,-620
729,-620
728,-620
727,-620
726,-620
725,-620
724,-620
723,-619
722,-619
721,-619
720,-619
719,-619
718,-619
717,-619
716,-619
715,-619
714,-618
713,-618
712,-618
711,-618
710,-618
709,-618
708,-618
707,-618
706,-618
705,-618
704,-618
703,-618
702,-618
701,-618
700,-618
699,-618
698,-618
697,-617
696,-617
695,-617
694,-617
693,-617
692,-617
691,-617
690,-617
689,-617
688,-617
687,-617
686,-617
685,-617
684,-617
683,-617
682,-617
681,-617
680,-617
679,-617
678,-617
677,-617
676,-618
675,-618
674,-618
673,-618
672,-618
671,-618
670,-618
669,-618
668,-618
667,-618
666,-618
665,-618
664,-618
663,-618
662,-618
661,-618
660,-618
659,-618
658,-618
657,-618
656,-618
655,-618
654,-619
653,-619
652,-619
651,-619
650,-619
649,-619
648,-619
647,-619
646,-619
645,-619
644,-619
643,-619
642,-619
641,-619
640,-619
639,-620
638,-620
637,-620
636,-620
635,-620
634,-621
633,-621
632,-621
631,-621
630,-621
629,-622
628,-622
627,-622
626,-622
625,-622
624,-622
623,-623
622,-623
621,-623
620,-623
619,-623
618,-623
617,-623
616,-623
615,-624
614,-624
613,-624
612,-625
611,-625
610,-625
609,-625
608,-625
607,-625
606,-625
605,-626
604,-626
603,-626
602,-626
601,-626
600,-626
599,-627
598,-627
597,-627
596,-627
595,-628
594,-628
593,-628
592,-628
591,-628
590,-628
589,-629
588,-629
587,-629
586,-630
585,-630
584,-630
583,-630
582,-630
581,-630
580,-630
579,-631
578,-631
577,-631
576,-631
575,-632
574,-632
573,-632
572,-632
571,-632
570,-632
569,-633
568,-633
567,-633
566,-633
565,-634
564,-634
563,-634
562,-634
561,-634
560,-635
559,-635
558,-636
557,-636
556,-636
555,-637
554,-637
553,-637
552,-637
551,-637
550,-638
549,-638
548,-638
547,-638
546,-639
545,-639
544,-639
543,-640
542,-640
541,-640
540,-641
539,-641
538,-641
537,-642
536,-642
535,-643
534,-643
533,-643
532,-644
531,-644
530,-644
529,-644
528,-644
527,-644
526,-644
525,-645
524,-645
523,-645
522,-646
521,-646
520,-646
519,-647
518,-647
517,-647
516,-647
515,-647
514,-648
513,-648
512,-649
511,-649
510,-649
509,-650
508,-651
507,-651
506,-651
505,-651
504,-651
503,-652
502,-652
501,-652
500,-652
499,-652
498,-653
497,-654
496,-654
495,-654
494,-654
493,-655
492,-655
491,-655
490,-655
489,-656
488,-656
487,-657
486,-657
485,-657
484,-658
483,-658
482,-658
481,-658
480,-658
479,-658
478,-658
477,-659
476,-659
475,-659
474,-660
473,-660
472,-660
471,-661
470,-661
469,-661
468,-662
467,-662
466,-662
465,-663
464,-663
463,-663
462,-664
461,-664
460,-664
459,-665
458,-665
457,-666
456,-666
455,-667
454,-667
453,-667
452,-668
451,-668
450,-669
449,-669
448,-670
447,-670
446,-671
445,-672
444,-672
443,-673
442,-674
441,-674
440,-675
439,-675
438,-676
437,-677
436,-678
435,-678
434,-679
433,-680
432,-680
