541,-766
541,-767
541,-768
541,-769
541,-770
542,-771
543,-772
544,-773
545,-774
546,-775
546,-776
547,-777
548,-777
549,-778
550,-779
550,-780
551,-780
552,-781
553,-781
554,-782
555,-783
556,-783
557,-783
558,-783
559,-783
560,-784
561,-785
562,-785
563,-786
564,-787
565,-787
566,-788
567,-788
568,-788
569,-788
570,-789
570,-790
571,-790
572,-790
573,-791
574,-792
575,-792
576,-792
577,-793
578,-794
579,-794
580,-794
581,-795
582,-795
583,-795
584,-795
585,-796
586,-797
587,-797
588,-797
589,-797
590,-798
591,-799
592,-799
593,-799
594,-799
595,-799
596,-800
597,-800
598,-800
599,-800
600,-801
601,-801
602,-802
603,-802
604,-803
605,-803
606,-803
607,-803
608,-803
609,-804
610,-804
611,-805
611,-806
612,-806
613,-806
614,-806
615,-807
616,-807
617,-807
618,-807
619,-808
620,-808
621,-809
622,-809
623,-809
624,-810
625,-810
626,-810
627,-810
628,-810
629,-811
630,-811
631,-811
632,-811
633,-811
634,-812
635,-812
636,-812
637,-812
638,-813
639,-813
640,-813
641,-813
642,-814
643,-814
644,-814
645,-814
646,-814
647,-815
648,-815
649,-815
650,-815
651,-815
652,-816
653,-816
654,-816
655,-816
656,-816
657,-816
658,-816
659,-817
660,-817
661,-817
662,-817
663,-817
664,-817
665,-817
666,-817
667,-817
668,-818
669,-818
670,-818
671,-818
672,-818
673,-818
674,-818
675,-818
676,-818
677,-818
678,-818
679,-818
680,-818
681,-818
682,-818
683,-818
684,-818
685,-818
686,-818
687,-818
688,-817
689,-817
690,-817
691,-817
692,-817
693,-817
694,-816
695,-816
696,-816
697,-816
698,-816
699,-815
700,-815
701,-815
702,-815
703,-815
704,-815
705,-815
706,-815
707,-815
708,-815
709,-815
710,-815
711,-815
712,-815
713,-815
714,-814
715,-814
716,-814
717,-814
718,-814
719,-813
720,-813
721,-813
722,-812
723,-812
724,-812
725,-812
726,-812
727,-812
728,-812
729,-812
730,-812
731,-812
732,-811
733,-811
734,-811
735,-811
736,-811
737,-811
738,-810
739,-810
740,-810
741,-810
742,-810
743,-809
744,-809
745,-809
746,-808
747,-808
748,-808
749,-808
750,-807
751,-807
752,-807
753,-806
754,-806
755,-805
756,-805
757,-804
758,-804
759,-804
760,-803
761,-803
762,-802
763,-802
764,-802
765,-801
766,-800
767,-800
768,-799
769,-799
770,-799
771,-798
772,-798
773,-798
773,-797
774,-796
775,-796
776,-796
777,-795
778,-795
779,-794
780,-794
781,-794
782,-794
782,-793
783,-792
784,-792
785,-792
786,-792
787,-791
788,-791
788,-790
789,-789
789,-788
790,-787
791,-787
792,-787
793,-787
794,-787
795,-786
796,-785
797,-785
797,-784
797,-783
798,-782
799,-782
800,-782
801,-781
802,-781
803,-781
804,-782
805,-782
806,-782
807,-782
808,-782
808,-781
809,-780
810,-780
811,-780
812,-780
813,-780
814,-780
815,-780
816,-779
816,-778
816,-777
817,-776
818,-776
818,-775
818,-774
818,-773
819,-772
820,-772
821,-772
822,-771
822,-770
822,-769
822,-768
822,-767
823,-766
824,-766
825,-766
826,-766
827,-765
827,-764
827,-763
828,-762
829,-762
829,-761
830,-760
831,-759
832,-759
833,-758
834,-757
835,-757
836,-757
837,-756
838,-756
839,-756
840,-756
841,-755
842,-755
843,-755
844,-755
845,-754
846,-754
847,-754
848,-754
849,-754
850,-754
851,-754
852,-754
853,-753
854,-752
855,-751
856,-751
857,-751
858,-751
859,-751
860,-751
861,-750
862,-750
863,-750
864,-750
865,-750
866,-749
867,-749
868,-749
869,-749
870,-749
871,-749
872,-748
873,-748
874,-748
875,-748
876,-748
877,-748
878,-748
879,-748
880,-748
881,-747
882,-747
883,-747
884,-747
885,-747
886,-748
887,-748
888,-748
889,-748
890,-748
891,-748
892,-748
893,-748
894,-748
895,-748
896,-748
897,-748
898,-748
899,-748
900,-748
901,-748
902,-748
903,-748
904,-748
905,-748
906,-748
907,-748
908,-748
909,-748
910,-748
911,-748
912,-748
913,-748
914,-748
915,-749
916,-750
917,-750
918,-750
919,-750
920,-750
921,-750
922,-750
923,-750
924,-750
925,-750
926,-750
927,-750
928,-750
929,-750
930,-750
931,-750
932,-750
933,-750
934,-750
935,-750
936,-750
937,-750
938,-751
939,-751
940,-751
941,-751
942,-751
943,-751
944,-752
945,-752
946,-752
947,-752
948,-752
949,-751
950,-751
951,-751
952,-751
953,-751
954,-752
955,-752
956,-752
957,-752
958,-752
959,-752
960,-752
960,-751
960,-750
960,-749
960,-748
960,-747
959,-746
958,-746
957,-745
956,-744
956,-743
955,-742
954,-742
953,-741
953,-740
952,-739
952,-738
952,-737
951,-736
950,-735
949,-734
948,-734
947,-734
946,-734
945,-734
944,-734
943,-734
942,-735
941,-735
940,-735
939,-735
938,-735
937,-734
936,-734
935,-734
934,-734
933,-734
932,-734
931,-734
930,-734
929,-733
928,-733
927,-733
926,-733
925,-733
924,-733
923,-733
922,-733
921,-733
920,-733
919,-733
918,-733
917,-732
917,-731
916,-731
915,-731
914,-731
913,-731
912,-731
911,-731
910,-731
909,-731
908,-731
907,-731
906,-731
905,-731
904,-731
903,-731
902,-731
901,-731
900,-731
899,-731
898,-731
897,-731
896,-731
895,-731
894,-731
893,-731
892,-731
891,-731
890,-731
889,-731
888,-731
887,-730
886,-729
886,-728
886,-727
887,-726
888,-726
889,-726
890,-726
891,-726
892,-726
892,-725
892,-724
892,-723
892,-722
891,-721
890,-721
889,-721
888,-721
887,-721
886,-721
885,-721
884,-721
883,-721
882,-721
881,-721
880,-721
879,-721
878,-721
877,-721
876,-721
875,-721
874,-721
873,-720
872,-720
871,-720
870,-720
869,-720
868,-720
867,-720
866,-720
865,-720
864,-720
863,-720
862,-720
861,-720
860,-720
859,-720
858,-720
857,-720
856,-720
855,-720
854,-719
853,-719
852,-719
851,-719
850,-719
849,-719
848,-719
847,-719
846,-719
845,-719
844,-719
843,-719
842,-719
841,-719
840,-719
839,-719
838,-718
837,-718
836,-718
835,-718
834,-718
833,-718
832,-718
831,-718
830,-718
829,-717
828,-717
827,-717
826,-717
825,-717
824,-716
823,-716
822,-715
821,-715
820,-715
819,-715
818,-715
817,-714
816,-714
815,-714
814,-713
813,-713
812,-713
811,-712
810,-712
809,-711
808,-710
807,-710
806,-709
805,-709
804,-708
803,-707
802,-707
801,-706
800,-706
799,-705
798,-705
797,-704
796,-703
795,-702
794,-701
793,-701
792,-700
791,-700
790,-699
789,-699
788,-698
787,-698
786,-698
785,-697
784,-697
783,-697
782,-696
781,-695
780,-695
779,-695
778,-695
777,-694
776,-694
775,-693
774,-693
773,-692
772,-692
771,-692
770,-691
769,-691
768,-690
767,-690
766,-690
765,-690
764,-689
763,-689
762,-688
761,-688
760,-688
759,-688
758,-687
757,-687
756,-687
755,-686
754,-686
753,-686
752,-686
751,-686
750,-686
749,-686
748,-685
747,-685
746,-685
745,-685
744,-685
743,-685
742,-684
741,-684
740,-684
739,-684
738,-684
737,-684
736,-684
735,-683
734,-683
733,-683
732,-683
731,-683
730,-683
729,-683
728,-683
727,-683
726,-683
725,-683
724,-683
723,-683
722,-683
721,-683
720,-683
719,-684
718,-684
717,-684
716,-684
715,-684
714,-684
713,-684
712,-684
711,-684
710,-684
709,-684
708,-684
707,-684
706,-684
705,-684
704,-684
703,-684
702,-684
701,-684
700,-684
699,-684
698,-684
697,-684
696,-685
695,-685
694,-685
693,-685
692,-685
691,-685
690,-685
689,-686
688,-686
687,-686
686,-686
685,-686
684,-686
683,-687
682,-687
681,-687
680,-687
679,-687
678,-688
677,-688
676,-688
675,-688
674,-689
673,-689
672,-689
671,-689
670,-690
669,-690
668,-690
667,-690
666,-690
665,-691
664,-691
663,-692
662,-693
661,-693
660,-693
659,-694
658,-694
657,-695
656,-695
655,-695
654,-695
653,-695
652,-696
651,-696
650,-697
649,-697
648,-698
647,-698
646,-698
645,-699
644,-699
643,-700
642,-700
641,-701
640,-701
639,-702
638,-702
637,-702
636,-703
635,-703
634,-704
633,-704
632,-705
631,-705
630,-706
629,-706
628,-707
627,-707
626,-708
625,-709
624,-710
623,-710
622,-710
621,-711
620,-711
619,-712
618,-712
617,-713
616,-713
615,-714
614,-714
613,-715
612,-715
611,-716
610,-716
609,-717
608,-717
608,-718
607,-719
606,-719
605,-719
604,-720
603,-720
602,-721
601,-721
600,-722
599,-722
598,-723
597,-724
596,-724
595,-725
594,-726
593,-726
592,-727
591,-727
590,-728
589,-729
588,-730
587,-730
586,-731
585,-732
584,-732
584,-733
583,-734
582,-734
581,-735
580,-735
579,-736
578,-737
577,-737
576,-738
575,-738
574,-739
573,-740
572,-740
571,-741
570,-742
569,-743
568,-744
567,-744
566,-745
565,-746
564,-746
563,-747
562,-748
561,-748
560,-749
559,-750
558,-750
557,-751
556,-752
555,-753
554,-753
553,-754
552,-755
551,-755
550,-756
549,-756
548,-757
547,-758
546,-759
545,-760
544,-761
543,-761
542,-762
542,-763
542,-764
542,-765
541,-766
