423,-738
423,-739
423,-740
423,-741
423,-742
423,-743
424,-744
424,-745
424,-746
424,-747
424,-748
424,-749
424,-750
424,-751
425,-752
426,-753
426,-754
426,-755
426,-756
426,-757
426,-758
427,-759
428,-760
429,-760
430,-761
430,-762
430,-763
430,-764
431,-765
432,-765
433,-765
434,-765
435,-765
436,-766
437,-766
438,-766
439,-766
440,-766
441,-767
442,-768
442,-769
442,-770
442,-771
443,-772
444,-772
445,-773
446,-773
447,-773
448,-773
449,-773
450,-774
451,-774
452,-775
453,-775
454,-776
455,-776
456,-777
457,-777
458,-778
459,-779
460,-779
461,-779
462,-780
463,-780
464,-780
465,-781
466,-781
467,-782
468,-782
469,-782
470,-782
471,-782
472,-782
473,-782
474,-782
475,-782
476,-782
477,-782
478,-783
479,-783
480,-784
481,-784
482,-785
483,-785
484,-786
485,-787
486,-787
487,-787
488,-788
489,-788
490,-788
491,-789
492,-790
493,-790
494,-791
495,-792
496,-792
497,-792
498,-793
499,-794
500,-794
501,-795
502,-795
503,-796
504,-797
505,-797
506,-798
507,-799
508,-799
509,-799
510,-800
511,-800
512,-801
513,-801
514,-802
515,-803
516,-803
517,-803
518,-804
519,-804
520,-805
521,-805
522,-806
523,-806
524,-807
524,-808
525,-809
526,-809
527,-809
528,-810
529,-810
530,-811
531,-811
532,-812
533,-812
534,-813
535,-813
536,-814
537,-814
538,-815
539,-816
540,-816
541,-816
542,-817
543,-817
544,-818
545,-819
546,-820
547,-820
548,-820
549,-821
550,-822
551,-822
552,-822
553,-823
554,-824
555,-824
556,-824
557,-824
558,-825
559,-825
560,-826
561,-826
562,-827
563,-827
564,-827
565,-828
566,-828
567,-828
568,-828
569,-828
570,-829
570,-830
571,-830
572,-830
573,-830
574,-831
575,-832
576,-832
577,-833
578,-833
579,-834
579,-835
580,-835
581,-835
582,-836
583,-836
584,-836
585,-837
586,-837
587,-838
588,-839
588,-840
589,-840
590,-841
590,-842
591,-842
592,-842
593,-842
594,-842
595,-842
596,-842
597,-842
598,-842
599,-843
600,-843
601,-843
602,-843
603,-844
603,-845
604,-845
605,-845
606,-845
607,-846
608,-846
609,-846
610,-846
611,-847
612,-847
613,-848
614,-848
615,-849
616,-849
617,-849
618,-850
619,-850
620,-850
621,-850
622,-851
623,-851
624,-851
625,-851
626,-851
627,-851
628,-851
629,-852
630,-852
631,-852
632,-852
633,-852
634,-852
635,-853
636,-853
637,-853
638,-853
639,-853
640,-854
641,-854
642,-854
643,-854
644,-855
645,-855
646,-855
647,-856
648,-856
649,-856
650,-856
651,-856
652,-857
653,-857
654,-857
655,-857
656,-857
657,-858
658,-858
659,-858
660,-858
661,-858
662,-859
663,-859
664,-859
665,-859
666,-859
667,-859
668,-860
669,-860
670,-860
671,-860
672,-860
673,-860
674,-860
675,-860
676,-861
677,-861
678,-861
679,-861
680,-861
681,-861
682,-861
683,-861
684,-861
685,-861
686,-862
687,-862
688,-862
689,-862
690,-862
691,-862
692,-862
693,-862
694,-862
695,-862
696,-862
697,-862
698,-862
699,-862
700,-862
701,-862
702,-862
703,-863
704,-863
705,-863
706,-863
707,-863
708,-862
709,-862
710,-862
711,-862
712,-862
713,-862
714,-862
715,-862
716,-862
717,-862
718,-862
719,-862
720,-862
721,-862
722,-862
723,-862
724,-862
725,-862
726,-862
727,-862
728,-862
729,-862
730,-862
731,-862
732,-862
733,-862
734,-862
735,-862
736,-862
737,-862
738,-862
739,-861
740,-861
741,-861
742,-861
743,-861
744,-861
745,-861
746,-861
747,-860
748,-860
749,-860
750,-860
751,-860
752,-860
753,-860
754,-859
755,-859
756,-859
757,-859
758,-859
759,-859
760,-859
761,-858
762,-858
763,-858
764,-857
765,-857
766,-857
767,-857
768,-857
769,-856
770,-856
771,-856
772,-856
773,-856
774,-856
775,-855
776,-855
777,-855
778,-855
779,-855
780,-855
781,-855
782,-854
783,-854
784,-853
785,-853
786,-853
787,-853
788,-853
789,-853
790,-852
791,-852
792,-852
793,-851
794,-851
795,-851
796,-851
797,-851
798,-850
799,-850
800,-849
801,-849
802,-848
803,-848
804,-847
805,-847
806,-847
807,-847
808,-847
809,-846
810,-846
811,-846
812,-845
813,-845
814,-844
815,-844
816,-843
817,-843
818,-842
819,-842
820,-841
821,-841
822,-841
823,-840
824,-840
825,-839
826,-839
827,-838
828,-838
829,-838
830,-837
831,-836
832,-835
833,-835
834,-834
835,-834
836,-833
837,-833
838,-833
839,-833
840,-833
841,-832
842,-831
843,-831
844,-831
845,-830
846,-829
847,-829
848,-828
849,-827
850,-827
851,-826
852,-826
853,-825
854,-825
855,-825
855,-824
856,-823
857,-823
858,-823
858,-822
859,-821
860,-820
861,-819
862,-819
863,-819
863,-818
864,-817
865,-817
865,-816
866,-815
867,-815
868,-814
869,-813
870,-813
871,-812
872,-811
873,-811
873,-810
873,-809
873,-808
873,-807
873,-806
874,-805
875,-805
876,-805
877,-805
877,-804
877,-803
877,-802
877,-801
878,-800
879,-800
880,-800
881,-800
882,-800
883,-800
884,-800
884,-799
884,-798
885,-797
885,-796
886,-795
886,-794
887,-793
888,-793
889,-792
890,-792
890,-791
891,-790
892,-789
893,-789
893,-788
894,-787
895,-787
896,-786
896,-785
897,-784
898,-784
899,-783
900,-782
901,-782
902,-781
903,-781
904,-781
905,-781
906,-780
907,-780
908,-780
908,-779
909,-778
910,-777
911,-777
912,-776
912,-775
913,-774
914,-774
915,-773
916,-772
917,-772
918,-772
919,-772
920,-773
921,-773
922,-773
923,-773
924,-773
925,-773
926,-773
927,-772
928,-772
929,-772
930,-772
931,-772
931,-771
932,-770
933,-770
933,-769
933,-768
933,-767
933,-766
934,-765
935,-765
936,-765
937,-765
938,-764
939,-764
940,-764
941,-764
942,-763
943,-763
944,-763
945,-762
946,-762
947,-762
948,-762
949,-762
950,-762
951,-762
952,-762
953,-762
954,-762
955,-762
956,-762
957,-762
958,-761
959,-761
960,-761
961,-761
962,-761
963,-761
964,-761
965,-761
966,-761
967,-761
968,-761
969,-761
970,-761
971,-761
972,-761
973,-760
974,-760
975,-760
976,-760
977,-760
978,-760
979,-760
980,-760
981,-760
982,-760
983,-760
984,-760
985,-759
986,-759
987,-759
988,-759
989,-759
990,-759
991,-759
992,-759
993,-759
994,-758
995,-758
996,-758
997,-758
998,-758
999,-758
1000,-758
1001,-758
1002,-758
1003,-758
1004,-758
1005,-758
1006,-758
1007,-758
1008,-758
1009,-758
1010,-758
1011,-758
1012,-758
1013,-757
1014,-757
1015,-757
1016,-757
1017,-757
1018,-757
1019,-757
1020,-757
1021,-756
1022,-756
1023,-756
1024,-756
1025,-756
1026,-756
1027,-756
1028,-756
1029,-756
1030,-756
1031,-756
1032,-756
1033,-756
1034,-756
1035,-756
1036,-755
1037,-755
1038,-755
1039,-755
1040,-755
1041,-755
1042,-755
1043,-755
1044,-755
1045,-755
1046,-755
1047,-755
1048,-755
1049,-755
1050,-755
1051,-755
1052,-755
1053,-755
1054,-755
1055,-755
1056,-755
1057,-755
1058,-755
1059,-755
1060,-755
1061,-755
1062,-754
1063,-754
1064,-754
1065,-754
1066,-753
1067,-753
1068,-753
1069,-753
1070,-753
1071,-753
1072,-753
1073,-753
1074,-752
1074,-751
1074,-750
1074,-749
1074,-748
1074,-747
1074,-746
1075,-745
1076,-745
1077,-745
1078,-745
1079,-745
1079,-744
1079,-743
1079,-742
1079,-741
1079,-740
1079,-739
1079,-738
1079,-737
1078,-737
1077,-737
1076,-737
1075,-737
1074,-737
1073,-736
1073,-735
1073,-734
1072,-733
1072,-732
1071,-731
1071,-730
1071,-729
1071,-728
1071,-727
1071,-726
1071,-725
1071,-724
1071,-723
1071,-722
1071,-721
1071,-720
1071,-719
1071,-718
1071,-717
1071,-716
1071,-715
1071,-714
1071,-713
1071,-712
1071,-711
1071,-710
1071,-709
1071,-708
1071,-707
1070,-707
1069,-707
1068,-707
1067,-707
1066,-707
1065,-707
1064,-707
1063,-707
1062,-707
1061,-707
1060,-707
1059,-707
1058,-707
1057,-708
1056,-708
1055,-708
1054,-708
1053,-708
1052,-708
1051,-708
1050,-708
1049,-709
1048,-709
1047,-710
1046,-710
1045,-710
1044,-710
1043,-710
1042,-710
1041,-710
1040,-710
1039,-710
1038,-710
1037,-711
1036,-711
1035,-711
1034,-711
1033,-711
1032,-711
1031,-712
1030,-712
1029,-712
1028,-712
1027,-712
1026,-712
1025,-712
1024,-713
1023,-713
1022,-713
1021,-713
1020,-713
1019,-714
1018,-714
1017,-714
1016,-714
1015,-714
1015,-715
1015,-716
1014,-717
1013,-718
1012,-718
1011,-718
1010,-718
1009,-719
1008,-719
1007,-719
1006,-718
1005,-718
1004,-717
1004,-716
1003,-716
1002,-716
1001,-716
1000,-716
999,-716
998,-716
997,-716
996,-716
995,-716
994,-716
993,-716
992,-716
991,-716
990,-717
989,-717
988,-717
987,-717
986,-717
985,-717
984,-717
983,-717
982,-717
981,-717
980,-717
979,-717
978,-718
977,-718
976,-718
975,-718
974,-718
973,-718
972,-718
971,-718
970,-718
969,-718
968,-718
967,-718
966,-718
965,-718
964,-719
963,-719
962,-719
961,-719
960,-719
959,-719
958,-719
957,-719
956,-719
955,-719
954,-719
953,-718
952,-718
951,-718
950,-718
949,-718
948,-718
947,-718
946,-718
945,-718
944,-718
943,-718
942,-718
941,-717
940,-717
939,-717
938,-717
937,-717
936,-717
935,-717
934,-717
933,-717
932,-717
931,-717
930,-717
929,-717
928,-716
927,-716
926,-716
925,-716
924,-716
923,-715
922,-715
921,-715
920,-714
919,-714
918,-714
917,-713
916,-713
915,-712
914,-711
913,-710
912,-710
911,-709
910,-709
909,-708
908,-708
907,-708
906,-708
905,-708
904,-708
903,-707
902,-706
901,-705
900,-705
899,-705
898,-704
897,-704
896,-703
895,-703
894,-703
893,-703
892,-702
891,-702
890,-701
889,-701
888,-700
887,-699
886,-699
885,-699
884,-698
883,-698
882,-697
881,-696
880,-696
879,-696
878,-695
877,-695
876,-695
875,-694
874,-694
873,-693
872,-692
871,-692
870,-692
869,-691
868,-691
867,-690
866,-689
865,-688
864,-688
863,-687
862,-687
861,-686
860,-685
859,-684
858,-684
857,-683
856,-683
855,-682
854,-681
853,-680
852,-680
851,-679
850,-679
849,-678
848,-678
847,-677
846,-676
845,-676
844,-675
843,-675
842,-674
842,-673
841,-673
840,-672
839,-672
838,-672
837,-671
836,-670
836,-669
835,-669
834,-669
833,-668
832,-667
831,-666
830,-666
829,-666
828,-666
827,-665
826,-665
825,-664
824,-663
823,-663
822,-662
821,-662
820,-662
819,-661
818,-661
817,-660
816,-660
815,-659
814,-659
813,-659
812,-658
811,-658
810,-658
809,-658
808,-657
807,-656
806,-656
805,-655
804,-655
803,-655
802,-655
801,-655
800,-655
799,-654
798,-654
797,-654
796,-653
795,-653
794,-653
793,-653
792,-653
791,-652
791,-651
790,-651
789,-651
788,-651
787,-650
786,-650
785,-650
784,-650
783,-650
782,-650
781,-649
780,-648
779,-648
778,-648
777,-648
776,-648
775,-647
774,-647
773,-647
772,-647
771,-646
770,-646
769,-646
768,-645
767,-645
766,-645
765,-645
764,-644
763,-644
762,-644
761,-643
760,-643
759,-643
758,-643
757,-643
756,-643
755,-643
754,-643
753,-642
752,-642
751,-642
750,-642
749,-642
748,-642
747,-642
746,-641
745,-641
744,-641
743,-641
742,-641
741,-641
740,-641
739,-641
738,-641
737,-641
736,-641
735,-641
734,-641
733,-640
732,-640
731,-640
730,-640
729,-640
728,-640
727,-640
726,-640
725,-640
724,-640
723,-640
722,-640
721,-639
720,-639
719,-639
718,-639
717,-639
716,-639
715,-639
714,-639
713,-639
712,-639
711,-639
710,-639
709,-639
708,-639
707,-639
706,-639
705,-639
704,-639
703,-639
702,-639
701,-639
700,-639
699,-639
698,-639
697,-639
696,-638
695,-638
694,-638
693,-638
692,-638
691,-638
690,-638
689,-638
688,-638
687,-638
686,-638
685,-638
684,-638
683,-638
682,-639
681,-639
680,-639
679,-639
678,-639
677,-639
676,-639
675,-639
674,-639
673,-639
672,-639
671,-639
670,-639
669,-639
668,-639
667,-639
666,-639
665,-639
664,-639
663,-640
662,-640
661,-640
660,-640
659,-640
658,-640
657,-640
656,-640
655,-640
654,-640
653,-641
652,-641
651,-641
650,-641
649,-641
648,-641
647,-641
646,-641
645,-642
644,-642
643,-642
642,-642
641,-642
640,-642
639,-643
638,-643
637,-643
636,-643
635,-643
634,-643
633,-643
632,-644
631,-644
630,-645
629,-645
628,-645
627,-645
626,-646
625,-646
624,-646
623,-646
622,-646
621,-647
620,-647
619,-648
618,-648
617,-648
616,-648
615,-648
614,-648
613,-649
612,-649
611,-649
610,-650
609,-650
608,-650
607,-650
606,-650
605,-650
604,-651
603,-651
602,-651
601,-651
600,-652
599,-653
598,-653
597,-654
596,-654
595,-654
594,-654
593,-655
592,-655
591,-655
590,-655
589,-656
588,-656
587,-657
586,-657
585,-657
584,-657
583,-658
582,-658
581,-658
580,-659
579,-659
578,-659
577,-660
576,-660
575,-661
574,-661
573,-661
572,-662
571,-662
570,-663
569,-664
568,-664
567,-664
566,-664
565,-665
564,-666
563,-666
562,-667
561,-667
560,-667
559,-668
558,-668
557,-668
556,-669
555,-669
554,-670
553,-670
552,-671
551,-671
550,-671
549,-672
548,-673
547,-673
546,-674
545,-674
544,-675
543,-675
542,-675
542,-676
542,-677
541,-678
540,-678
539,-678
538,-678
537,-678
536,-678
535,-679
534,-680
533,-680
532,-681
532,-682
531,-683
530,-683
529,-683
528,-683
527,-683
526,-684
525,-685
524,-686
523,-686
522,-686
521,-687
520,-687
519,-687
518,-688
517,-688
516,-689
515,-689
514,-690
513,-690
512,-691
511,-691
510,-691
509,-692
508,-693
507,-693
506,-693
505,-694
504,-694
503,-694
502,-695
501,-696
500,-696
499,-697
498,-698
497,-698
496,-698
495,-699
494,-699
493,-700
492,-700
491,-701
490,-701
489,-702
488,-702
487,-703
486,-703
485,-703
484,-703
483,-704
482,-705
481,-705
480,-706
479,-707
478,-707
477,-707
476,-707
475,-708
474,-709
473,-709
472,-710
471,-710
470,-711
469,-711
468,-712
467,-712
466,-713
465,-713
464,-713
463,-714
462,-715
461,-716
460,-716
459,-717
458,-717
457,-718
456,-719
455,-720
454,-720
453,-720
452,-721
451,-721
450,-722
449,-722
448,-723
447,-723
446,-724
445,-724
444,-725
443,-725
442,-726
441,-726
440,-727
439,-727
438,-728
437,-728
436,-729
435,-729
434,-730
433,-730
432,-731
431,-731
430,-732
429,-733
428,-733
427,-734
426,-735
425,-736
424,-737
423,-738
