571,-547
571,-548
571,-549
571,-550
571,-551
571,-552
571,-553
571,-554
571,-555
571,-556
572,-556
573,-557
574,-558
574,-559
575,-559
576,-559
577,-560
578,-560
579,-560
580,-561
581,-562
581,-563
581,-564
581,-565
582,-566
582,-567
582,-568
583,-569
583,-570
584,-570
585,-571
585,-572
586,-573
586,-574
586,-575
587,-575
588,-576
588,-577
588,-578
587,-579
586,-579
586,-580
586,-581
586,-582
586,-583
587,-584
588,-584
589,-585
590,-585
591,-586
592,-586
593,-587
593,-588
594,-589
594,-590
594,-591
595,-592
596,-593
596,-594
596,-595
597,-596
598,-596
599,-597
599,-598
599,-599
600,-600
601,-601
602,-602
602,-603
602,-604
602,-605
603,-605
604,-606
605,-607
605,-608
605,-609
605,-610
606,-610
607,-611
608,-612
608,-613
609,-614
609,-615
610,-616
610,-617
611,-618
612,-618
613,-619
613,-620
614,-621
615,-622
616,-623
616,-624
617,-625
617,-626
618,-626
619,-627
619,-628
619,-629
620,-630
621,-630
622,-631
623,-632
623,-633
624,-634
625,-635
626,-636
626,-637
627,-637
628,-638
628,-639
628,-640
629,-640
630,-641
630,-642
630,-643
631,-643
632,-644
633,-645
634,-646
634,-647
635,-647
636,-648
636,-649
636,-650
637,-651
638,-652
639,-653
640,-654
641,-655
642,-656
643,-657
643,-658
643,-659
644,-660
645,-660
646,-661
646,-662
647,-663
647,-664
648,-664
649,-665
650,-666
651,-667
651,-668
652,-669
652,-670
653,-671
654,-672
655,-673
655,-674
656,-674
657,-675
658,-676
658,-677
658,-678
659,-678
660,-679
661,-680
661,-681
662,-682
662,-683
663,-684
664,-685
665,-686
665,-687
665,-688
666,-689
667,-689
668,-690
669,-691
670,-692
670,-693
670,-694
670,-695
671,-695
672,-695
673,-696
673,-697
673,-698
673,-699
673,-700
673,-701
673,-702
672,-703
672,-704
672,-705
672,-706
672,-707
673,-707
674,-707
675,-707
676,-707
677,-707
678,-708
679,-708
680,-708
681,-709
681,-710
681,-711
681,-712
681,-713
682,-713
683,-713
684,-713
685,-714
686,-715
687,-716
687,-717
688,-717
689,-718
690,-719
690,-720
691,-721
691,-722
692,-723
692,-724
693,-724
694,-725
695,-725
696,-726
696,-727
697,-728
697,-729
697,-730
698,-730
699,-731
700,-732
700,-733
701,-733
702,-734
702,-735
703,-736
704,-737
705,-738
705,-739
706,-740
707,-741
707,-742
707,-743
708,-744
708,-745
708,-746
709,-747
709,-748
710,-749
710,-750
710,-751
710,-752
711,-753
711,-754
711,-755
711,-756
711,-757
711,-758
712,-759
712,-760
712,-761
712,-762
712,-763
713,-764
713,-765
713,-766
713,-767
713,-768
714,-769
714,-770
714,-771
714,-772
715,-772
716,-772
717,-772
718,-772
719,-772
720,-772
721,-773
721,-774
721,-775
721,-776
721,-777
721,-778
721,-779
721,-780
721,-781
722,-781
723,-781
724,-782
724,-783
724,-784
723,-785
722,-786
722,-787
722,-788
722,-789
722,-790
721,-791
721,-792
721,-793
721,-794
720,-795
720,-796
720,-797
719,-798
719,-799
719,-800
718,-801
718,-802
718,-803
718,-804
718,-805
718,-806
718,-807
718,-808
717,-809
717,-810
717,-811
717,-812
717,-813
717,-814
717,-815
717,-816
717,-817
717,-818
718,-819
718,-820
718,-821
718,-822
718,-823
718,-824
719,-825
719,-826
720,-827
720,-828
720,-829
720,-830
721,-831
721,-832
721,-833
722,-834
723,-835
723,-836
724,-837
724,-838
725,-839
725,-840
726,-841
726,-842
727,-843
728,-844
728,-845
729,-846
730,-847
730,-848
731,-849
732,-850
732,-851
733,-852
733,-853
734,-854
734,-855
735,-856
736,-857
737,-858
737,-859
738,-860
739,-861
740,-862
741,-862
742,-863
742,-864
742,-865
743,-866
744,-867
745,-868
746,-869
747,-870
748,-871
748,-872
749,-873
750,-873
751,-874
752,-875
753,-876
753,-877
754,-877
755,-878
755,-879
755,-880
755,-881
756,-882
757,-882
758,-883
759,-884
760,-884
761,-885
761,-886
762,-887
763,-888
763,-889
764,-890
765,-890
766,-890
767,-891
768,-892
769,-893
770,-893
771,-894
771,-895
771,-896
772,-897
773,-898
774,-899
775,-899
776,-900
777,-900
778,-901
779,-902
780,-903
781,-903
782,-903
783,-904
783,-905
784,-906
785,-906
786,-906
787,-907
788,-908
789,-908
790,-909
791,-909
792,-910
793,-911
794,-912
795,-912
796,-913
797,-913
798,-914
799,-915
800,-915
801,-916
802,-916
803,-917
804,-917
805,-917
806,-918
806,-919
807,-919
808,-919
809,-920
810,-920
811,-920
812,-921
813,-922
814,-923
815,-923
816,-924
817,-924
818,-925
819,-925
820,-925
821,-926
822,-927
823,-927
824,-928
825,-928
826,-929
827,-930
828,-930
829,-930
830,-931
831,-932
832,-932
833,-933
834,-933
835,-934
836,-935
837,-935
838,-936
839,-937
840,-938
841,-939
842,-939
843,-940
844,-941
845,-942
846,-942
847,-942
848,-942
849,-942
850,-943
851,-944
851,-945
852,-945
853,-945
854,-946
855,-946
856,-947
857,-947
858,-948
859,-948
860,-949
861,-949
862,-949
863,-950
863,-951
864,-951
865,-951
866,-952
867,-952
868,-953
869,-953
870,-954
871,-954
872,-955
873,-955
874,-956
875,-957
876,-957
877,-958
878,-958
879,-958
880,-959
881,-960
882,-960
883,-961
884,-961
885,-961
886,-962
887,-962
888,-962
889,-962
890,-963
891,-964
892,-964
893,-964
894,-964
895,-965
896,-965
897,-966
897,-967
898,-967
899,-967
900,-968
901,-968
902,-968
903,-968
904,-969
905,-970
906,-971
907,-971
908,-971
909,-971
910,-972
911,-972
912,-973
913,-974
914,-974
915,-974
916,-974
917,-974
918,-974
919,-974
920,-974
921,-975
922,-975
923,-975
924,-975
925,-975
926,-975
927,-975
928,-974
929,-974
930,-973
930,-972
930,-971
930,-970
931,-969
931,-968
931,-967
931,-966
931,-965
931,-964
931,-963
931,-962
931,-961
931,-960
931,-959
931,-958
931,-957
931,-956
931,-955
931,-954
931,-953
931,-952
931,-951
931,-950
931,-949
931,-948
931,-947
931,-946
931,-945
931,-944
931,-943
930,-942
930,-941
930,-940
930,-939
930,-938
930,-937
929,-936
929,-935
929,-934
929,-933
929,-932
928,-931
928,-930
928,-929
928,-928
928,-927
928,-926
927,-925
927,-924
927,-923
927,-922
927,-921
927,-920
927,-919
926,-918
926,-917
925,-916
925,-915
925,-914
925,-913
925,-912
925,-911
925,-910
924,-909
924,-908
924,-907
924,-906
924,-905
924,-904
923,-903
923,-902
923,-901
923,-900
923,-899
922,-898
922,-897
922,-896
922,-895
922,-894
922,-893
921,-892
921,-891
921,-890
920,-889
920,-888
920,-887
919,-886
919,-885
919,-884
919,-883
918,-882
918,-881
918,-880
917,-879
917,-878
917,-877
917,-876
916,-875
916,-874
916,-873
916,-872
916,-871
915,-870
915,-869
914,-868
913,-867
913,-866
913,-865
913,-864
913,-863
912,-862
912,-861
912,-860
911,-859
911,-858
911,-857
910,-856
910,-855
910,-854
909,-853
909,-852
908,-851
908,-850
908,-849
908,-848
907,-847
907,-846
907,-845
907,-844
906,-843
906,-842
905,-841
905,-840
904,-839
904,-838
904,-837
904,-836
903,-835
903,-834
903,-833
903,-832
902,-831
902,-830
902,-829
901,-828
901,-827
901,-826
900,-825
900,-824
900,-823
899,-822
899,-821
899,-820
898,-819
897,-818
897,-817
897,-816
896,-815
895,-814
895,-813
894,-812
893,-811
893,-810
892,-809
892,-808
891,-807
891,-806
890,-805
890,-804
889,-803
889,-802
888,-801
888,-800
887,-799
887,-798
886,-797
886,-796
885,-795
885,-794
884,-793
883,-792
883,-791
883,-790
882,-789
881,-788
880,-787
880,-786
879,-785
879,-784
879,-783
878,-782
877,-781
876,-780
876,-779
876,-778
875,-777
874,-776
874,-775
873,-775
872,-774
872,-773
871,-772
871,-771
870,-770
869,-769
868,-768
867,-767
867,-766
866,-765
865,-764
864,-763
864,-762
863,-761
862,-760
862,-759
861,-758
860,-757
859,-756
859,-755
858,-754
857,-753
857,-752
856,-751
855,-750
854,-749
853,-748
852,-747
851,-746
850,-745
849,-744
848,-743
847,-742
846,-741
845,-740
844,-739
843,-738
842,-737
841,-736
840,-735
839,-734
838,-733
837,-732
836,-731
835,-730
834,-729
833,-728
832,-727
831,-726
830,-725
829,-725
828,-724
828,-723
827,-722
826,-722
825,-721
824,-720
823,-719
822,-718
821,-717
821,-716
820,-716
819,-715
818,-715
817,-714
816,-713
815,-712
814,-711
813,-711
812,-710
811,-709
810,-708
809,-707
808,-707
807,-706
806,-706
805,-705
804,-704
803,-703
802,-703
801,-702
800,-701
799,-701
798,-700
797,-699
796,-699
795,-698
794,-698
793,-697
792,-696
791,-696
790,-695
789,-695
788,-695
787,-694
786,-694
785,-693
784,-693
783,-693
782,-692
781,-692
780,-691
779,-691
778,-691
777,-690
776,-690
775,-690
774,-690
773,-689
772,-689
771,-689
770,-688
769,-688
768,-688
767,-688
766,-688
765,-687
764,-687
763,-687
762,-687
761,-687
760,-687
759,-686
758,-686
757,-686
756,-686
755,-685
754,-685
753,-685
752,-684
751,-684
750,-684
749,-684
748,-684
747,-684
746,-684
745,-683
744,-683
743,-683
742,-683
741,-683
740,-683
739,-682
738,-682
737,-682
736,-682
735,-681
734,-681
733,-681
732,-681
731,-680
730,-680
729,-680
728,-680
727,-679
726,-679
725,-678
724,-678
723,-678
722,-678
721,-677
720,-677
719,-676
718,-676
717,-675
716,-674
715,-674
714,-673
713,-673
712,-672
712,-671
711,-671
710,-670
709,-669
708,-668
707,-668
706,-667
705,-666
704,-665
703,-664
702,-663
701,-663
700,-662
699,-661
698,-660
697,-660
696,-659
696,-658
695,-658
694,-657
693,-656
692,-655
691,-654
690,-653
689,-652
688,-651
687,-650
686,-649
685,-648
684,-647
683,-646
682,-646
681,-645
680,-644
679,-643
678,-642
677,-641
676,-640
675,-639
674,-638
673,-637
672,-636
671,-635
670,-634
669,-633
669,-632
668,-631
667,-630
666,-629
665,-628
664,-627
663,-626
662,-625
662,-624
661,-623
660,-622
659,-621
658,-620
658,-619
657,-618
656,-617
655,-616
654,-615
654,-614
653,-613
652,-612
651,-611
650,-610
650,-609
649,-608
648,-607
647,-606
646,-605
646,-604
645,-603
644,-602
643,-601
643,-600
642,-599
641,-598
641,-597
640,-596
640,-595
639,-594
638,-593
637,-592
637,-591
636,-590
635,-589
634,-588
634,-587
633,-586
632,-585
632,-584
631,-583
631,-582
630,-581
629,-580
628,-579
628,-578
627,-577
626,-576
626,-575
626,-574
625,-573
624,-572
623,-571
622,-570
622,-569
622,-568
621,-567
620,-566
620,-565
619,-564
618,-563
618,-562
617,-561
617,-560
616,-559
615,-558
615,-557
615,-556
614,-555
614,-554
613,-553
612,-552
611,-551
610,-550
609,-549
608,-548
607,-547
606,-546
605,-545
604,-545
603,-545
602,-545
601,-545
600,-545
599,-544
599,-543
598,-542
598,-541
598,-540
598,-539
598,-538
597,-537
597,-536
597,-535
597,-534
596,-533
596,-532
596,-531
595,-531
594,-530
594,-529
594,-528
593,-528
592,-527
592,-526
591,-526
590,-526
589,-526
588,-526
587,-526
586,-526
585,-526
584,-527
583,-527
582,-527
581,-527
580,-527
579,-527
579,-528
578,-529
577,-530
577,-531
577,-532
577,-533
577,-534
576,-535
576,-536
576,-537
576,-538
576,-539
576,-540
576,-541
577,-541
578,-542
578,-543
578,-544
578,-545
577,-546
576,-546
575,-546
574,-546
573,-546
572,-547
571,-547
