549,-738
549,-739
549,-740
549,-741
549,-742
549,-743
550,-744
551,-745
551,-746
552,-747
553,-748
553,-749
553,-750
554,-751
554,-752
555,-753
556,-753
557,-754
558,-754
559,-755
559,-756
559,-757
560,-757
561,-758
561,-759
562,-759
563,-759
564,-760
565,-761
566,-762
567,-763
568,-763
569,-764
570,-764
571,-765
572,-766
573,-767
574,-768
575,-769
576,-769
577,-769
578,-770
578,-771
579,-771
580,-771
581,-772
582,-773
583,-773
584,-773
585,-774
586,-775
587,-776
588,-776
589,-777
590,-777
591,-778
592,-778
593,-778
594,-778
595,-779
595,-780
596,-780
597,-780
598,-781
599,-782
600,-782
601,-783
602,-783
603,-784
604,-784
605,-785
606,-786
607,-787
608,-788
609,-788
610,-789
611,-789
612,-790
613,-790
614,-791
615,-791
616,-791
617,-792
618,-793
619,-794
620,-794
621,-794
622,-795
623,-796
624,-796
625,-796
626,-797
627,-798
628,-798
629,-798
630,-799
631,-799
632,-800
633,-800
634,-801
635,-801
636,-802
637,-802
638,-803
639,-803
640,-804
641,-805
642,-805
643,-805
644,-805
645,-805
646,-805
647,-806
648,-806
649,-807
650,-807
651,-808
652,-808
653,-808
654,-809
655,-809
656,-809
657,-809
658,-809
659,-810
660,-810
661,-811
662,-811
663,-811
664,-812
665,-812
666,-812
667,-812
668,-813
669,-813
670,-813
671,-813
672,-813
673,-814
674,-814
675,-814
676,-815
677,-815
678,-815
679,-815
680,-815
681,-816
682,-816
683,-816
684,-816
685,-816
686,-817
687,-817
688,-817
689,-817
690,-817
691,-817
692,-817
693,-817
694,-817
695,-817
696,-817
697,-818
698,-818
699,-818
700,-818
701,-818
702,-818
703,-818
704,-818
705,-818
706,-818
707,-818
708,-818
709,-818
710,-818
711,-818
712,-818
713,-818
714,-818
715,-818
716,-818
717,-818
718,-818
719,-817
720,-817
721,-817
722,-817
723,-817
724,-817
725,-817
726,-817
727,-817
728,-817
729,-817
730,-817
731,-817
732,-817
733,-817
734,-817
735,-817
736,-817
737,-817
738,-817
739,-816
740,-816
741,-816
742,-816
743,-816
744,-815
745,-815
746,-814
747,-814
748,-814
749,-814
750,-814
751,-814
752,-813
753,-813
754,-813
755,-813
756,-812
757,-812
758,-812
759,-812
760,-811
761,-810
762,-810
763,-810
764,-810
765,-809
766,-809
767,-809
768,-809
769,-808
770,-808
771,-807
772,-807
773,-806
774,-806
775,-805
776,-805
777,-805
778,-805
779,-804
780,-804
781,-803
782,-802
783,-801
784,-801
785,-800
786,-799
787,-799
788,-798
789,-798
790,-797
791,-797
792,-796
793,-796
794,-796
795,-795
796,-794
797,-793
798,-793
799,-793
800,-793
801,-793
802,-793
803,-792
804,-792
805,-792
806,-791
807,-791
808,-791
809,-790
810,-790
811,-790
812,-789
813,-788
814,-788
815,-787
816,-787
817,-786
818,-786
819,-786
820,-786
821,-786
822,-785
823,-785
824,-785
825,-785
826,-785
827,-784
828,-784
829,-784
830,-784
831,-784
832,-784
833,-784
834,-784
835,-785
836,-785
837,-785
838,-785
839,-785
840,-785
841,-785
842,-785
843,-785
844,-785
845,-785
846,-785
847,-786
848,-786
849,-786
850,-786
851,-786
852,-786
853,-787
854,-787
855,-787
856,-787
857,-787
858,-788
859,-788
860,-789
861,-789
862,-789
863,-789
864,-789
865,-789
866,-790
867,-790
868,-790
869,-790
870,-790
871,-790
872,-791
872,-792
873,-792
874,-792
875,-792
876,-793
877,-793
878,-793
879,-794
880,-795
881,-795
882,-796
883,-796
884,-796
885,-796
886,-797
887,-797
888,-798
889,-798
890,-799
891,-799
892,-799
893,-799
894,-800
895,-800
896,-801
897,-801
898,-801
899,-802
900,-802
901,-802
902,-803
903,-803
904,-803
905,-804
906,-804
907,-804
908,-805
909,-805
910,-805
911,-806
912,-806
913,-807
914,-807
915,-807
916,-808
917,-808
918,-808
919,-808
920,-809
921,-809
922,-809
923,-809
924,-810
925,-811
926,-811
927,-811
928,-811
929,-811
930,-812
931,-813
932,-813
933,-814
933,-815
934,-816
934,-817
935,-817
936,-817
937,-817
938,-817
939,-817
940,-817
941,-818
942,-818
943,-818
944,-818
945,-818
946,-818
947,-817
948,-817
949,-817
950,-817
951,-817
952,-816
953,-816
953,-815
953,-814
953,-813
953,-812
953,-811
952,-810
951,-810
950,-810
949,-810
948,-810
947,-810
946,-810
945,-810
944,-809
943,-809
942,-809
941,-808
940,-807
939,-806
939,-805
939,-804
938,-804
937,-804
936,-803
935,-802
935,-801
935,-800
934,-800
933,-800
932,-799
932,-798
931,-798
930,-798
929,-798
928,-798
927,-798
926,-798
925,-798
924,-798
923,-798
922,-797
921,-796
920,-795
919,-794
918,-793
917,-793
916,-793
915,-792
914,-792
913,-791
913,-790
912,-789
911,-789
910,-789
909,-789
908,-789
907,-789
906,-789
905,-788
905,-787
905,-786
905,-785
904,-785
903,-785
902,-785
901,-785
900,-785
899,-784
899,-783
898,-783
897,-783
896,-783
895,-782
894,-781
893,-781
892,-781
891,-781
890,-781
889,-780
888,-780
887,-779
886,-778
886,-777
885,-777
884,-776
884,-775
884,-774
884,-773
884,-772
884,-771
883,-771
882,-771
881,-770
880,-769
880,-768
880,-767
880,-766
880,-765
879,-765
878,-765
877,-764
876,-764
875,-764
874,-763
873,-763
872,-763
871,-763
870,-762
869,-761
868,-760
867,-760
866,-760
865,-760
864,-759
863,-758
862,-758
861,-757
860,-757
859,-757
858,-756
857,-755
856,-755
855,-755
854,-754
853,-754
852,-753
851,-753
850,-752
849,-752
848,-752
847,-752
846,-751
845,-750
844,-750
843,-749
842,-749
841,-748
840,-748
839,-748
838,-747
837,-746
836,-746
835,-745
834,-745
833,-744
832,-744
831,-743
830,-743
829,-743
828,-742
828,-741
827,-741
826,-740
825,-740
824,-739
823,-738
822,-738
821,-737
820,-736
819,-735
818,-734
817,-733
816,-732
815,-732
814,-731
814,-730
813,-730
812,-729
812,-728
811,-727
810,-727
809,-726
808,-726
807,-725
806,-724
806,-723
805,-723
804,-722
803,-721
802,-720
801,-719
800,-719
799,-718
798,-717
797,-716
796,-715
795,-714
794,-713
793,-712
792,-711
791,-711
790,-710
789,-710
788,-709
787,-708
786,-708
785,-707
784,-707
783,-706
782,-705
781,-705
780,-704
779,-704
778,-703
777,-703
776,-702
775,-701
774,-701
773,-701
772,-700
771,-700
770,-700
769,-700
768,-699
767,-699
766,-698
765,-698
764,-697
763,-697
762,-696
761,-696
760,-696
759,-695
758,-695
757,-694
756,-694
755,-694
754,-693
753,-693
752,-693
751,-692
750,-692
749,-692
748,-692
747,-692
746,-691
745,-691
744,-691
743,-691
742,-690
741,-690
740,-689
739,-689
738,-689
737,-688
736,-688
735,-688
734,-688
733,-688
732,-687
731,-687
730,-687
729,-686
728,-686
727,-686
726,-686
725,-686
724,-685
723,-685
722,-685
721,-685
720,-684
719,-684
718,-684
717,-684
716,-684
715,-684
714,-684
713,-684
712,-684
711,-683
710,-683
709,-683
708,-683
707,-683
706,-683
705,-683
704,-683
703,-683
702,-683
701,-683
700,-683
699,-683
698,-683
697,-683
696,-683
695,-683
694,-683
693,-683
692,-683
691,-683
690,-683
689,-683
688,-683
687,-683
686,-683
685,-683
684,-683
683,-683
682,-683
681,-683
680,-683
679,-683
678,-683
677,-683
676,-683
675,-683
674,-683
673,-683
672,-683
671,-683
670,-684
669,-684
668,-684
667,-684
666,-684
665,-684
664,-684
663,-684
662,-685
661,-685
660,-685
659,-685
658,-685
657,-685
656,-686
655,-686
654,-686
653,-687
652,-687
651,-687
650,-687
649,-687
648,-687
647,-688
646,-688
645,-688
644,-688
643,-688
642,-689
641,-689
640,-689
639,-690
638,-690
637,-690
636,-691
635,-691
634,-692
633,-692
632,-692
631,-692
630,-693
629,-693
628,-693
627,-694
626,-694
625,-695
624,-695
623,-695
622,-696
621,-696
620,-697
619,-697
618,-698
617,-698
616,-699
615,-699
614,-699
613,-700
612,-700
611,-700
610,-701
609,-701
608,-702
607,-702
606,-702
605,-703
604,-703
603,-704
602,-704
601,-705
600,-705
599,-705
598,-706
597,-707
596,-707
595,-708
594,-708
593,-708
592,-709
591,-709
590,-710
589,-710
588,-711
587,-712
586,-713
585,-714
584,-714
583,-715
582,-715
581,-716
580,-716
579,-717
578,-718
577,-718
576,-719
575,-719
574,-720
573,-721
572,-722
571,-722
570,-723
569,-723
568,-724
567,-725
566,-725
565,-726
564,-727
563,-728
562,-729
561,-729
560,-730
559,-730
558,-731
557,-732
556,-732
555,-733
554,-734
553,-735
552,-735
551,-736
550,-737
549,-738
