552,-593
552,-594
552,-595
552,-596
552,-597
552,-598
552,-599
552,-600
552,-601
552,-602
552,-603
552,-604
552,-605
552,-606
552,-607
552,-608
553,-609
553,-610
553,-611
553,-612
553,-613
553,-614
554,-615
554,-616
554,-617
555,-617
556,-618
556,-619
556,-620
557,-621
557,-622
557,-623
557,-624
557,-625
558,-626
558,-627
558,-628
558,-629
559,-630
559,-631
559,-632
560,-633
560,-634
560,-635
560,-636
560,-637
561,-638
561,-639
562,-640
562,-641
563,-642
564,-643
564,-644
564,-645
565,-646
565,-647
566,-648
566,-649
566,-650
567,-651
567,-652
567,-653
568,-654
569,-655
569,-656
569,-657
570,-658
570,-659
571,-660
571,-661
572,-662
573,-663
573,-664
574,-665
574,-666
575,-667
576,-668
576,-669
576,-670
577,-671
578,-672
578,-673
578,-674
579,-675
579,-676
580,-677
580,-678
581,-679
581,-680
582,-681
582,-682
582,-683
582,-684
583,-685
584,-686
584,-687
585,-688
585,-689
586,-690
586,-691
586,-692
587,-693
588,-694
589,-695
589,-696
590,-697
590,-698
590,-699
591,-700
591,-701
592,-702
593,-703
593,-704
594,-705
594,-706
594,-707
595,-708
595,-709
596,-709
597,-710
597,-711
597,-712
598,-713
598,-714
598,-715
599,-716
600,-717
600,-718
600,-719
601,-720
602,-721
603,-722
603,-723
603,-724
604,-725
605,-726
606,-727
606,-728
607,-729
607,-730
608,-731
609,-732
609,-733
610,-734
610,-735
611,-735
612,-736
612,-737
612,-738
613,-739
614,-740
615,-741
616,-742
617,-743
618,-744
618,-745
619,-746
619,-747
620,-748
621,-749
621,-750
622,-751
623,-751
624,-752
624,-753
625,-754
625,-755
626,-756
627,-756
628,-757
628,-758
629,-759
630,-760
631,-761
632,-762
633,-763
634,-764
635,-765
636,-766
636,-767
637,-768
638,-768
639,-769
640,-770
641,-771
642,-772
642,-773
643,-773
644,-774
645,-775
645,-776
646,-776
647,-777
648,-778
649,-778
650,-779
650,-780
651,-781
652,-781
653,-782
653,-783
654,-783
655,-784
656,-785
657,-786
658,-787
659,-788
660,-789
661,-790
662,-791
663,-792
664,-793
665,-793
666,-794
667,-794
668,-795
669,-796
669,-797
670,-797
671,-798
672,-799
673,-800
674,-801
675,-801
676,-802
676,-803
677,-804
678,-804
679,-805
680,-805
681,-806
682,-807
683,-807
684,-808
684,-809
685,-809
686,-809
687,-810
688,-810
689,-810
690,-811
690,-812
691,-813
692,-813
693,-814
694,-814
695,-814
696,-815
697,-815
698,-816
698,-817
699,-817
700,-817
701,-818
702,-818
703,-818
704,-819
705,-819
706,-819
707,-820
707,-821
708,-821
709,-821
710,-821
711,-821
712,-822
713,-822
714,-822
715,-822
716,-823
716,-824
716,-825
717,-826
718,-826
719,-826
720,-826
721,-827
722,-827
723,-827
724,-828
725,-828
726,-829
727,-830
728,-830
729,-830
730,-830
731,-830
732,-830
733,-830
734,-831
735,-831
736,-831
737,-831
738,-831
739,-832
740,-832
741,-832
742,-832
743,-832
744,-832
745,-832
746,-832
747,-832
748,-832
749,-832
750,-832
751,-832
752,-832
753,-832
754,-832
755,-832
756,-832
757,-832
758,-832
759,-832
760,-832
761,-832
762,-832
763,-832
764,-832
765,-833
766,-833
767,-833
768,-834
769,-835
770,-835
771,-836
772,-836
773,-837
774,-837
775,-837
776,-837
777,-837
778,-837
779,-837
780,-837
781,-837
782,-837
783,-837
784,-837
785,-837
786,-837
787,-837
788,-837
789,-837
790,-837
791,-837
792,-837
793,-837
794,-837
795,-837
796,-837
797,-837
798,-837
799,-837
800,-837
801,-837
802,-837
803,-837
804,-837
805,-836
806,-836
807,-836
808,-835
809,-835
810,-834
811,-833
812,-833
813,-833
814,-832
815,-831
816,-831
817,-831
818,-831
819,-830
820,-830
821,-830
822,-829
823,-829
824,-829
825,-828
826,-828
827,-828
828,-828
829,-827
830,-827
831,-827
832,-827
833,-827
834,-827
835,-826
836,-826
837,-826
838,-826
839,-827
839,-828
840,-828
841,-829
841,-830
841,-831
841,-832
842,-832
843,-832
844,-833
845,-833
846,-834
846,-835
846,-836
846,-837
847,-838
848,-838
849,-839
850,-840
850,-841
850,-842
851,-842
852,-843
852,-844
853,-845
853,-846
853,-847
853,-848
853,-849
854,-849
855,-850
855,-851
856,-852
856,-853
857,-854
857,-855
858,-856
858,-857
858,-858
859,-859
860,-860
861,-861
861,-862
861,-863
862,-864
863,-865
863,-866
864,-867
865,-868
865,-869
865,-870
866,-871
867,-872
867,-873
868,-873
869,-874
869,-875
869,-876
869,-877
870,-877
871,-877
872,-877
873,-878
873,-879
874,-879
875,-880
876,-881
877,-881
878,-882
878,-883
878,-884
878,-885
879,-886
879,-887
879,-888
879,-889
879,-890
880,-891
881,-891
882,-891
883,-891
884,-891
885,-892
885,-893
885,-894
885,-895
886,-895
887,-895
888,-895
889,-896
890,-897
890,-898
891,-898
892,-898
893,-898
894,-898
895,-899
895,-900
895,-901
895,-902
895,-903
896,-903
897,-904
898,-904
899,-904
900,-904
901,-904
902,-904
903,-905
903,-906
903,-907
903,-908
904,-908
905,-909
906,-909
907,-909
908,-909
909,-909
910,-910
910,-911
910,-912
910,-913
910,-914
911,-914
912,-914
913,-914
914,-914
915,-914
916,-914
916,-913
917,-912
918,-911
919,-911
920,-910
921,-910
922,-910
923,-911
924,-911
925,-911
926,-911
927,-911
928,-912
928,-913
929,-913
930,-913
931,-913
932,-913
933,-912
934,-912
934,-911
935,-910
935,-909
936,-908
937,-908
938,-908
938,-907
938,-906
938,-905
938,-904
938,-903
938,-902
938,-901
939,-900
939,-899
939,-898
939,-897
940,-896
941,-896
942,-896
942,-895
942,-894
942,-893
942,-892
942,-891
942,-890
943,-889
944,-889
944,-888
944,-887
945,-886
946,-885
947,-885
947,-884
947,-883
948,-882
949,-882
950,-882
950,-881
950,-880
950,-879
950,-878
949,-878
948,-877
948,-876
948,-875
947,-874
946,-873
946,-872
945,-871
944,-870
944,-869
943,-868
942,-867
942,-866
941,-866
940,-865
939,-864
938,-863
938,-862
937,-861
936,-860
935,-859
934,-858
933,-857
932,-856
931,-855
930,-854
929,-853
928,-852
927,-851
926,-851
925,-850
924,-849
923,-848
922,-847
922,-846
921,-845
920,-845
919,-844
919,-843
918,-843
917,-842
917,-841
916,-840
915,-839
915,-838
914,-838
913,-838
912,-837
912,-836
911,-835
910,-834
910,-833
909,-833
908,-832
908,-831
907,-831
906,-830
905,-830
904,-830
903,-829
903,-828
902,-827
902,-826
902,-825
901,-825
900,-824
899,-824
898,-824
897,-823
896,-822
896,-821
896,-820
895,-819
894,-818
894,-817
893,-816
892,-815
891,-814
890,-813
889,-812
889,-811
888,-810
887,-809
886,-808
885,-807
884,-806
884,-805
883,-804
882,-803
881,-802
881,-801
880,-800
879,-799
878,-798
878,-797
877,-796
876,-795
876,-794
875,-793
874,-792
874,-791
873,-790
873,-789
872,-788
872,-787
871,-786
871,-785
870,-784
870,-783
869,-782
869,-781
869,-780
868,-779
868,-778
867,-777
867,-776
867,-775
866,-774
865,-773
865,-772
864,-771
864,-770
863,-770
862,-769
862,-768
862,-767
862,-766
861,-765
861,-764
861,-763
860,-762
859,-762
858,-762
857,-761
857,-760
857,-759
856,-758
856,-757
856,-756
856,-755
856,-754
856,-753
856,-752
856,-751
856,-750
856,-749
855,-748
855,-747
855,-746
855,-745
855,-744
855,-743
855,-742
854,-741
854,-740
854,-739
854,-738
853,-737
853,-736
853,-735
852,-734
852,-733
852,-732
851,-731
851,-730
851,-729
850,-728
850,-727
849,-726
849,-725
849,-724
848,-723
848,-722
847,-721
847,-720
847,-719
846,-718
846,-717
846,-716
846,-715
845,-714
844,-713
844,-712
843,-711
843,-710
842,-709
842,-708
841,-707
841,-706
840,-705
839,-704
839,-703
838,-702
837,-701
836,-700
836,-699
835,-698
834,-697
834,-696
833,-695
832,-694
832,-693
831,-692
830,-691
830,-690
829,-689
828,-688
827,-687
827,-686
826,-685
825,-684
824,-683
823,-682
822,-681
822,-680
821,-679
820,-678
819,-677
818,-676
817,-675
816,-674
815,-673
815,-672
814,-671
813,-671
812,-670
811,-669
811,-668
810,-667
809,-667
808,-666
808,-665
807,-664
806,-663
805,-663
804,-662
803,-661
803,-660
802,-660
801,-659
800,-658
800,-657
799,-656
798,-656
797,-655
796,-654
795,-653
794,-652
793,-651
792,-650
791,-650
790,-649
790,-648
789,-647
788,-647
787,-646
786,-645
785,-645
784,-644
783,-643
782,-643
781,-642
780,-641
779,-641
778,-640
777,-639
776,-639
775,-638
774,-637
773,-636
772,-636
771,-635
770,-634
769,-634
768,-633
767,-632
766,-631
765,-631
764,-630
763,-629
762,-629
761,-628
760,-627
759,-627
758,-627
757,-626
756,-625
755,-625
754,-624
753,-624
752,-624
751,-623
750,-622
749,-622
748,-621
747,-621
746,-620
745,-619
744,-619
743,-619
742,-619
741,-618
740,-617
739,-617
738,-616
737,-616
736,-615
735,-615
734,-614
733,-614
732,-613
731,-612
730,-612
729,-612
728,-611
727,-611
726,-610
725,-610
724,-609
723,-609
722,-609
721,-608
720,-608
719,-607
718,-607
717,-607
716,-607
715,-606
714,-606
713,-606
712,-605
711,-605
710,-605
709,-604
708,-604
707,-604
706,-604
705,-603
704,-603
703,-603
702,-602
701,-602
700,-602
699,-602
698,-601
697,-601
696,-601
695,-600
694,-600
693,-600
692,-599
691,-599
690,-599
689,-598
688,-598
687,-598
686,-598
685,-598
684,-597
683,-597
682,-597
681,-597
680,-597
679,-597
678,-597
677,-597
676,-596
675,-596
674,-596
673,-596
672,-595
671,-595
670,-595
669,-595
668,-595
667,-595
666,-594
665,-594
664,-594
663,-594
662,-594
661,-594
660,-594
659,-594
658,-593
657,-593
656,-593
655,-593
654,-593
653,-593
652,-593
651,-592
650,-592
649,-592
648,-592
647,-592
646,-592
645,-592
644,-591
643,-591
642,-591
641,-591
640,-591
639,-591
638,-591
637,-591
636,-591
635,-591
634,-590
633,-590
632,-590
631,-590
630,-590
629,-589
628,-589
627,-589
626,-589
625,-589
624,-589
623,-589
622,-589
621,-589
620,-589
619,-589
618,-589
617,-588
616,-588
615,-588
614,-588
613,-588
612,-588
611,-588
610,-588
609,-588
608,-588
607,-588
606,-588
605,-588
604,-588
603,-588
602,-588
601,-588
600,-588
599,-588
598,-588
597,-588
596,-589
595,-589
594,-589
593,-589
592,-589
591,-589
590,-589
589,-589
588,-589
587,-589
586,-590
585,-590
584,-590
583,-590
582,-590
581,-590
580,-591
579,-591
578,-591
577,-591
576,-591
575,-591
574,-591
573,-591
572,-591
571,-591
570,-591
569,-591
568,-591
567,-591
566,-591
565,-591
564,-591
563,-591
562,-591
561,-591
560,-591
559,-591
558,-591
557,-591
556,-591
555,-591
554,-592
553,-592
552,-593
