394,-788
394,-789
394,-790
394,-791
394,-792
394,-793
395,-793
396,-793
397,-794
397,-795
398,-795
399,-795
400,-796
400,-797
401,-797
402,-797
403,-798
403,-799
404,-799
405,-799
406,-799
407,-799
408,-800
409,-801
409,-802
409,-803
410,-804
411,-804
412,-804
413,-805
414,-805
415,-805
416,-805
417,-806
418,-807
419,-807
420,-808
421,-808
422,-808
423,-808
424,-809
425,-809
426,-809
427,-809
428,-810
429,-810
430,-811
431,-811
432,-812
433,-812
434,-812
435,-813
436,-813
437,-813
438,-814
439,-814
440,-814
441,-814
442,-815
443,-815
444,-815
445,-816
446,-816
447,-816
448,-816
449,-817
450,-817
451,-817
452,-817
453,-817
454,-817
455,-818
456,-818
457,-818
458,-818
459,-818
460,-819
461,-819
462,-819
463,-819
464,-820
465,-820
466,-820
467,-821
468,-821
469,-821
470,-822
471,-822
472,-822
473,-823
474,-824
475,-824
476,-825
477,-825
478,-825
479,-825
480,-826
481,-826
482,-826
483,-827
484,-827
485,-828
486,-828
487,-829
488,-829
489,-829
490,-829
491,-829
492,-830
493,-830
494,-830
495,-830
496,-830
497,-830
498,-830
499,-831
500,-832
501,-832
502,-832
503,-833
503,-834
504,-834
505,-834
506,-834
507,-834
508,-834
509,-835
510,-835
511,-835
512,-835
513,-835
514,-835
515,-836
515,-837
516,-837
517,-837
518,-837
519,-837
520,-838
521,-838
522,-838
523,-838
524,-838
525,-838
526,-838
527,-838
528,-839
529,-839
530,-840
531,-840
532,-840
533,-840
534,-840
535,-841
536,-841
537,-841
538,-841
539,-841
540,-841
541,-841
542,-841
543,-841
544,-841
545,-841
546,-841
547,-841
548,-842
549,-842
550,-842
551,-842
552,-842
553,-842
554,-842
555,-842
556,-842
557,-842
558,-842
559,-842
560,-843
561,-843
562,-843
563,-843
564,-843
565,-843
566,-844
567,-844
568,-844
569,-844
570,-845
571,-845
572,-845
573,-845
574,-845
575,-846
576,-846
577,-846
578,-846
579,-846
580,-846
581,-846
582,-846
583,-846
584,-847
585,-847
586,-847
587,-847
588,-847
589,-847
590,-847
591,-847
592,-847
593,-847
594,-847
595,-847
596,-848
597,-848
598,-848
599,-848
600,-849
601,-849
602,-849
603,-849
604,-850
605,-850
606,-850
607,-850
608,-850
609,-850
610,-850
611,-851
612,-851
613,-851
614,-851
615,-851
616,-851
617,-851
618,-851
619,-851
620,-851
621,-851
622,-851
623,-852
624,-852
625,-852
626,-852
627,-852
628,-852
629,-852
630,-852
631,-852
632,-852
633,-852
634,-852
635,-852
636,-852
637,-852
638,-852
639,-852
640,-852
641,-852
642,-852
643,-852
644,-852
645,-852
646,-852
647,-852
648,-852
649,-852
650,-852
651,-852
652,-852
653,-852
654,-852
655,-852
656,-851
657,-851
658,-851
659,-851
660,-851
661,-851
662,-851
663,-851
664,-851
665,-851
666,-851
667,-851
668,-851
669,-851
670,-851
671,-851
672,-851
673,-851
674,-851
675,-850
676,-850
677,-850
678,-850
679,-850
680,-850
681,-850
682,-850
683,-849
684,-849
685,-849
686,-849
687,-849
688,-848
689,-848
690,-848
691,-847
692,-847
693,-847
694,-847
695,-847
696,-846
697,-846
698,-846
699,-846
700,-846
701,-846
702,-846
703,-846
704,-845
705,-844
706,-844
707,-844
708,-843
709,-843
710,-843
711,-843
712,-843
713,-843
714,-842
715,-842
716,-841
717,-841
718,-841
719,-841
720,-840
721,-840
722,-840
723,-840
724,-840
725,-839
726,-839
727,-839
728,-839
729,-838
730,-838
731,-838
732,-837
733,-837
734,-837
735,-837
736,-836
737,-836
738,-836
739,-835
740,-835
741,-835
742,-834
743,-834
744,-833
745,-833
746,-832
747,-832
748,-832
749,-832
750,-831
751,-831
752,-831
753,-830
754,-829
755,-829
756,-829
757,-828
758,-828
759,-828
760,-828
761,-828
762,-827
763,-827
764,-826
765,-826
766,-825
767,-825
768,-825
769,-824
770,-823
771,-823
772,-822
773,-821
774,-821
775,-821
776,-820
777,-820
778,-819
779,-819
780,-818
781,-817
782,-817
783,-816
784,-816
785,-815
786,-815
787,-814
788,-814
789,-813
790,-812
791,-812
792,-811
793,-811
794,-810
795,-809
796,-809
797,-808
798,-807
799,-807
800,-806
801,-805
802,-805
803,-804
804,-804
805,-803
806,-802
807,-802
808,-801
809,-801
810,-800
811,-799
812,-799
813,-798
814,-797
815,-797
816,-796
817,-795
818,-794
819,-794
820,-794
821,-793
822,-792
822,-791
823,-790
824,-790
824,-789
825,-788
826,-788
827,-787
828,-786
829,-786
830,-785
830,-784
831,-783
832,-783
832,-782
833,-781
834,-781
834,-780
835,-779
836,-779
837,-778
837,-777
838,-776
839,-776
840,-775
840,-774
841,-773
842,-773
842,-772
843,-771
844,-770
845,-770
846,-769
847,-769
848,-769
849,-768
850,-768
851,-768
852,-768
853,-768
854,-768
855,-768
856,-768
857,-769
858,-769
859,-770
860,-771
861,-771
862,-771
863,-772
864,-772
865,-772
866,-772
867,-772
868,-771
869,-771
870,-771
871,-771
872,-771
873,-770
874,-770
875,-770
876,-771
877,-771
878,-771
879,-771
880,-771
881,-771
882,-771
883,-771
884,-771
885,-771
886,-771
887,-771
888,-771
889,-771
890,-771
891,-771
892,-771
893,-771
894,-772
895,-772
896,-772
897,-772
898,-772
899,-772
900,-772
901,-772
902,-772
903,-772
904,-772
905,-771
906,-770
907,-770
908,-770
909,-770
910,-770
911,-770
912,-769
913,-769
914,-769
915,-769
916,-769
917,-768
918,-768
919,-768
920,-768
921,-768
922,-768
923,-768
924,-767
925,-766
926,-766
927,-766
928,-765
929,-765
930,-765
931,-765
932,-765
933,-765
934,-765
935,-765
936,-765
937,-764
938,-764
939,-764
940,-764
941,-764
942,-764
943,-764
944,-764
945,-764
946,-763
947,-763
948,-763
949,-763
950,-763
951,-763
952,-763
953,-762
954,-762
955,-762
956,-762
957,-762
958,-762
959,-761
960,-761
961,-761
962,-761
963,-761
964,-760
965,-760
966,-760
967,-760
968,-760
969,-760
970,-759
971,-759
972,-759
973,-759
974,-759
975,-759
976,-759
977,-759
978,-759
979,-759
980,-759
981,-759
982,-759
983,-759
984,-759
985,-759
986,-760
987,-760
988,-760
989,-760
990,-760
991,-760
992,-760
993,-760
994,-760
995,-761
996,-761
997,-761
998,-761
999,-761
1000,-761
1001,-761
1002,-761
1003,-761
1004,-761
1005,-761
1006,-761
1007,-761
1008,-761
1009,-762
1010,-762
1011,-762
1012,-762
1013,-762
1014,-762
1015,-762
1016,-762
1017,-763
1018,-763
1019,-763
1020,-763
1021,-763
1022,-763
1023,-764
1024,-764
1025,-764
1026,-764
1027,-764
1028,-764
1029,-764
1030,-765
1031,-765
1032,-765
1033,-765
1034,-765
1035,-765
1036,-765
1037,-765
1038,-765
1039,-765
1040,-766
1041,-766
1042,-766
1043,-766
1044,-766
1045,-766
1046,-766
1047,-766
1048,-766
1049,-767
1050,-767
1051,-767
1052,-767
1053,-767
1054,-768
1055,-768
1056,-768
1057,-768
1058,-768
1059,-769
1060,-769
1061,-769
1062,-769
1063,-769
1064,-769
1065,-770
1066,-771
1067,-771
1068,-771
1069,-771
1070,-771
1071,-771
1072,-771
1073,-771
1074,-771
1075,-771
1076,-771
1077,-771
1078,-771
1079,-771
1080,-771
1081,-771
1082,-771
1083,-771
1084,-772
1085,-772
1086,-772
1087,-772
1088,-772
1089,-772
1090,-772
1091,-772
1092,-772
1093,-772
1094,-772
1095,-771
1096,-770
1097,-770
1098,-769
1099,-768
1100,-767
1101,-766
1102,-765
1103,-764
1104,-764
1104,-763
1105,-762
1106,-762
1107,-762
1107,-761
1107,-760
1107,-759
1107,-758
1106,-758
1105,-758
1104,-758
1103,-758
1102,-758
1101,-758
1100,-758
1099,-758
1098,-758
1097,-757
1097,-756
1097,-755
1097,-754
1097,-753
1097,-752
1097,-751
1097,-750
1097,-749
1096,-749
1095,-749
1094,-749
1093,-749
1092,-749
1091,-749
1090,-749
1089,-749
1088,-749
1087,-749
1086,-748
1085,-747
1085,-746
1085,-745
1084,-745
1083,-745
1082,-745
1081,-745
1080,-745
1079,-744
1079,-743
1079,-742
1079,-741
1079,-740
1079,-739
1079,-738
1079,-737
1079,-736
1079,-735
1079,-734
1078,-733
1078,-732
1077,-732
1076,-732
1075,-731
1074,-731
1073,-731
1072,-731
1071,-731
1070,-731
1069,-731
1068,-730
1067,-730
1066,-730
1065,-730
1064,-730
1063,-730
1062,-730
1061,-729
1060,-729
1059,-729
1058,-729
1057,-729
1056,-729
1055,-728
1054,-728
1053,-728
1052,-728
1051,-728
1050,-728
1049,-729
1048,-729
1047,-729
1046,-729
1045,-729
1044,-729
1043,-729
1042,-729
1041,-729
1040,-729
1039,-729
1038,-729
1037,-729
1036,-729
1035,-729
1034,-728
1033,-727
1032,-727
1031,-727
1030,-727
1029,-727
1028,-727
1027,-727
1026,-727
1025,-727
1024,-727
1023,-727
1022,-727
1021,-727
1020,-727
1019,-727
1018,-727
1017,-727
1016,-727
1015,-727
1014,-727
1013,-726
1012,-726
1011,-726
1010,-726
1009,-726
1008,-726
1007,-726
1006,-726
1005,-726
1004,-726
1003,-726
1002,-725
1001,-725
1000,-725
999,-725
998,-725
997,-725
996,-725
995,-725
994,-724
993,-724
992,-724
991,-724
990,-724
989,-724
988,-724
987,-724
986,-724
985,-724
984,-723
983,-723
982,-723
981,-723
980,-723
979,-723
978,-722
977,-722
976,-722
975,-722
974,-722
973,-722
972,-722
971,-722
970,-722
969,-722
968,-722
967,-721
966,-721
965,-721
964,-721
963,-721
962,-721
961,-721
960,-721
959,-721
958,-720
957,-720
956,-720
955,-720
954,-720
953,-720
952,-720
951,-720
950,-720
949,-720
948,-719
947,-719
946,-719
945,-719
944,-719
943,-719
942,-718
941,-718
940,-718
939,-718
938,-718
937,-718
936,-718
935,-718
934,-717
933,-717
932,-717
931,-717
930,-717
929,-717
928,-717
927,-716
926,-716
925,-716
924,-716
923,-716
922,-716
921,-715
920,-715
919,-715
918,-715
917,-715
916,-715
915,-715
914,-714
913,-714
912,-714
911,-714
910,-714
909,-714
908,-714
907,-713
906,-713
905,-712
904,-712
903,-712
902,-712
901,-712
900,-711
899,-711
898,-711
897,-711
896,-711
895,-711
894,-711
893,-710
892,-710
891,-710
890,-709
889,-709
888,-709
887,-709
886,-708
885,-708
884,-708
883,-707
882,-707
881,-707
880,-707
879,-706
878,-706
877,-706
876,-705
875,-705
874,-705
873,-705
872,-705
871,-704
870,-704
869,-704
868,-704
867,-703
866,-703
865,-702
864,-702
863,-702
862,-701
861,-701
860,-700
859,-700
858,-700
857,-699
856,-699
855,-698
854,-698
853,-698
852,-697
851,-697
850,-697
849,-696
848,-696
847,-695
846,-695
845,-694
844,-694
843,-693
842,-693
841,-692
840,-692
839,-691
838,-691
837,-690
836,-690
835,-689
834,-689
833,-688
832,-688
831,-687
830,-687
829,-687
828,-686
827,-686
826,-685
825,-685
824,-685
823,-684
822,-684
821,-683
820,-683
819,-682
818,-682
817,-682
816,-681
815,-681
814,-680
813,-680
812,-680
811,-679
811,-678
810,-678
809,-678
808,-677
807,-677
806,-676
805,-676
804,-675
803,-675
802,-674
801,-674
800,-674
799,-673
798,-673
797,-672
796,-672
795,-671
794,-671
793,-670
792,-670
791,-670
790,-669
789,-669
788,-668
787,-668
786,-667
785,-667
784,-666
783,-666
782,-666
781,-666
780,-665
779,-665
778,-665
777,-664
776,-664
775,-663
774,-663
773,-663
772,-662
771,-662
770,-662
769,-662
768,-662
767,-662
766,-661
765,-661
764,-661
763,-661
762,-660
761,-660
760,-660
759,-659
758,-659
757,-659
756,-659
755,-658
754,-658
753,-658
752,-658
751,-658
750,-658
749,-658
748,-658
747,-658
746,-657
745,-657
744,-657
743,-657
742,-656
741,-656
740,-656
739,-656
738,-655
737,-655
736,-655
735,-654
734,-654
733,-654
732,-654
731,-654
730,-654
729,-654
728,-653
727,-653
726,-653
725,-653
724,-653
723,-653
722,-653
721,-652
720,-652
719,-651
718,-651
717,-651
716,-651
715,-651
714,-651
713,-651
712,-650
711,-650
710,-650
709,-650
708,-650
707,-650
706,-650
705,-650
704,-650
703,-650
702,-650
701,-650
700,-650
699,-650
698,-650
697,-650
696,-650
695,-650
694,-650
693,-650
692,-650
691,-650
690,-650
689,-650
688,-650
687,-650
686,-650
685,-649
684,-649
683,-649
682,-649
681,-649
680,-650
679,-650
678,-650
677,-650
676,-650
675,-650
674,-650
673,-650
672,-650
671,-650
670,-650
669,-650
668,-650
667,-650
666,-650
665,-650
664,-650
663,-651
662,-651
661,-651
660,-651
659,-651
658,-651
657,-651
656,-651
655,-651
654,-651
653,-652
652,-652
651,-652
650,-652
649,-652
648,-652
647,-652
646,-652
645,-652
644,-652
643,-653
642,-653
641,-653
640,-653
639,-654
638,-654
637,-654
636,-654
635,-654
634,-654
633,-655
632,-655
631,-655
630,-655
629,-655
628,-656
627,-656
626,-657
625,-657
624,-657
623,-657
622,-658
621,-658
620,-658
619,-658
618,-658
617,-658
616,-658
616,-659
615,-660
614,-660
613,-660
612,-660
611,-660
610,-661
609,-661
608,-661
607,-661
606,-661
605,-662
604,-662
603,-662
602,-662
601,-662
600,-663
599,-663
598,-664
597,-664
596,-664
595,-664
594,-665
593,-665
592,-665
591,-665
590,-665
589,-666
588,-666
587,-666
586,-666
585,-667
584,-668
583,-669
582,-669
581,-669
580,-669
579,-669
578,-669
577,-669
576,-670
575,-671
574,-671
573,-671
572,-672
571,-672
570,-673
569,-673
568,-674
567,-674
566,-674
565,-674
564,-675
563,-676
562,-677
561,-677
560,-677
559,-678
558,-678
557,-678
556,-679
555,-679
554,-680
553,-680
552,-681
551,-681
550,-682
549,-682
548,-683
547,-683
546,-684
545,-685
544,-685
543,-686
542,-686
541,-687
540,-687
539,-687
538,-688
537,-689
536,-689
535,-690
534,-690
533,-690
532,-691
531,-691
530,-692
529,-693
528,-693
527,-694
526,-694
525,-695
524,-696
523,-697
522,-697
521,-698
520,-698
519,-699
518,-699
517,-700
516,-701
515,-701
514,-702
513,-703
512,-703
511,-704
510,-705
509,-705
508,-706
507,-707
506,-708
505,-708
504,-708
503,-709
502,-709
501,-710
500,-711
499,-711
498,-712
497,-713
496,-713
495,-714
494,-714
493,-715
492,-716
491,-717
490,-717
489,-717
488,-718
487,-719
487,-720
486,-721
485,-721
484,-722
483,-723
482,-723
481,-723
480,-724
479,-725
478,-726
477,-727
476,-728
475,-728
474,-729
473,-729
472,-730
471,-730
470,-731
469,-731
468,-732
467,-733
466,-733
465,-734
464,-734
463,-735
462,-736
461,-737
460,-737
459,-738
458,-738
457,-738
456,-739
455,-740
454,-741
453,-741
452,-742
451,-743
450,-743
449,-744
448,-744
447,-745
446,-746
445,-746
444,-747
443,-748
442,-748
441,-749
440,-749
439,-750
438,-751
437,-751
436,-752
435,-753
434,-753
434,-754
433,-755
432,-755
431,-756
430,-756
429,-757
428,-757
427,-758
426,-759
425,-759
424,-760
423,-760
422,-761
421,-762
420,-762
419,-763
418,-763
417,-764
416,-765
415,-765
414,-765
413,-766
412,-767
411,-767
410,-768
409,-769
408,-769
407,-770
406,-771
405,-771
404,-772
403,-773
402,-773
401,-774
400,-774
399,-775
398,-776
397,-777
397,-778
396,-779
395,-780
395,-781
395,-782
395,-783
395,-784
395,-785
395,-786
395,-787
394,-788
