399,-746
399,-747
399,-748
399,-749
399,-750
400,-750
401,-751
402,-751
403,-751
404,-752
405,-752
406,-752
407,-753
408,-753
409,-753
410,-754
411,-755
411,-756
411,-757
410,-758
409,-758
408,-758
407,-758
406,-758
405,-758
404,-758
404,-759
404,-760
403,-761
402,-761
402,-762
401,-763
400,-763
400,-764
400,-765
400,-766
400,-767
401,-767
402,-767
403,-767
404,-767
405,-767
406,-767
407,-767
408,-767
409,-767
410,-767
411,-768
412,-768
413,-768
414,-769
415,-769
416,-770
417,-770
418,-770
419,-770
420,-770
421,-770
422,-770
423,-770
424,-770
425,-770
426,-770
427,-770
428,-770
429,-771
430,-771
431,-772
432,-772
433,-772
434,-772
435,-773
436,-773
437,-773
438,-773
439,-773
440,-774
441,-775
442,-775
443,-775
444,-775
445,-776
446,-777
447,-777
448,-777
449,-778
450,-778
451,-779
452,-779
453,-780
454,-780
455,-780
456,-781
457,-781
458,-781
459,-781
460,-781
461,-781
462,-781
463,-781
464,-781
465,-781
466,-781
467,-782
467,-783
467,-784
467,-785
467,-786
468,-786
469,-786
470,-786
471,-786
472,-786
473,-786
474,-786
475,-787
476,-788
477,-788
478,-789
479,-789
480,-789
481,-789
482,-790
483,-790
484,-791
484,-792
485,-792
486,-792
487,-792
488,-793
489,-794
490,-794
491,-795
492,-796
493,-796
494,-796
495,-797
496,-797
497,-798
498,-799
499,-799
500,-800
501,-800
502,-801
503,-801
504,-801
505,-802
506,-802
507,-803
508,-804
509,-805
509,-806
510,-807
511,-807
512,-807
513,-807
514,-807
515,-807
516,-808
517,-808
518,-808
519,-809
520,-810
521,-810
522,-811
523,-811
524,-812
524,-813
525,-813
526,-813
527,-813
528,-814
529,-814
530,-815
531,-815
532,-816
533,-816
534,-817
534,-818
535,-818
536,-818
537,-818
538,-819
538,-820
539,-821
540,-822
541,-822
542,-822
543,-822
544,-822
545,-822
546,-822
547,-822
548,-822
549,-823
549,-824
550,-824
551,-824
552,-824
553,-825
554,-825
555,-826
556,-826
557,-826
558,-826
559,-827
560,-827
561,-828
562,-828
563,-828
564,-828
565,-829
566,-829
567,-829
568,-830
569,-830
570,-830
571,-831
572,-832
572,-833
572,-834
573,-834
574,-834
575,-834
576,-834
577,-834
578,-833
579,-833
580,-833
581,-834
582,-834
583,-835
584,-835
585,-836
585,-837
586,-837
587,-837
588,-837
589,-837
590,-837
591,-838
591,-839
591,-840
591,-841
592,-842
593,-842
594,-842
595,-842
596,-842
597,-843
598,-843
599,-843
600,-843
601,-843
602,-843
603,-844
604,-844
605,-844
606,-844
607,-845
608,-845
609,-845
610,-845
611,-845
612,-845
613,-846
614,-846
615,-846
616,-846
617,-846
618,-846
619,-847
620,-847
621,-847
622,-847
623,-847
624,-847
625,-847
626,-847
627,-847
628,-847
629,-847
630,-848
631,-848
632,-848
633,-848
634,-848
635,-848
636,-848
637,-849
638,-849
639,-849
640,-849
641,-849
642,-850
643,-850
644,-850
645,-850
646,-850
647,-850
648,-850
649,-850
650,-850
651,-850
652,-851
653,-851
654,-851
655,-851
656,-851
657,-851
658,-851
659,-851
660,-851
661,-851
662,-851
663,-851
664,-851
665,-851
666,-851
667,-851
668,-851
669,-851
670,-851
671,-851
672,-852
673,-852
674,-852
675,-852
676,-852
677,-852
678,-852
679,-852
680,-852
681,-852
682,-852
683,-852
684,-852
685,-852
686,-852
687,-852
688,-852
689,-852
690,-852
691,-852
692,-852
693,-852
694,-852
695,-852
696,-852
697,-852
698,-852
699,-852
700,-852
701,-852
702,-851
703,-851
704,-851
705,-851
706,-851
707,-851
708,-851
709,-851
710,-851
711,-851
712,-850
713,-850
714,-850
715,-850
716,-850
717,-850
718,-849
719,-849
720,-849
721,-849
722,-849
723,-849
724,-849
725,-849
726,-848
727,-848
728,-848
729,-848
730,-848
731,-848
732,-847
733,-847
734,-847
735,-847
736,-847
737,-847
738,-846
739,-846
740,-846
741,-845
742,-845
743,-845
744,-844
745,-844
746,-844
747,-844
748,-844
749,-843
750,-843
751,-843
752,-842
753,-842
754,-842
755,-842
756,-841
757,-841
758,-841
759,-841
760,-840
761,-840
762,-839
763,-839
764,-839
765,-838
766,-838
767,-838
768,-837
769,-837
770,-837
771,-836
772,-836
773,-836
774,-836
775,-835
776,-835
777,-835
778,-834
779,-834
780,-834
781,-833
782,-833
783,-833
784,-832
785,-832
786,-832
787,-831
788,-831
789,-831
790,-830
791,-830
792,-829
793,-829
794,-828
795,-827
796,-827
797,-827
798,-826
799,-826
800,-825
801,-825
802,-824
803,-824
804,-824
805,-823
806,-822
807,-822
808,-821
809,-821
809,-820
809,-819
810,-818
811,-817
812,-817
813,-817
814,-817
814,-816
815,-815
815,-814
816,-813
817,-813
818,-813
819,-813
820,-812
821,-811
822,-811
823,-810
824,-810
825,-809
826,-808
827,-807
828,-806
829,-806
830,-806
831,-805
832,-805
833,-804
834,-803
835,-803
836,-802
837,-801
838,-801
839,-801
840,-800
841,-799
842,-799
843,-798
844,-797
845,-796
846,-796
847,-795
848,-794
849,-794
850,-793
851,-793
852,-793
853,-792
854,-792
855,-792
856,-792
857,-792
858,-792
859,-792
860,-792
861,-793
862,-793
863,-793
864,-793
865,-793
866,-794
866,-795
866,-796
867,-796
868,-797
869,-797
870,-797
871,-797
872,-798
873,-798
874,-799
875,-799
876,-800
877,-800
878,-800
879,-801
880,-801
881,-801
882,-801
883,-802
884,-802
885,-802
886,-802
887,-802
888,-802
889,-803
890,-804
891,-805
892,-806
893,-806
894,-806
895,-806
896,-807
897,-807
898,-807
899,-807
900,-807
901,-808
902,-808
903,-808
904,-808
905,-808
906,-808
907,-809
908,-809
909,-809
910,-809
911,-810
912,-810
913,-810
914,-810
915,-810
916,-810
917,-810
918,-810
919,-810
920,-810
921,-811
922,-811
923,-811
924,-811
925,-811
926,-811
927,-811
928,-811
929,-812
929,-813
930,-813
931,-814
932,-814
933,-814
934,-814
935,-814
936,-814
937,-814
938,-814
939,-814
940,-814
941,-814
942,-814
943,-815
944,-815
945,-816
946,-816
947,-816
948,-816
949,-816
950,-816
951,-816
952,-817
952,-818
953,-818
954,-818
955,-818
956,-818
957,-818
958,-818
959,-818
960,-818
961,-818
962,-818
963,-819
964,-819
965,-819
966,-820
967,-820
968,-820
969,-820
970,-820
971,-821
972,-821
973,-822
974,-822
975,-823
976,-823
977,-823
978,-823
979,-824
980,-824
981,-824
982,-825
983,-825
984,-825
985,-825
986,-825
987,-825
988,-825
989,-826
990,-826
991,-826
992,-827
993,-827
994,-828
995,-829
996,-829
997,-829
998,-829
999,-829
1000,-829
1001,-830
1002,-830
1003,-830
1004,-830
1005,-830
1006,-830
1007,-830
1008,-831
1009,-831
1010,-832
1011,-833
1012,-833
1013,-833
1014,-833
1015,-833
1016,-834
1017,-834
1018,-834
1019,-835
1020,-835
1021,-835
1022,-836
1023,-836
1024,-836
1025,-836
1026,-836
1027,-836
1028,-836
1029,-836
1030,-836
1031,-837
1032,-837
1033,-838
1033,-839
1033,-840
1034,-841
1035,-841
1036,-841
1037,-841
1038,-841
1039,-841
1040,-842
1041,-842
1042,-842
1043,-842
1044,-842
1045,-843
1046,-844
1047,-844
1048,-844
1049,-844
1050,-844
1051,-844
1052,-844
1053,-844
1054,-844
1055,-844
1056,-845
1056,-846
1057,-846
1058,-846
1059,-846
1060,-846
1061,-846
1062,-846
1063,-846
1064,-846
1065,-846
1066,-846
1067,-846
1068,-847
1069,-847
1070,-847
1071,-847
1072,-847
1073,-847
1074,-847
1075,-847
1076,-847
1077,-848
1078,-848
1079,-848
1080,-848
1081,-848
1082,-849
1082,-850
1083,-850
1084,-850
1085,-850
1086,-850
1087,-850
1088,-850
1088,-849
1088,-848
1088,-847
1089,-846
1090,-846
1091,-846
1092,-846
1093,-846
1094,-846
1095,-846
1096,-846
1097,-846
1098,-846
1099,-846
1100,-846
1101,-846
1101,-845
1101,-844
1101,-843
1101,-842
1101,-841
1101,-840
1101,-839
1102,-838
1102,-837
1102,-836
1102,-835
1102,-834
1102,-833
1102,-832
1102,-831
1101,-830
1100,-830
1099,-829
1098,-829
1097,-828
1096,-827
1096,-826
1095,-825
1095,-824
1094,-823
1094,-822
1094,-821
1094,-820
1094,-819
1095,-818
1096,-817
1097,-816
1097,-815
1097,-814
1097,-813
1097,-812
1096,-812
1095,-812
1094,-812
1093,-812
1092,-811
1091,-811
1090,-810
1089,-810
1088,-810
1087,-810
1086,-809
1085,-809
1084,-809
1083,-809
1082,-809
1081,-809
1080,-809
1079,-808
1078,-808
1077,-808
1076,-808
1075,-808
1074,-808
1073,-807
1073,-806
1073,-805
1074,-804
1075,-804
1075,-803
1075,-802
1075,-801
1075,-800
1075,-799
1075,-798
1076,-797
1077,-797
1077,-796
1077,-795
1077,-794
1077,-793
1076,-792
1076,-791
1076,-790
1075,-789
1074,-789
1073,-788
1072,-788
1071,-788
1070,-787
1069,-787
1068,-787
1067,-786
1066,-785
1065,-785
1064,-785
1063,-785
1062,-785
1061,-784
1060,-784
1059,-784
1058,-783
1057,-783
1056,-783
1055,-782
1055,-781
1054,-781
1053,-781
1052,-781
1051,-781
1050,-780
1049,-780
1048,-780
1047,-779
1046,-778
1045,-778
1044,-778
1043,-777
1042,-777
1041,-777
1040,-776
1039,-776
1038,-776
1037,-775
1036,-775
1035,-775
1034,-774
1033,-774
1032,-774
1031,-774
1030,-773
1029,-773
1028,-773
1027,-773
1026,-772
1025,-772
1024,-772
1023,-771
1023,-770
1022,-770
1021,-770
1020,-770
1019,-770
1018,-769
1017,-769
1016,-769
1015,-768
1014,-768
1013,-768
1012,-767
1011,-767
1010,-767
1009,-766
1008,-766
1007,-766
1006,-765
1005,-765
1004,-765
1003,-765
1002,-765
1001,-765
1000,-764
999,-763
998,-763
997,-763
996,-763
995,-763
994,-762
993,-762
992,-762
991,-762
990,-761
989,-761
988,-760
987,-760
986,-760
985,-760
984,-759
983,-759
982,-759
981,-759
980,-758
979,-758
978,-758
977,-757
976,-757
975,-756
974,-756
973,-756
972,-756
971,-756
970,-756
969,-755
968,-755
967,-755
966,-754
965,-754
964,-754
963,-754
962,-753
961,-753
960,-753
959,-753
958,-752
957,-752
956,-752
955,-752
954,-751
953,-751
952,-751
951,-750
950,-750
949,-750
948,-750
947,-750
946,-749
945,-749
944,-749
943,-748
942,-748
941,-748
940,-748
939,-748
938,-747
937,-747
936,-747
935,-747
934,-746
933,-746
932,-746
931,-746
930,-745
929,-745
928,-745
927,-745
926,-745
925,-744
924,-744
923,-744
922,-743
921,-743
920,-743
919,-742
918,-742
917,-742
916,-742
915,-742
914,-741
913,-741
912,-741
911,-741
910,-741
909,-741
908,-741
907,-740
906,-740
905,-740
904,-739
903,-739
902,-739
901,-738
900,-738
899,-738
898,-737
897,-737
896,-737
895,-737
894,-737
893,-736
892,-736
891,-735
890,-735
889,-735
888,-735
887,-734
886,-734
885,-734
884,-733
883,-733
882,-733
881,-732
880,-732
879,-732
878,-732
877,-732
876,-732
875,-731
874,-730
873,-730
872,-730
871,-729
870,-729
869,-729
868,-729
867,-729
866,-728
865,-727
864,-727
863,-726
863,-725
862,-725
861,-725
860,-724
859,-723
858,-723
857,-722
856,-721
855,-721
854,-720
853,-720
852,-719
851,-718
851,-717
850,-717
849,-716
848,-715
847,-714
846,-713
845,-712
844,-711
843,-711
842,-710
841,-709
840,-708
839,-707
838,-706
837,-705
836,-705
835,-704
835,-703
834,-703
833,-702
832,-701
831,-700
830,-699
829,-699
828,-698
827,-698
826,-697
825,-696
824,-695
823,-694
822,-694
821,-693
820,-693
819,-692
818,-691
817,-690
816,-690
815,-690
814,-689
813,-689
812,-688
811,-687
810,-687
809,-686
808,-686
807,-685
806,-685
805,-684
804,-683
803,-682
802,-682
801,-682
800,-682
799,-682
798,-681
797,-680
796,-679
795,-679
794,-678
793,-678
792,-677
791,-677
790,-677
789,-676
788,-675
787,-675
786,-674
785,-674
784,-674
783,-673
782,-673
781,-672
780,-672
779,-671
778,-671
777,-671
776,-670
775,-670
774,-670
773,-669
772,-669
771,-669
770,-668
769,-668
768,-668
767,-667
766,-667
765,-667
764,-666
763,-666
762,-666
761,-666
760,-665
759,-665
758,-665
757,-665
756,-664
755,-664
754,-664
753,-663
752,-663
751,-663
750,-663
749,-662
748,-662
747,-662
746,-662
745,-662
744,-661
743,-661
742,-661
741,-660
740,-660
739,-660
738,-660
737,-659
736,-659
735,-659
734,-659
733,-658
732,-658
731,-658
730,-658
729,-657
728,-657
727,-657
726,-657
725,-657
724,-657
723,-657
722,-657
721,-656
721,-655
720,-655
719,-655
718,-655
717,-655
716,-655
715,-655
714,-655
713,-655
712,-654
711,-654
710,-654
709,-654
708,-654
707,-654
706,-654
705,-653
704,-653
703,-653
702,-653
701,-653
700,-653
699,-653
698,-653
697,-652
696,-652
695,-652
694,-652
693,-652
692,-651
691,-651
690,-651
689,-651
688,-651
687,-651
686,-651
685,-651
684,-651
683,-651
682,-651
681,-651
680,-650
679,-650
678,-650
677,-650
676,-650
675,-650
674,-650
673,-650
672,-650
671,-650
670,-650
669,-650
668,-650
667,-650
666,-650
665,-650
664,-650
663,-650
662,-650
661,-650
660,-650
659,-650
658,-650
657,-650
656,-650
655,-651
654,-651
653,-651
652,-651
651,-651
650,-651
649,-651
648,-651
647,-651
646,-651
645,-651
644,-651
643,-651
642,-651
641,-651
640,-651
639,-652
638,-652
637,-652
636,-652
635,-652
634,-652
633,-652
632,-652
631,-652
630,-652
629,-652
628,-652
627,-652
626,-652
625,-652
624,-653
623,-653
622,-653
621,-653
620,-653
619,-653
618,-654
617,-654
616,-654
615,-654
614,-654
613,-654
612,-654
611,-654
610,-654
609,-655
608,-655
607,-655
606,-655
605,-656
604,-657
603,-657
602,-657
601,-657
600,-658
599,-658
598,-658
597,-658
596,-658
595,-658
594,-658
593,-659
592,-659
591,-659
590,-659
589,-660
588,-660
587,-660
586,-660
585,-661
584,-661
583,-661
582,-661
581,-661
580,-661
579,-662
578,-662
577,-662
576,-662
575,-663
574,-663
573,-664
572,-664
571,-664
570,-664
569,-665
568,-665
567,-665
566,-665
565,-665
564,-665
563,-665
562,-666
561,-666
560,-666
559,-666
558,-667
557,-667
556,-667
555,-667
554,-668
553,-668
552,-669
551,-669
550,-669
549,-670
548,-670
547,-670
546,-670
545,-670
544,-671
543,-671
542,-671
541,-671
540,-672
539,-672
538,-673
537,-673
536,-673
535,-674
534,-674
533,-674
532,-675
531,-675
530,-675
529,-675
528,-676
527,-676
526,-677
525,-677
524,-677
523,-677
522,-677
521,-678
520,-678
519,-678
518,-679
517,-679
516,-680
515,-680
514,-680
513,-681
512,-681
511,-681
510,-682
509,-682
508,-683
507,-683
506,-684
505,-684
505,-685
504,-686
503,-686
502,-686
501,-686
500,-686
499,-687
498,-687
497,-688
496,-688
495,-689
494,-689
493,-689
492,-690
491,-690
490,-690
489,-691
488,-691
487,-692
486,-693
485,-693
484,-694
483,-694
482,-694
481,-695
480,-695
479,-696
478,-696
477,-697
476,-697
475,-698
474,-698
473,-699
472,-699
471,-700
470,-701
469,-701
468,-701
467,-702
466,-703
465,-704
464,-704
463,-705
462,-705
461,-706
460,-706
459,-707
458,-707
457,-708
456,-709
455,-709
454,-710
453,-710
452,-711
451,-711
450,-712
449,-713
448,-713
447,-714
446,-714
445,-715
444,-716
443,-716
442,-717
441,-717
440,-718
439,-719
438,-719
437,-720
436,-720
435,-720
435,-721
434,-722
433,-723
432,-723
431,-724
430,-724
429,-725
428,-726
427,-726
426,-727
425,-727
424,-728
423,-728
422,-729
421,-730
420,-730
419,-731
418,-732
417,-733
416,-733
415,-734
414,-734
413,-735
412,-736
411,-737
410,-737
409,-738
408,-739
407,-739
406,-740
405,-741
404,-742
403,-742
402,-743
401,-744
400,-744
400,-745
399,-746
