442,-732
442,-733
442,-734
442,-735
442,-736
442,-737
442,-738
442,-739
442,-740
442,-741
443,-742
444,-743
445,-743
446,-744
446,-745
446,-746
447,-747
448,-748
449,-748
450,-749
450,-750
451,-751
452,-752
453,-752
454,-752
455,-753
456,-753
457,-753
458,-754
459,-755
459,-756
459,-757
460,-757
461,-758
461,-759
462,-760
463,-760
464,-760
465,-761
466,-761
467,-762
468,-763
469,-763
470,-764
470,-765
471,-765
472,-766
473,-766
474,-767
475,-767
476,-767
477,-767
478,-768
479,-769
480,-769
481,-769
482,-769
483,-770
484,-770
485,-771
485,-772
485,-773
486,-773
487,-774
488,-774
489,-774
490,-775
491,-775
492,-776
493,-777
494,-777
495,-778
496,-779
496,-780
497,-780
498,-781
499,-781
500,-782
501,-782
502,-783
503,-784
504,-784
505,-785
506,-786
507,-786
508,-787
509,-788
510,-788
511,-788
512,-789
513,-790
514,-790
515,-791
516,-792
517,-793
518,-793
519,-794
520,-794
521,-795
522,-795
523,-796
524,-797
525,-797
526,-797
527,-798
528,-799
528,-800
529,-800
530,-801
531,-801
532,-802
533,-802
534,-803
535,-804
535,-805
536,-805
537,-805
538,-805
539,-806
540,-806
541,-806
542,-807
543,-808
544,-808
545,-809
546,-809
547,-810
548,-811
549,-811
550,-812
551,-812
552,-813
553,-813
554,-813
555,-814
556,-815
557,-815
558,-816
559,-816
560,-817
561,-817
562,-818
563,-818
564,-819
565,-820
566,-820
567,-820
568,-821
569,-821
570,-821
571,-822
571,-823
572,-823
573,-823
574,-824
575,-824
576,-824
577,-824
578,-825
579,-825
580,-825
581,-825
582,-826
583,-827
584,-827
585,-828
586,-828
587,-829
588,-829
589,-829
590,-829
591,-830
592,-830
593,-830
594,-831
595,-831
596,-831
597,-831
598,-832
599,-832
600,-833
601,-833
602,-834
603,-834
604,-834
605,-834
606,-835
607,-835
608,-835
609,-836
610,-836
611,-836
612,-836
613,-837
614,-837
615,-837
616,-838
617,-838
618,-838
619,-839
620,-839
621,-839
622,-840
623,-840
624,-840
625,-840
626,-840
627,-841
628,-841
629,-841
630,-841
631,-841
632,-841
633,-841
634,-842
635,-842
636,-843
637,-843
638,-843
639,-843
640,-844
641,-844
642,-844
643,-844
644,-844
645,-844
646,-844
647,-845
648,-845
649,-845
650,-845
651,-845
652,-845
653,-845
654,-845
655,-845
656,-845
657,-845
658,-845
659,-846
660,-846
661,-846
662,-846
663,-846
664,-846
665,-846
666,-846
667,-846
668,-846
669,-846
670,-845
671,-845
672,-845
673,-846
674,-846
675,-846
676,-846
677,-846
678,-846
679,-846
680,-846
681,-846
682,-846
683,-846
684,-846
685,-846
686,-846
687,-846
688,-846
689,-846
690,-846
691,-846
692,-845
693,-845
694,-845
695,-845
696,-845
697,-845
698,-845
699,-845
700,-844
701,-844
702,-844
703,-844
704,-844
705,-844
706,-843
707,-843
708,-843
709,-843
710,-843
711,-843
712,-843
713,-842
714,-842
715,-842
716,-842
717,-842
718,-841
719,-841
720,-841
721,-841
722,-841
723,-841
724,-841
725,-841
726,-841
727,-841
728,-841
729,-841
730,-841
731,-841
732,-841
733,-841
734,-841
735,-840
736,-840
737,-840
738,-840
739,-840
740,-840
741,-840
742,-840
743,-840
744,-840
745,-840
746,-840
747,-840
748,-840
749,-839
750,-839
751,-839
752,-839
753,-839
754,-838
755,-838
756,-838
757,-838
758,-838
759,-838
760,-838
761,-838
762,-838
763,-837
764,-837
765,-837
766,-837
767,-837
768,-837
769,-836
770,-836
771,-836
772,-836
773,-836
774,-836
775,-836
776,-836
777,-836
778,-836
779,-836
780,-835
781,-835
782,-835
783,-835
784,-835
785,-835
786,-835
787,-835
788,-835
789,-834
790,-834
791,-834
792,-833
793,-833
794,-832
795,-832
796,-831
797,-831
798,-830
799,-830
799,-829
800,-828
801,-828
802,-828
803,-828
803,-827
804,-826
805,-826
806,-825
807,-825
808,-825
809,-824
810,-824
811,-823
812,-823
813,-822
813,-821
814,-820
814,-819
815,-818
816,-818
817,-818
818,-818
819,-818
819,-817
819,-816
820,-815
821,-815
822,-814
822,-813
823,-812
824,-811
825,-811
826,-811
827,-811
828,-810
829,-810
830,-810
830,-809
831,-808
832,-807
833,-807
834,-807
835,-807
836,-806
837,-806
838,-806
839,-807
840,-807
841,-807
842,-807
843,-807
843,-806
844,-805
845,-805
846,-805
847,-805
848,-805
848,-804
848,-803
849,-802
850,-802
851,-802
852,-801
853,-800
853,-799
853,-798
854,-797
855,-797
856,-797
857,-797
858,-797
859,-796
860,-796
861,-795
862,-795
863,-795
864,-795
865,-794
866,-793
867,-793
868,-792
869,-792
870,-792
871,-791
872,-790
873,-790
874,-789
875,-788
876,-788
877,-787
878,-787
879,-787
880,-786
881,-786
882,-786
883,-786
884,-785
885,-785
886,-785
887,-785
888,-785
889,-785
890,-784
891,-784
892,-784
893,-784
894,-784
895,-784
896,-784
897,-783
898,-783
899,-783
900,-783
901,-783
902,-783
903,-783
904,-783
905,-783
906,-783
907,-783
908,-783
909,-783
910,-783
911,-783
912,-783
913,-783
914,-783
915,-783
916,-783
917,-783
918,-783
919,-783
920,-783
921,-783
922,-783
923,-783
924,-783
925,-783
926,-783
927,-783
928,-782
929,-782
930,-782
931,-782
932,-783
933,-783
934,-783
935,-783
936,-783
937,-783
938,-783
939,-783
940,-783
941,-783
942,-783
943,-783
944,-783
945,-783
946,-783
947,-783
948,-783
949,-783
950,-783
951,-783
952,-783
953,-783
954,-783
955,-783
956,-783
957,-783
958,-783
959,-783
960,-783
961,-783
962,-783
963,-784
964,-784
965,-784
966,-784
967,-784
968,-784
969,-784
970,-784
971,-784
972,-784
973,-784
974,-784
975,-784
976,-784
977,-784
978,-784
979,-784
980,-784
981,-784
982,-784
983,-784
984,-785
985,-785
986,-785
987,-785
988,-785
989,-785
990,-785
991,-785
992,-785
993,-785
994,-785
995,-785
996,-786
997,-786
998,-786
999,-786
1000,-786
1001,-786
1002,-786
1003,-786
1004,-786
1005,-786
1006,-787
1007,-787
1008,-787
1009,-787
1010,-787
1011,-787
1012,-787
1013,-787
1014,-788
1015,-788
1016,-788
1017,-788
1018,-788
1019,-788
1020,-788
1021,-788
1022,-788
1023,-788
1024,-788
1025,-789
1026,-789
1027,-789
1028,-789
1029,-789
1030,-789
1031,-790
1032,-790
1033,-790
1034,-790
1035,-790
1036,-790
1037,-790
1038,-790
1039,-790
1040,-790
1041,-790
1042,-791
1043,-791
1044,-791
1045,-791
1046,-791
1047,-791
1048,-791
1049,-791
1050,-791
1051,-791
1051,-790
1052,-789
1053,-788
1053,-787
1054,-786
1055,-785
1056,-784
1057,-784
1058,-783
1059,-782
1059,-781
1059,-780
1059,-779
1059,-778
1058,-778
1057,-777
1057,-776
1057,-775
1056,-775
1055,-775
1054,-774
1054,-773
1053,-773
1052,-773
1051,-773
1050,-773
1049,-773
1048,-773
1047,-773
1046,-772
1046,-771
1045,-771
1044,-771
1043,-771
1042,-771
1041,-770
1041,-769
1040,-769
1039,-769
1038,-769
1037,-768
1036,-768
1035,-768
1034,-768
1033,-767
1032,-767
1031,-767
1030,-767
1029,-766
1028,-766
1027,-766
1026,-766
1025,-765
1024,-765
1023,-765
1022,-765
1021,-765
1020,-765
1019,-765
1018,-765
1017,-765
1016,-765
1015,-765
1014,-765
1013,-766
1012,-767
1011,-767
1010,-767
1009,-767
1008,-766
1007,-765
1006,-765
1005,-765
1004,-765
1003,-764
1002,-764
1001,-764
1000,-764
999,-764
998,-763
998,-762
998,-761
999,-760
1000,-760
1001,-760
1002,-760
1003,-760
1004,-760
1005,-760
1006,-759
1007,-759
1008,-759
1009,-759
1010,-759
1011,-759
1012,-759
1013,-759
1014,-759
1015,-759
1016,-759
1017,-759
1018,-758
1019,-757
1020,-757
1021,-757
1022,-758
1023,-759
1024,-759
1025,-759
1026,-759
1027,-759
1028,-758
1029,-758
1030,-758
1031,-758
1032,-758
1033,-758
1034,-758
1034,-757
1034,-756
1034,-755
1034,-754
1033,-754
1032,-754
1031,-754
1030,-754
1029,-754
1028,-754
1027,-754
1026,-753
1025,-753
1024,-753
1023,-753
1022,-753
1021,-752
1020,-752
1019,-752
1018,-752
1017,-752
1016,-752
1015,-752
1014,-752
1013,-751
1012,-751
1011,-751
1010,-751
1009,-751
1008,-751
1007,-750
1006,-750
1005,-750
1004,-750
1003,-750
1002,-750
1001,-750
1000,-750
999,-750
998,-750
997,-749
996,-749
995,-748
994,-748
993,-748
992,-748
991,-748
990,-748
989,-748
988,-748
987,-748
986,-748
985,-748
984,-748
983,-749
982,-749
981,-749
980,-749
979,-749
978,-748
977,-748
976,-748
975,-747
974,-747
973,-747
972,-747
971,-747
970,-747
969,-747
968,-747
967,-747
966,-747
965,-747
964,-746
963,-745
962,-745
961,-745
960,-745
959,-745
958,-745
957,-745
956,-745
955,-744
954,-744
953,-744
952,-744
951,-744
950,-744
949,-744
948,-744
947,-743
946,-743
945,-743
944,-743
943,-743
942,-743
941,-743
940,-743
939,-743
938,-743
937,-743
936,-743
935,-743
934,-743
933,-742
932,-742
931,-742
930,-742
929,-742
928,-742
927,-742
926,-742
925,-742
924,-742
923,-742
922,-742
921,-742
920,-741
919,-741
918,-741
917,-741
916,-741
915,-741
914,-741
913,-741
912,-741
911,-741
910,-741
909,-741
908,-740
907,-740
906,-740
905,-740
904,-740
903,-740
902,-740
901,-739
900,-739
899,-739
898,-739
897,-739
896,-739
895,-739
894,-739
893,-739
892,-739
891,-739
890,-738
889,-738
888,-738
887,-738
886,-737
885,-737
884,-737
883,-737
882,-737
881,-737
880,-737
879,-736
878,-736
877,-736
876,-736
875,-736
874,-736
873,-735
872,-735
871,-735
870,-735
869,-735
868,-735
867,-734
866,-734
865,-734
864,-734
863,-733
862,-733
861,-732
860,-732
859,-732
858,-731
857,-731
856,-731
855,-731
854,-731
853,-730
852,-729
851,-729
850,-729
849,-728
848,-728
847,-728
846,-727
845,-727
844,-726
843,-726
842,-726
841,-726
840,-725
839,-725
838,-724
837,-724
836,-724
835,-724
834,-724
833,-724
832,-723
831,-722
831,-721
830,-721
829,-720
828,-720
827,-719
826,-718
825,-717
824,-717
823,-716
822,-715
821,-714
821,-713
820,-712
819,-711
818,-711
817,-710
817,-709
816,-709
815,-708
814,-707
813,-706
812,-705
811,-704
810,-704
809,-704
808,-703
807,-702
806,-701
805,-700
804,-699
803,-698
802,-698
801,-697
800,-696
799,-695
798,-694
797,-694
796,-693
795,-692
794,-691
793,-691
792,-691
791,-690
790,-690
789,-689
789,-688
788,-688
787,-687
786,-686
785,-685
784,-685
783,-684
782,-684
781,-683
780,-683
779,-682
778,-682
777,-681
776,-680
775,-680
774,-680
773,-679
772,-679
771,-678
770,-678
769,-678
768,-677
767,-677
766,-676
765,-676
764,-676
763,-675
762,-675
761,-674
760,-674
759,-673
758,-673
757,-673
756,-673
755,-672
754,-672
753,-672
752,-671
751,-671
750,-670
749,-670
748,-670
747,-669
746,-669
745,-669
744,-669
743,-668
742,-668
741,-668
740,-667
739,-667
738,-667
737,-667
736,-667
735,-666
734,-666
733,-666
732,-666
731,-665
730,-665
729,-665
728,-664
727,-664
726,-664
725,-664
724,-664
723,-663
722,-663
721,-663
720,-663
719,-662
718,-662
717,-662
716,-662
715,-662
714,-661
713,-661
712,-661
711,-661
710,-661
709,-660
708,-660
707,-660
706,-660
705,-660
704,-660
703,-660
702,-660
701,-660
700,-659
699,-659
698,-659
697,-658
696,-658
695,-658
694,-658
693,-658
692,-658
691,-657
690,-657
689,-657
688,-657
687,-657
686,-657
685,-657
684,-657
683,-657
682,-657
681,-657
680,-657
679,-657
678,-657
677,-657
676,-656
675,-656
674,-656
673,-656
672,-656
671,-656
670,-656
669,-656
668,-656
667,-656
666,-656
665,-656
664,-656
663,-656
662,-656
661,-656
660,-656
659,-656
658,-656
657,-656
656,-656
655,-656
654,-656
653,-656
652,-656
651,-656
650,-656
649,-656
648,-656
647,-656
646,-657
645,-657
644,-657
643,-657
642,-657
641,-657
640,-657
639,-657
638,-657
637,-657
636,-657
635,-657
634,-657
633,-657
632,-658
631,-658
630,-658
629,-658
628,-658
627,-658
626,-658
625,-659
624,-659
623,-659
622,-659
621,-659
620,-659
619,-660
618,-660
617,-660
616,-660
615,-660
614,-660
613,-660
612,-660
611,-661
610,-661
609,-661
608,-661
607,-661
606,-661
605,-661
604,-661
603,-662
602,-662
601,-662
600,-662
599,-663
598,-663
597,-663
596,-663
595,-663
594,-663
593,-663
592,-664
591,-664
590,-664
589,-664
588,-664
587,-665
586,-665
585,-665
584,-666
583,-666
582,-666
581,-667
580,-667
579,-667
578,-667
577,-667
576,-668
575,-668
574,-668
573,-669
572,-669
571,-669
570,-669
569,-669
568,-670
567,-670
566,-671
565,-671
564,-671
563,-672
562,-672
561,-672
560,-672
559,-673
558,-673
557,-674
556,-674
555,-675
554,-675
553,-675
552,-675
551,-676
550,-676
549,-677
548,-677
547,-678
546,-678
545,-678
544,-679
543,-679
542,-680
541,-680
540,-680
539,-681
538,-681
537,-681
536,-682
535,-683
534,-683
533,-683
532,-684
531,-684
530,-684
529,-685
528,-685
527,-686
526,-686
525,-687
524,-687
523,-688
522,-688
521,-689
520,-689
519,-689
518,-690
517,-690
516,-691
515,-691
514,-692
513,-692
512,-692
511,-693
510,-693
509,-694
508,-694
507,-694
506,-695
505,-696
504,-696
503,-696
502,-696
501,-697
500,-698
499,-698
498,-699
497,-699
496,-700
495,-700
494,-700
493,-701
492,-702
491,-702
490,-703
489,-703
488,-704
487,-704
486,-705
485,-705
484,-706
483,-706
482,-707
481,-707
480,-708
479,-708
478,-709
477,-710
476,-710
475,-711
474,-712
473,-712
472,-713
471,-714
470,-714
469,-715
468,-716
467,-716
466,-717
465,-718
464,-718
463,-719
462,-720
461,-720
460,-721
459,-721
458,-722
457,-722
456,-723
455,-723
454,-723
453,-724
452,-725
451,-725
450,-726
449,-726
448,-727
447,-728
446,-729
445,-730
444,-730
444,-731
443,-732
442,-732
