468,-1024
468,-1025
468,-1026
468,-1027
468,-1028
468,-1029
468,-1030
468,-1031
468,-1032
468,-1033
468,-1034
468,-1035
468,-1036
469,-1037
469,-1038
469,-1039
469,-1040
469,-1041
469,-1042
470,-1043
470,-1044
470,-1045
470,-1046
470,-1047
470,-1048
470,-1049
470,-1050
470,-1051
470,-1052
471,-1053
471,-1054
471,-1055
471,-1056
472,-1057
472,-1058
472,-1059
472,-1060
472,-1061
472,-1062
472,-1063
473,-1063
474,-1063
475,-1063
476,-1063
476,-1062
476,-1061
476,-1060
477,-1059
478,-1059
479,-1059
480,-1059
481,-1059
482,-1059
483,-1059
484,-1059
484,-1058
485,-1057
486,-1057
487,-1056
488,-1055
489,-1055
490,-1055
491,-1055
492,-1055
493,-1055
494,-1055
495,-1054
496,-1054
497,-1053
498,-1053
499,-1053
500,-1053
500,-1052
500,-1051
501,-1050
502,-1050
503,-1050
504,-1050
505,-1050
505,-1049
506,-1048
506,-1047
507,-1046
508,-1045
509,-1045
510,-1044
511,-1044
512,-1044
513,-1044
513,-1043
513,-1042
514,-1041
515,-1041
516,-1041
517,-1041
518,-1040
519,-1039
520,-1039
521,-1039
522,-1039
523,-1039
523,-1038
523,-1037
524,-1036
524,-1035
525,-1034
526,-1033
527,-1033
528,-1033
529,-1033
530,-1033
531,-1032
532,-1031
532,-1030
533,-1029
534,-1029
535,-1029
536,-1028
537,-1027
538,-1027
539,-1027
540,-1026
541,-1025
542,-1024
543,-1024
544,-1023
545,-1023
546,-1022
547,-1022
548,-1021
549,-1020
550,-1020
551,-1019
552,-1019
553,-1018
554,-1018
555,-1017
556,-1016
557,-1016
558,-1015
559,-1014
560,-1013
561,-1012
562,-1011
563,-1010
564,-1010
565,-1009
566,-1009
567,-1009
568,-1009
569,-1009
570,-1009
571,-1008
572,-1008
573,-1007
574,-1007
575,-1007
576,-1007
577,-1007
577,-1006
578,-1005
579,-1005
580,-1005
581,-1005
582,-1005
582,-1004
582,-1003
583,-1002
584,-1002
585,-1002
586,-1001
587,-1001
588,-1001
589,-1001
590,-1001
590,-1000
590,-999
591,-998
592,-998
593,-998
594,-997
595,-997
596,-997
597,-997
598,-997
598,-996
598,-995
599,-994
600,-994
601,-994
602,-994
603,-993
604,-993
605,-993
606,-993
607,-993
608,-993
609,-993
610,-993
610,-992
610,-991
610,-990
611,-989
612,-989
613,-989
614,-990
615,-990
616,-990
617,-990
618,-990
618,-989
618,-988
618,-987
618,-986
619,-985
620,-985
621,-984
622,-984
623,-984
624,-983
625,-983
626,-983
627,-982
628,-982
629,-982
630,-982
631,-982
632,-982
633,-982
634,-982
635,-982
636,-982
637,-982
637,-981
637,-980
637,-979
637,-978
638,-977
639,-977
640,-977
641,-977
642,-977
643,-977
643,-976
644,-975
645,-974
646,-974
647,-974
648,-974
649,-974
650,-974
651,-974
652,-974
652,-973
652,-972
652,-971
653,-970
654,-970
655,-969
656,-969
657,-968
658,-968
659,-967
660,-967
661,-967
662,-967
663,-966
664,-966
665,-965
666,-964
667,-964
668,-964
669,-964
670,-963
671,-963
672,-963
672,-962
673,-961
674,-960
675,-960
676,-960
677,-960
678,-960
679,-960
680,-960
681,-959
681,-958
682,-957
683,-956
684,-955
685,-955
686,-955
687,-955
688,-954
689,-953
690,-953
691,-953
692,-953
693,-953
693,-952
693,-951
694,-950
695,-950
696,-950
697,-951
698,-951
699,-951
700,-951
701,-951
701,-950
702,-949
703,-948
703,-947
704,-946
705,-946
706,-945
707,-945
708,-944
709,-944
710,-943
711,-943
712,-943
713,-942
714,-941
715,-941
715,-940
716,-939
717,-939
718,-939
719,-939
719,-938
720,-937
721,-937
722,-937
723,-936
724,-936
724,-935
725,-934
726,-934
727,-933
728,-933
729,-933
729,-932
730,-931
731,-931
732,-931
732,-930
733,-929
734,-929
735,-929
736,-929
737,-928
738,-928
739,-928
740,-927
740,-926
741,-925
742,-925
743,-925
744,-924
745,-924
746,-923
746,-922
747,-921
748,-921
749,-921
750,-920
751,-920
752,-919
753,-919
753,-918
754,-917
755,-917
756,-916
757,-915
758,-914
759,-914
760,-913
761,-912
762,-912
763,-912
763,-911
764,-910
765,-909
766,-909
767,-908
768,-907
769,-906
770,-906
771,-905
772,-904
773,-903
774,-903
775,-903
776,-902
777,-901
778,-900
778,-899
779,-898
780,-897
781,-897
782,-897
782,-896
783,-895
784,-894
785,-894
785,-893
786,-892
787,-892
788,-891
789,-891
789,-890
790,-889
791,-888
792,-888
793,-887
794,-886
795,-885
796,-884
797,-884
798,-883
799,-882
800,-882
800,-881
800,-880
800,-879
801,-878
802,-878
803,-878
804,-877
804,-876
805,-875
806,-874
807,-873
808,-872
809,-872
810,-871
810,-870
811,-869
812,-869
813,-868
814,-867
815,-866
816,-865
817,-864
818,-863
819,-863
819,-862
819,-861
819,-860
819,-859
820,-858
821,-857
822,-857
823,-857
824,-857
825,-856
826,-855
827,-855
827,-854
827,-853
828,-852
829,-852
829,-851
829,-850
829,-849
830,-848
831,-848
831,-847
831,-846
831,-845
832,-844
833,-844
834,-844
835,-843
835,-842
836,-841
837,-840
838,-840
838,-839
839,-838
839,-837
839,-836
839,-835
839,-834
839,-833
840,-832
841,-832
842,-832
843,-831
844,-831
845,-831
846,-831
847,-831
848,-830
848,-829
848,-828
848,-827
849,-826
850,-825
851,-824
851,-823
852,-822
852,-821
853,-820
854,-820
855,-819
855,-818
855,-817
855,-816
855,-815
855,-814
856,-813
857,-812
857,-811
858,-810
859,-810
860,-809
861,-809
861,-808
861,-807
862,-806
862,-805
862,-804
862,-803
863,-802
864,-801
865,-801
866,-801
867,-801
868,-801
869,-801
870,-801
871,-800
872,-800
873,-800
873,-799
873,-798
873,-797
873,-796
873,-795
873,-794
873,-793
874,-792
875,-792
876,-792
877,-792
877,-791
877,-790
878,-789
878,-788
879,-787
880,-786
881,-786
882,-785
882,-784
882,-783
883,-782
883,-781
884,-780
884,-779
885,-778
886,-777
886,-776
887,-775
887,-774
888,-773
889,-772
889,-771
890,-770
890,-769
890,-768
891,-767
892,-766
892,-765
893,-764
893,-763
894,-762
894,-761
895,-760
895,-759
896,-758
896,-757
897,-756
897,-755
897,-754
898,-753
899,-752
899,-751
900,-750
901,-749
901,-748
901,-747
902,-746
902,-745
902,-744
902,-743
903,-742
904,-742
904,-741
904,-740
905,-739
905,-738
905,-737
906,-736
906,-735
907,-734
907,-733
907,-732
907,-731
908,-730
909,-729
909,-728
909,-727
909,-726
910,-725
910,-724
910,-723
911,-722
911,-721
912,-720
912,-719
913,-718
913,-717
913,-716
914,-715
914,-714
914,-713
915,-712
915,-711
915,-710
916,-709
916,-708
917,-707
917,-706
918,-705
918,-704
918,-703
918,-702
918,-701
919,-700
919,-699
919,-698
920,-697
920,-696
920,-695
921,-694
921,-693
921,-692
922,-691
922,-690
923,-689
923,-688
923,-687
923,-686
923,-685
924,-684
924,-683
924,-682
925,-681
925,-680
926,-679
926,-678
926,-677
926,-676
926,-675
926,-674
926,-673
927,-672
927,-671
927,-670
927,-669
928,-668
928,-667
928,-666
928,-665
928,-664
928,-663
928,-662
929,-661
929,-660
929,-659
930,-658
930,-657
930,-656
931,-655
931,-654
931,-653
931,-652
931,-651
931,-650
931,-649
931,-648
931,-647
931,-646
932,-645
932,-644
932,-643
933,-642
933,-641
933,-640
933,-639
933,-638
933,-637
933,-636
933,-635
933,-634
933,-633
933,-632
933,-631
933,-630
933,-629
934,-628
934,-627
934,-626
934,-625
934,-624
934,-623
934,-622
934,-621
934,-620
934,-619
934,-618
935,-617
935,-616
935,-615
935,-614
936,-613
936,-612
936,-611
936,-610
936,-609
936,-608
936,-607
936,-606
936,-605
936,-604
937,-603
937,-602
937,-601
937,-600
937,-599
937,-598
937,-597
937,-596
937,-595
937,-594
938,-593
938,-592
938,-591
938,-590
938,-589
938,-588
939,-587
939,-586
939,-585
939,-584
940,-583
940,-582
940,-581
940,-580
941,-579
942,-578
942,-577
942,-576
943,-575
943,-574
943,-573
944,-572
944,-571
945,-570
945,-569
945,-568
946,-567
946,-566
947,-565
947,-564
948,-563
948,-562
948,-561
949,-560
949,-559
949,-558
950,-557
950,-556
951,-555
951,-554
951,-553
952,-552
952,-551
953,-550
953,-549
954,-548
954,-547
954,-546
955,-545
955,-544
956,-543
957,-543
957,-542
958,-541
959,-541
960,-541
961,-540
962,-539
963,-538
964,-537
965,-537
966,-536
967,-536
968,-536
969,-536
970,-536
971,-535
972,-535
973,-535
973,-534
974,-533
975,-533
976,-533
976,-532
977,-531
978,-531
979,-531
980,-531
981,-530
982,-530
983,-529
984,-529
985,-528
985,-527
986,-526
987,-525
988,-525
989,-525
990,-524
991,-523
992,-523
993,-523
993,-522
993,-521
994,-520
995,-520
996,-519
997,-519
998,-519
999,-519
1000,-519
1001,-519
1002,-519
1003,-519
1003,-518
1003,-517
1003,-516
1004,-515
1005,-515
1006,-514
1007,-514
1008,-514
1009,-513
1009,-512
1009,-511
1010,-510
1011,-509
1012,-509
1013,-508
1014,-508
1014,-507
1014,-506
1015,-505
1015,-504
1015,-503
1016,-502
1017,-501
1017,-500
1017,-499
1018,-498
1018,-497
1018,-496
1018,-495
1019,-494
1019,-493
1019,-492
1020,-491
1020,-490
1020,-489
1020,-488
1020,-487
1021,-486
1021,-485
1021,-484
1021,-483
1021,-482
1021,-481
1021,-480
1021,-479
1020,-478
1020,-477
1020,-476
1020,-475
1020,-474
1020,-473
1020,-472
1021,-471
1022,-470
1023,-469
1024,-468
1025,-467
1026,-467
1026,-466
1027,-465
1028,-465
1029,-464
1030,-463
1031,-462
1031,-461
1032,-460
1032,-459
1033,-458
1033,-457
1033,-456
1033,-455
1033,-454
1033,-453
1033,-452
1032,-451
1031,-450
1031,-449
1030,-448
1029,-447
1029,-446
1028,-445
1027,-444
1026,-444
1025,-443
1024,-442
1023,-441
1022,-441
1021,-440
1020,-440
1019,-440
1018,-439
1017,-439
1016,-438
1015,-438
1014,-438
1013,-438
1012,-438
1011,-438
1010,-438
1009,-439
1008,-439
1007,-439
1006,-439
1005,-440
1004,-440
1003,-441
1002,-441
1001,-441
1000,-441
999,-442
998,-442
997,-443
996,-443
995,-444
994,-444
993,-444
992,-445
991,-445
990,-446
989,-446
988,-447
987,-448
986,-448
985,-449
984,-449
983,-449
982,-450
981,-451
980,-451
979,-451
978,-452
977,-453
976,-453
975,-454
974,-454
973,-455
972,-455
971,-456
970,-456
969,-457
968,-457
967,-458
966,-459
965,-459
964,-460
963,-460
962,-460
962,-461
961,-462
960,-462
959,-462
958,-463
957,-464
956,-464
955,-464
954,-465
953,-466
952,-467
951,-467
950,-468
949,-468
948,-469
947,-469
946,-470
945,-470
944,-471
943,-471
942,-472
941,-472
940,-473
939,-473
938,-474
937,-475
936,-475
935,-475
934,-476
933,-477
932,-477
931,-478
930,-479
929,-479
928,-480
927,-481
926,-481
925,-482
924,-482
923,-482
922,-483
921,-483
920,-484
919,-485
918,-485
917,-486
916,-486
915,-487
914,-488
913,-488
912,-488
911,-489
910,-490
909,-490
908,-491
907,-491
906,-491
905,-492
904,-493
903,-493
902,-493
901,-494
900,-495
899,-495
898,-495
897,-495
896,-496
895,-497
894,-497
893,-497
892,-498
891,-498
890,-499
889,-499
888,-500
887,-501
886,-501
885,-501
884,-502
883,-502
882,-502
881,-503
880,-503
879,-503
878,-504
877,-504
876,-505
875,-505
874,-505
873,-505
872,-506
871,-506
870,-506
869,-506
868,-506
867,-507
866,-507
865,-507
864,-507
863,-507
862,-507
861,-508
860,-508
859,-508
858,-508
857,-509
856,-509
855,-509
854,-509
853,-509
852,-509
851,-510
850,-510
849,-510
848,-510
847,-510
846,-510
845,-510
844,-510
843,-510
842,-510
841,-511
840,-511
839,-511
838,-511
837,-511
836,-511
835,-511
834,-511
833,-511
832,-512
831,-512
830,-512
829,-512
828,-512
827,-512
826,-513
825,-513
824,-513
823,-513
822,-513
821,-513
820,-513
819,-513
818,-513
817,-514
816,-514
815,-515
814,-515
813,-515
812,-515
811,-515
810,-515
809,-515
808,-516
807,-517
806,-517
805,-517
804,-517
803,-518
802,-518
801,-518
800,-518
799,-518
798,-518
797,-519
796,-519
795,-519
794,-519
793,-520
792,-521
791,-521
790,-521
789,-521
788,-522
787,-522
786,-522
785,-522
784,-522
783,-522
782,-523
781,-523
780,-523
779,-524
778,-525
777,-526
776,-526
775,-526
774,-527
773,-527
772,-527
771,-528
770,-529
769,-529
768,-529
767,-530
766,-530
765,-530
764,-531
763,-531
762,-532
761,-533
760,-533
759,-533
758,-534
757,-534
756,-535
755,-536
754,-536
753,-537
752,-537
751,-538
750,-538
749,-538
748,-539
747,-540
746,-541
745,-541
744,-541
743,-542
742,-542
741,-543
740,-544
739,-544
738,-545
737,-545
736,-545
735,-546
734,-547
733,-548
732,-548
731,-549
730,-550
729,-550
728,-551
727,-552
726,-553
725,-553
724,-554
723,-554
722,-555
721,-556
720,-557
719,-557
718,-557
717,-558
716,-559
715,-559
714,-560
713,-561
712,-562
711,-562
710,-563
709,-563
708,-564
707,-565
706,-565
705,-566
704,-566
703,-567
702,-568
701,-568
700,-569
699,-569
699,-570
698,-571
697,-571
696,-572
695,-573
694,-573
693,-574
692,-575
691,-576
690,-576
689,-577
688,-578
687,-578
686,-579
685,-580
684,-581
683,-581
682,-582
681,-583
680,-584
679,-584
678,-585
677,-586
676,-587
675,-588
674,-589
673,-589
672,-590
671,-591
670,-592
669,-593
668,-593
667,-594
666,-595
665,-596
664,-597
663,-598
662,-598
661,-599
661,-600
660,-601
659,-601
658,-602
657,-603
656,-604
655,-605
654,-606
653,-606
653,-607
652,-608
651,-609
650,-609
649,-610
648,-611
647,-612
646,-613
645,-614
644,-615
643,-616
642,-617
641,-617
641,-618
640,-619
639,-620
638,-621
637,-622
636,-623
635,-624
634,-625
633,-626
632,-627
631,-628
631,-629
630,-630
629,-630
629,-631
628,-632
627,-633
626,-634
625,-635
624,-636
623,-637
622,-638
621,-639
621,-640
620,-641
619,-642
619,-643
618,-644
617,-644
617,-645
616,-646
615,-647
614,-648
613,-649
612,-650
611,-651
611,-652
610,-653
609,-654
608,-655
607,-656
607,-657
606,-658
605,-659
604,-660
604,-661
603,-662
602,-662
601,-663
601,-664
600,-665
599,-666
598,-667
598,-668
597,-669
596,-670
596,-671
595,-672
594,-673
593,-674
593,-675
592,-676
592,-677
591,-678
590,-679
590,-680
589,-681
589,-682
588,-683
587,-684
587,-685
586,-686
585,-687
584,-688
584,-689
583,-690
582,-691
582,-692
581,-693
580,-694
580,-695
580,-696
579,-697
578,-697
578,-698
577,-699
577,-700
576,-701
576,-702
575,-703
575,-704
574,-705
573,-706
572,-707
571,-708
571,-709
570,-710
569,-711
569,-712
569,-713
568,-714
567,-715
566,-716
565,-717
565,-718
564,-719
564,-720
563,-721
563,-722
562,-723
561,-724
561,-725
561,-726
560,-727
559,-728
559,-729
558,-730
557,-731
557,-732
556,-733
556,-734
555,-735
555,-736
554,-737
554,-738
553,-739
553,-740
552,-741
552,-742
551,-743
551,-744
550,-745
549,-746
549,-747
549,-748
548,-749
548,-750
548,-751
547,-752
546,-753
546,-754
545,-755
545,-756
544,-757
544,-758
543,-759
543,-760
542,-761
542,-762
542,-763
542,-764
541,-765
541,-766
540,-767
539,-768
539,-769
539,-770
538,-771
538,-772
537,-773
537,-774
537,-775
536,-776
535,-777
535,-778
535,-779
534,-780
534,-781
533,-782
533,-783
533,-784
532,-785
532,-786
531,-787
531,-788
530,-789
530,-790
529,-791
529,-792
528,-793
528,-794
528,-795
528,-796
527,-797
527,-798
526,-799
526,-800
525,-801
525,-802
525,-803
524,-804
524,-805
524,-806
523,-807
523,-808
522,-809
522,-810
521,-811
521,-812
521,-813
520,-814
520,-815
520,-816
519,-817
519,-818
518,-819
518,-820
518,-821
517,-822
517,-823
517,-824
516,-825
516,-826
516,-827
516,-828
516,-829
516,-830
515,-831
515,-832
514,-833
513,-834
513,-835
513,-836
513,-837
512,-838
512,-839
512,-840
512,-841
511,-842
511,-843
510,-844
510,-845
510,-846
509,-847
509,-848
509,-849
509,-850
509,-851
508,-852
508,-853
508,-854
508,-855
507,-856
507,-857
506,-858
506,-859
505,-860
505,-861
505,-862
505,-863
505,-864
505,-865
504,-866
504,-867
504,-868
504,-869
503,-870
503,-871
503,-872
503,-873
503,-874
502,-875
502,-876
502,-877
502,-878
501,-879
501,-880
501,-881
501,-882
500,-883
500,-884
500,-885
500,-886
500,-887
499,-888
499,-889
499,-890
498,-891
498,-892
498,-893
498,-894
497,-895
497,-896
497,-897
497,-898
497,-899
496,-900
496,-901
496,-902
495,-903
495,-904
494,-905
494,-906
494,-907
494,-908
494,-909
494,-910
493,-911
493,-912
493,-913
493,-914
492,-915
492,-916
492,-917
492,-918
492,-919
491,-920
491,-921
491,-922
491,-923
490,-924
490,-925
490,-926
489,-927
489,-928
489,-929
489,-930
489,-931
489,-932
488,-933
488,-934
488,-935
488,-936
487,-937
487,-938
487,-939
486,-940
486,-941
486,-942
486,-943
485,-944
485,-945
485,-946
485,-947
484,-948
484,-949
484,-950
484,-951
484,-952
483,-953
483,-954
483,-955
483,-956
483,-957
482,-958
482,-959
482,-960
482,-961
482,-962
481,-963
481,-964
481,-965
481,-966
480,-967
480,-968
480,-969
480,-970
480,-971
479,-972
479,-973
479,-974
479,-975
478,-976
478,-977
478,-978
478,-979
477,-980
477,-981
476,-982
476,-983
476,-984
476,-985
476,-986
476,-987
475,-988
475,-989
475,-990
474,-991
474,-992
474,-993
474,-994
474,-995
473,-996
473,-997
473,-998
473,-999
472,-1000
472,-1001
472,-1002
472,-1003
471,-1004
471,-1005
471,-1006
471,-1007
471,-1008
471,-1009
471,-1010
470,-1011
470,-1012
470,-1013
470,-1014
470,-1015
470,-1016
470,-1017
470,-1018
470,-1019
469,-1020
469,-1021
469,-1022
469,-1023
468,-1024
