498,-1065
498,-1066
498,-1067
498,-1068
498,-1069
498,-1070
498,-1071
498,-1072
498,-1073
498,-1074
498,-1075
498,-1076
498,-1077
498,-1078
498,-1079
498,-1080
498,-1081
498,-1082
499,-1083
499,-1084
500,-1085
501,-1086
502,-1086
503,-1086
504,-1086
505,-1086
506,-1086
507,-1087
508,-1087
509,-1087
510,-1087
511,-1087
512,-1087
513,-1087
514,-1087
515,-1087
516,-1087
517,-1086
518,-1086
519,-1085
520,-1085
521,-1085
522,-1084
523,-1084
524,-1083
525,-1083
526,-1083
527,-1082
528,-1081
529,-1081
530,-1081
531,-1081
532,-1080
533,-1080
534,-1079
535,-1078
536,-1078
537,-1078
538,-1077
538,-1076
539,-1075
540,-1075
541,-1075
542,-1075
543,-1074
544,-1073
545,-1073
546,-1073
546,-1072
547,-1071
548,-1070
549,-1070
550,-1070
551,-1069
552,-1069
553,-1068
553,-1067
554,-1066
555,-1066
556,-1065
557,-1065
558,-1064
559,-1064
560,-1063
561,-1063
562,-1062
563,-1062
564,-1061
565,-1061
566,-1060
567,-1059
568,-1059
569,-1059
570,-1059
571,-1058
572,-1057
573,-1057
574,-1056
575,-1056
576,-1055
577,-1055
578,-1055
579,-1054
580,-1054
581,-1053
582,-1053
583,-1052
584,-1052
585,-1051
586,-1051
587,-1050
588,-1049
589,-1049
590,-1048
591,-1048
592,-1047
593,-1047
594,-1046
595,-1046
596,-1045
597,-1044
598,-1044
599,-1043
600,-1043
601,-1043
602,-1042
603,-1042
604,-1042
605,-1041
606,-1041
607,-1040
608,-1039
609,-1038
610,-1038
611,-1038
612,-1037
613,-1037
614,-1037
614,-1036
615,-1035
616,-1035
617,-1035
618,-1034
619,-1034
620,-1034
621,-1033
622,-1033
623,-1032
624,-1031
625,-1031
626,-1031
627,-1030
628,-1030
629,-1029
630,-1029
631,-1029
632,-1028
633,-1027
634,-1027
635,-1026
636,-1026
637,-1026
638,-1025
639,-1024
640,-1024
641,-1024
642,-1023
643,-1022
644,-1022
645,-1022
646,-1021
647,-1021
648,-1020
649,-1019
650,-1019
651,-1019
652,-1018
653,-1018
654,-1017
655,-1017
656,-1016
657,-1015
658,-1015
659,-1014
660,-1014
661,-1014
662,-1014
663,-1013
664,-1013
665,-1012
666,-1012
667,-1011
668,-1011
669,-1011
670,-1010
671,-1009
672,-1009
673,-1008
674,-1008
675,-1007
675,-1006
676,-1005
677,-1005
678,-1005
679,-1004
680,-1004
681,-1003
682,-1002
683,-1002
684,-1001
685,-1001
686,-1000
687,-999
688,-999
689,-998
690,-998
691,-997
692,-997
693,-997
693,-996
694,-995
695,-995
696,-994
697,-994
698,-994
699,-993
700,-992
701,-992
702,-991
703,-990
704,-990
705,-989
706,-989
707,-988
708,-987
709,-986
710,-986
711,-985
712,-984
713,-984
713,-983
714,-982
715,-982
716,-982
717,-981
718,-980
719,-980
720,-979
721,-978
722,-978
723,-977
724,-976
725,-975
726,-974
727,-974
728,-973
729,-972
730,-972
731,-971
732,-970
733,-970
734,-969
735,-969
736,-968
737,-967
738,-966
739,-966
740,-965
741,-964
742,-963
743,-963
744,-962
745,-961
746,-961
747,-960
748,-959
749,-958
750,-958
751,-957
752,-956
753,-956
754,-955
755,-954
756,-954
757,-954
758,-953
759,-952
760,-951
761,-951
762,-950
763,-950
763,-949
764,-948
765,-947
766,-946
767,-946
768,-945
769,-944
770,-943
771,-942
772,-942
773,-941
774,-940
775,-939
776,-938
777,-937
778,-936
779,-936
779,-935
780,-934
781,-933
782,-933
782,-932
783,-931
784,-930
785,-930
786,-930
786,-929
787,-928
787,-927
788,-926
789,-926
790,-926
791,-925
792,-924
793,-923
794,-922
795,-921
796,-920
797,-919
797,-918
798,-917
799,-916
800,-916
800,-915
801,-914
801,-913
802,-912
803,-911
804,-910
805,-910
806,-909
807,-908
807,-907
808,-906
809,-905
810,-904
811,-904
811,-903
812,-902
812,-901
813,-900
814,-900
815,-899
816,-899
817,-898
818,-897
818,-896
819,-895
819,-894
820,-893
821,-893
822,-893
822,-892
822,-891
823,-890
824,-890
824,-889
825,-888
826,-887
827,-887
827,-886
827,-885
828,-884
829,-884
830,-883
831,-882
832,-881
833,-880
834,-879
834,-878
835,-877
836,-877
836,-876
837,-875
838,-874
839,-873
840,-872
841,-871
842,-870
842,-869
843,-868
844,-867
845,-866
846,-865
847,-864
847,-863
848,-862
849,-861
850,-860
851,-859
852,-858
853,-857
853,-856
854,-855
855,-854
856,-853
856,-852
857,-851
858,-851
859,-850
859,-849
860,-848
860,-847
861,-846
862,-845
863,-844
863,-843
864,-842
865,-841
866,-840
866,-839
867,-838
868,-837
868,-836
869,-835
870,-834
871,-833
871,-832
872,-831
873,-830
873,-829
874,-828
875,-828
875,-827
876,-826
876,-825
877,-824
878,-823
878,-822
879,-821
879,-820
880,-819
880,-818
881,-817
882,-816
882,-815
883,-814
883,-813
884,-812
884,-811
885,-810
886,-809
887,-808
887,-807
887,-806
888,-805
889,-804
889,-803
890,-802
890,-801
891,-800
891,-799
892,-798
892,-797
893,-796
894,-795
894,-794
894,-793
895,-792
895,-791
896,-790
896,-789
897,-788
898,-787
898,-786
898,-785
899,-784
899,-783
900,-782
900,-781
901,-780
901,-779
902,-778
903,-777
903,-776
903,-775
904,-774
904,-773
904,-772
905,-771
905,-770
906,-769
906,-768
907,-767
907,-766
907,-765
908,-764
908,-763
909,-762
909,-761
910,-760
910,-759
911,-758
911,-757
911,-756
911,-755
912,-754
913,-753
913,-752
913,-751
913,-750
914,-749
914,-748
915,-747
915,-746
915,-745
916,-744
916,-743
916,-742
916,-741
916,-740
917,-739
918,-738
918,-737
918,-736
919,-735
919,-734
919,-733
919,-732
920,-731
920,-730
921,-729
921,-728
922,-727
922,-726
922,-725
923,-724
923,-723
924,-722
924,-721
924,-720
925,-719
925,-718
925,-717
925,-716
926,-715
926,-714
926,-713
927,-712
927,-711
927,-710
928,-709
928,-708
928,-707
928,-706
928,-705
929,-704
929,-703
929,-702
930,-701
930,-700
930,-699
931,-698
931,-697
931,-696
931,-695
932,-694
932,-693
932,-692
933,-691
933,-690
933,-689
934,-688
934,-687
934,-686
934,-685
934,-684
934,-683
934,-682
935,-681
935,-680
935,-679
935,-678
935,-677
935,-676
935,-675
936,-674
936,-673
936,-672
936,-671
937,-670
937,-669
937,-668
937,-667
937,-666
938,-665
938,-664
938,-663
938,-662
938,-661
938,-660
938,-659
938,-658
938,-657
938,-656
938,-655
939,-654
939,-653
939,-652
939,-651
939,-650
939,-649
939,-648
939,-647
939,-646
939,-645
939,-644
939,-643
939,-642
939,-641
940,-640
940,-639
940,-638
940,-637
940,-636
941,-635
941,-634
941,-633
941,-632
941,-631
941,-630
941,-629
941,-628
942,-627
942,-626
942,-625
942,-624
942,-623
942,-622
942,-621
942,-620
942,-619
942,-618
942,-617
942,-616
942,-615
942,-614
942,-613
942,-612
942,-611
942,-610
942,-609
942,-608
942,-607
942,-606
942,-605
942,-604
942,-603
942,-602
942,-601
942,-600
942,-599
942,-598
941,-597
941,-596
941,-595
941,-594
941,-593
941,-592
941,-591
941,-590
941,-589
941,-588
941,-587
941,-586
941,-585
941,-584
941,-583
941,-582
941,-581
942,-580
942,-579
942,-578
942,-577
942,-576
942,-575
942,-574
942,-573
942,-572
942,-571
943,-570
943,-569
943,-568
943,-567
943,-566
944,-565
944,-564
944,-563
945,-562
945,-561
945,-560
946,-559
946,-558
946,-557
947,-556
947,-555
948,-554
948,-553
949,-552
950,-551
950,-550
951,-549
951,-548
952,-547
953,-546
954,-545
954,-544
954,-543
954,-542
955,-541
956,-540
957,-540
957,-539
958,-538
959,-537
960,-536
960,-535
960,-534
961,-533
961,-532
961,-531
962,-530
963,-530
963,-529
963,-528
963,-527
964,-526
965,-525
966,-525
966,-524
966,-523
967,-522
967,-521
968,-520
969,-520
969,-519
969,-518
969,-517
969,-516
970,-515
971,-514
972,-514
972,-513
973,-512
974,-511
975,-510
975,-509
976,-508
977,-507
977,-506
977,-505
978,-504
979,-503
979,-502
980,-501
980,-500
981,-499
982,-499
982,-498
983,-497
984,-497
985,-496
985,-495
986,-494
986,-493
986,-492
986,-491
986,-490
987,-489
988,-489
989,-488
990,-487
990,-486
990,-485
990,-484
991,-483
992,-483
992,-482
992,-481
993,-480
994,-479
994,-478
994,-477
994,-476
994,-475
994,-474
993,-473
993,-472
993,-471
992,-471
991,-470
991,-469
991,-468
990,-467
990,-466
990,-465
990,-464
991,-463
991,-462
991,-461
991,-460
992,-459
992,-458
993,-457
993,-456
994,-455
994,-454
995,-453
995,-452
996,-451
996,-450
996,-449
997,-448
998,-447
998,-446
998,-445
999,-444
999,-443
1000,-442
1000,-441
1001,-440
1001,-439
1002,-438
1002,-437
1002,-436
1003,-435
1003,-434
1003,-433
1003,-432
1003,-431
1002,-431
1001,-430
1000,-429
999,-429
998,-428
997,-428
996,-427
995,-426
994,-425
993,-424
992,-423
992,-422
991,-422
990,-421
989,-420
988,-419
987,-419
986,-418
985,-417
984,-417
983,-417
982,-416
981,-416
980,-416
979,-416
978,-415
977,-414
976,-414
975,-414
974,-414
973,-414
972,-414
971,-414
970,-414
969,-414
968,-414
967,-414
966,-414
965,-414
964,-415
964,-416
963,-417
962,-417
962,-418
961,-419
960,-420
959,-421
959,-422
958,-423
958,-424
957,-425
956,-426
955,-427
955,-428
954,-429
954,-430
953,-431
953,-432
952,-433
951,-434
950,-435
950,-436
949,-437
949,-438
949,-439
948,-440
948,-441
947,-442
946,-443
945,-444
944,-445
944,-446
943,-447
942,-448
942,-449
941,-450
941,-451
940,-452
940,-453
939,-454
938,-454
938,-455
937,-456
936,-457
936,-458
935,-459
934,-460
933,-461
933,-462
932,-463
931,-464
931,-465
930,-466
929,-467
928,-468
928,-469
927,-470
926,-471
925,-472
925,-473
924,-474
923,-475
922,-476
921,-477
920,-478
919,-479
918,-480
917,-481
916,-482
915,-483
914,-484
913,-485
912,-486
911,-487
910,-488
909,-488
908,-489
907,-490
906,-491
905,-492
904,-492
903,-493
902,-493
901,-494
900,-495
899,-495
898,-496
897,-496
896,-497
895,-497
894,-498
893,-498
892,-498
891,-499
890,-499
889,-500
888,-500
887,-501
886,-502
885,-502
884,-503
883,-504
882,-505
881,-506
880,-506
879,-507
878,-507
877,-508
876,-509
875,-509
874,-510
873,-511
872,-511
871,-511
871,-512
870,-513
869,-513
868,-514
867,-514
867,-515
866,-516
865,-517
864,-517
863,-518
862,-518
862,-519
861,-520
860,-520
859,-520
858,-520
857,-521
856,-522
855,-522
854,-522
853,-523
852,-523
851,-524
850,-525
849,-525
848,-525
847,-525
846,-526
845,-527
844,-527
843,-527
842,-528
841,-529
840,-529
839,-529
838,-529
837,-530
836,-530
835,-530
834,-530
833,-531
832,-531
831,-532
830,-532
829,-532
828,-533
827,-533
826,-533
825,-533
824,-534
823,-534
822,-534
821,-535
820,-535
819,-536
818,-536
817,-536
816,-537
815,-537
814,-537
813,-537
812,-538
811,-538
810,-538
809,-539
808,-539
807,-540
806,-540
805,-541
804,-541
803,-541
802,-541
801,-542
800,-542
799,-542
798,-543
797,-543
796,-543
795,-544
794,-544
793,-544
792,-544
791,-545
790,-545
789,-545
788,-546
787,-546
786,-546
785,-547
784,-547
783,-547
782,-548
781,-548
780,-548
779,-549
778,-549
777,-550
776,-550
775,-550
774,-551
773,-551
772,-552
771,-552
770,-552
769,-553
768,-553
767,-553
766,-554
765,-554
764,-555
763,-555
762,-556
761,-556
760,-556
759,-557
758,-557
757,-558
756,-558
755,-559
754,-559
753,-560
752,-560
751,-561
750,-561
749,-562
748,-563
747,-563
746,-564
745,-564
744,-565
743,-565
742,-566
741,-566
740,-567
739,-568
738,-568
737,-569
736,-569
735,-570
734,-570
733,-571
732,-572
731,-572
730,-573
729,-574
728,-574
727,-575
726,-575
725,-576
724,-577
723,-577
722,-578
721,-578
720,-579
719,-580
718,-581
717,-581
716,-582
715,-583
714,-584
713,-584
712,-585
711,-585
710,-586
709,-587
708,-588
707,-588
706,-589
705,-590
704,-590
704,-591
703,-592
702,-593
701,-593
700,-594
699,-594
698,-595
697,-596
696,-597
695,-598
694,-598
693,-599
692,-600
691,-601
690,-602
689,-603
688,-604
687,-604
687,-605
686,-606
685,-606
684,-607
683,-608
682,-609
681,-610
680,-610
680,-611
679,-612
678,-612
678,-613
677,-614
676,-614
676,-615
675,-616
674,-617
673,-617
672,-618
671,-619
671,-620
670,-621
669,-621
668,-622
667,-622
666,-623
666,-624
665,-625
664,-625
664,-626
663,-627
662,-628
661,-628
661,-629
661,-630
660,-631
659,-632
658,-632
657,-633
657,-634
656,-635
655,-635
654,-636
653,-637
653,-638
652,-639
651,-640
650,-640
650,-641
649,-642
648,-643
647,-644
646,-645
646,-646
645,-647
644,-648
643,-649
642,-650
642,-651
641,-652
640,-653
639,-654
638,-655
638,-656
637,-657
637,-658
636,-659
635,-660
634,-660
634,-661
633,-662
632,-663
631,-664
630,-665
629,-666
629,-667
628,-668
627,-669
626,-670
626,-671
625,-672
624,-673
623,-674
623,-675
622,-676
621,-677
620,-678
620,-679
619,-680
619,-681
618,-682
617,-683
617,-684
616,-685
615,-686
614,-687
613,-688
613,-689
613,-690
612,-691
611,-692
610,-693
610,-694
609,-695
608,-696
607,-697
607,-698
606,-699
605,-700
605,-701
604,-702
604,-703
603,-704
602,-705
602,-706
601,-707
600,-708
600,-709
599,-710
598,-711
598,-712
598,-713
597,-714
597,-715
596,-716
595,-717
594,-718
594,-719
593,-720
593,-721
592,-722
591,-723
591,-724
590,-725
590,-726
589,-727
589,-728
588,-729
587,-730
587,-731
586,-732
586,-733
585,-734
585,-735
585,-736
584,-737
583,-738
583,-739
582,-740
581,-741
581,-742
580,-743
580,-744
580,-745
579,-746
578,-747
578,-748
578,-749
577,-750
576,-751
576,-752
575,-753
574,-754
574,-755
573,-756
573,-757
573,-758
572,-759
572,-760
571,-761
571,-762
570,-763
570,-764
569,-765
568,-766
568,-767
567,-768
567,-769
566,-770
566,-771
566,-772
566,-773
566,-774
565,-775
565,-776
565,-777
564,-778
564,-779
563,-780
563,-781
562,-782
562,-783
562,-784
561,-785
561,-786
561,-787
560,-788
560,-789
559,-790
559,-791
558,-792
558,-793
557,-794
557,-795
557,-796
557,-797
556,-798
556,-799
555,-800
555,-801
554,-802
554,-803
554,-804
554,-805
553,-806
553,-807
553,-808
553,-809
552,-810
552,-811
551,-812
551,-813
551,-814
550,-815
550,-816
550,-817
550,-818
549,-819
549,-820
549,-821
548,-822
548,-823
548,-824
547,-825
547,-826
546,-827
546,-828
546,-829
545,-830
545,-831
545,-832
545,-833
545,-834
544,-835
544,-836
544,-837
544,-838
543,-839
543,-840
543,-841
543,-842
542,-843
542,-844
542,-845
542,-846
542,-847
541,-848
541,-849
541,-850
541,-851
541,-852
540,-853
540,-854
540,-855
539,-856
539,-857
539,-858
539,-859
538,-860
538,-861
537,-862
537,-863
537,-864
537,-865
537,-866
536,-867
536,-868
536,-869
536,-870
535,-871
535,-872
535,-873
535,-874
535,-875
535,-876
534,-877
534,-878
534,-879
534,-880
533,-881
533,-882
533,-883
533,-884
533,-885
533,-886
533,-887
533,-888
532,-889
531,-890
531,-891
531,-892
531,-893
531,-894
531,-895
530,-896
530,-897
530,-898
530,-899
530,-900
530,-901
529,-902
529,-903
529,-904
529,-905
529,-906
528,-907
528,-908
528,-909
527,-910
527,-911
527,-912
527,-913
527,-914
527,-915
527,-916
526,-917
526,-918
526,-919
526,-920
526,-921
525,-922
525,-923
525,-924
525,-925
525,-926
525,-927
525,-928
525,-929
524,-930
524,-931
524,-932
523,-933
523,-934
523,-935
523,-936
523,-937
523,-938
522,-939
522,-940
522,-941
522,-942
522,-943
522,-944
522,-945
522,-946
521,-947
521,-948
521,-949
521,-950
521,-951
521,-952
520,-953
520,-954
520,-955
519,-956
519,-957
519,-958
519,-959
518,-960
518,-961
518,-962
518,-963
518,-964
518,-965
518,-966
518,-967
518,-968
518,-969
518,-970
517,-971
517,-972
517,-973
517,-974
517,-975
517,-976
516,-977
516,-978
516,-979
516,-980
515,-981
515,-982
515,-983
515,-984
514,-985
514,-986
514,-987
514,-988
513,-989
513,-990
513,-991
513,-992
512,-993
512,-994
512,-995
512,-996
512,-997
512,-998
511,-999
511,-1000
511,-1001
510,-1002
510,-1003
510,-1004
510,-1005
509,-1006
509,-1007
509,-1008
509,-1009
509,-1010
509,-1011
508,-1012
508,-1013
508,-1014
508,-1015
507,-1016
507,-1017
507,-1018
507,-1019
506,-1020
506,-1021
506,-1022
506,-1023
505,-1024
505,-1025
505,-1026
505,-1027
504,-1028
504,-1029
504,-1030
504,-1031
504,-1032
503,-1033
503,-1034
503,-1035
503,-1036
503,-1037
503,-1038
502,-1039
502,-1040
502,-1041
502,-1042
502,-1043
501,-1044
501,-1045
501,-1046
501,-1047
501,-1048
501,-1049
501,-1050
501,-1051
500,-1052
500,-1053
500,-1054
500,-1055
500,-1056
500,-1057
499,-1058
499,-1059
499,-1060
499,-1061
499,-1062
499,-1063
499,-1064
498,-1065
