450,-992
450,-993
450,-994
450,-995
450,-996
451,-997
451,-998
451,-999
451,-1000
452,-1000
453,-1000
454,-1001
455,-1002
455,-1003
456,-1003
457,-1003
458,-1003
459,-1003
460,-1003
461,-1004
461,-1005
461,-1006
461,-1007
462,-1007
463,-1008
464,-1008
465,-1008
466,-1008
467,-1009
468,-1009
469,-1009
470,-1009
471,-1009
472,-1010
473,-1010
474,-1010
475,-1010
476,-1010
476,-1009
477,-1008
478,-1007
479,-1007
480,-1007
481,-1007
482,-1007
483,-1007
484,-1007
485,-1008
486,-1008
487,-1009
488,-1009
489,-1009
490,-1009
491,-1009
492,-1009
493,-1009
494,-1009
495,-1008
496,-1008
497,-1008
498,-1008
499,-1008
500,-1008
500,-1007
501,-1006
502,-1006
503,-1005
504,-1004
504,-1003
504,-1002
504,-1001
504,-1000
504,-999
504,-998
504,-997
505,-996
506,-996
507,-996
508,-996
509,-995
509,-994
509,-993
509,-992
509,-991
509,-990
510,-989
511,-989
512,-988
513,-988
514,-988
514,-987
514,-986
515,-985
516,-984
517,-984
518,-984
518,-983
518,-982
518,-981
519,-980
520,-980
521,-979
522,-979
522,-978
523,-977
524,-977
525,-976
526,-976
527,-976
528,-975
528,-974
528,-973
529,-972
529,-971
530,-970
531,-970
532,-970
533,-970
534,-970
535,-969
536,-968
537,-968
538,-968
538,-967
539,-966
540,-966
541,-965
542,-964
543,-963
544,-963
545,-962
546,-962
546,-961
546,-960
546,-959
547,-958
548,-958
549,-958
550,-958
551,-957
552,-956
553,-955
554,-955
555,-954
556,-953
557,-953
558,-952
559,-952
560,-952
560,-951
560,-950
561,-949
562,-949
563,-949
564,-948
565,-947
566,-947
567,-946
568,-945
569,-944
570,-944
570,-943
571,-942
572,-942
573,-942
574,-941
575,-940
576,-939
577,-939
578,-939
578,-938
579,-937
580,-937
581,-936
582,-935
583,-935
584,-934
585,-934
586,-934
586,-933
587,-932
588,-931
589,-931
590,-931
591,-930
592,-929
593,-928
594,-928
595,-927
596,-926
597,-925
598,-924
599,-924
600,-924
600,-923
601,-922
602,-922
603,-921
604,-920
605,-920
606,-919
607,-918
608,-918
608,-917
609,-916
610,-916
611,-915
612,-915
613,-914
614,-914
615,-914
616,-913
617,-912
617,-911
618,-910
619,-910
620,-910
621,-909
622,-909
623,-908
624,-907
625,-907
626,-907
627,-906
628,-905
629,-905
630,-905
631,-904
632,-904
633,-903
634,-903
634,-902
634,-901
635,-900
636,-900
637,-900
638,-900
638,-899
639,-898
640,-898
641,-897
642,-896
643,-895
644,-895
645,-895
645,-894
646,-893
647,-893
648,-893
649,-893
650,-893
651,-893
652,-892
653,-892
654,-892
655,-891
655,-890
656,-889
657,-889
658,-889
659,-888
660,-887
661,-887
662,-886
663,-886
664,-886
664,-885
665,-884
666,-884
667,-883
668,-882
669,-881
670,-880
671,-879
672,-879
673,-878
674,-878
675,-878
676,-877
677,-876
678,-876
678,-875
679,-874
680,-874
681,-874
682,-874
683,-874
684,-873
685,-872
686,-871
687,-870
688,-870
688,-869
689,-868
689,-867
690,-866
691,-866
692,-866
693,-866
694,-865
695,-864
696,-863
697,-863
698,-863
698,-862
698,-861
698,-860
699,-859
700,-859
701,-859
702,-859
703,-859
704,-858
705,-858
706,-858
706,-857
706,-856
707,-855
708,-855
709,-855
709,-854
710,-853
711,-852
712,-851
713,-850
714,-850
715,-850
716,-850
717,-850
718,-850
718,-849
719,-848
720,-848
721,-848
722,-848
723,-848
723,-847
724,-846
725,-846
726,-846
727,-846
728,-846
729,-846
730,-846
731,-846
732,-846
733,-846
734,-846
735,-846
736,-846
737,-846
738,-846
739,-846
740,-846
741,-846
742,-846
743,-846
744,-846
745,-845
746,-845
747,-845
748,-846
749,-846
750,-846
751,-846
752,-846
753,-846
754,-846
755,-846
756,-846
757,-846
757,-845
758,-844
759,-844
760,-844
761,-844
762,-844
763,-843
764,-843
765,-843
766,-843
767,-842
768,-842
769,-842
770,-841
771,-841
772,-841
773,-841
774,-840
775,-840
776,-840
777,-840
778,-840
779,-840
780,-839
781,-839
782,-839
783,-839
784,-839
785,-838
786,-838
787,-837
788,-837
789,-837
790,-837
791,-836
792,-836
793,-836
794,-835
795,-835
796,-835
797,-834
798,-834
799,-834
800,-833
801,-833
802,-832
803,-831
804,-831
805,-831
806,-831
807,-831
808,-830
809,-829
810,-829
811,-829
812,-829
812,-828
813,-827
814,-827
815,-827
816,-826
816,-825
817,-824
818,-824
819,-824
820,-824
821,-823
822,-823
823,-823
824,-822
825,-822
826,-821
827,-820
828,-820
829,-819
830,-819
831,-818
832,-817
833,-817
834,-817
835,-817
835,-816
836,-815
837,-814
838,-814
839,-814
840,-813
841,-813
842,-812
843,-812
844,-812
845,-812
845,-811
846,-810
847,-809
848,-809
849,-809
850,-809
851,-808
852,-808
853,-807
854,-807
855,-806
856,-805
857,-804
858,-803
859,-802
860,-802
861,-802
862,-801
863,-800
864,-800
865,-799
866,-799
867,-799
868,-799
868,-798
869,-797
870,-797
870,-796
871,-795
872,-795
873,-794
874,-794
875,-793
876,-793
877,-793
878,-793
878,-792
879,-791
880,-790
881,-790
882,-789
883,-789
884,-788
885,-787
886,-786
887,-786
888,-786
889,-785
890,-784
891,-783
892,-783
893,-782
894,-781
895,-781
896,-780
897,-779
898,-779
899,-778
900,-778
900,-777
901,-776
902,-775
903,-775
904,-775
905,-774
906,-773
907,-772
908,-772
909,-771
909,-770
910,-769
911,-769
912,-769
913,-768
914,-767
915,-766
916,-765
917,-764
918,-763
919,-762
920,-762
921,-761
922,-760
923,-759
924,-758
925,-757
926,-757
926,-756
927,-755
928,-755
929,-754
929,-753
930,-752
931,-751
932,-750
933,-749
934,-749
935,-748
936,-748
937,-748
937,-747
937,-746
938,-745
939,-745
939,-744
940,-743
941,-742
942,-741
943,-740
943,-739
944,-738
945,-737
946,-737
946,-736
947,-735
948,-734
949,-733
950,-732
951,-731
952,-730
952,-729
953,-728
954,-728
954,-727
955,-726
956,-725
956,-724
957,-723
958,-722
959,-721
959,-720
960,-719
961,-718
962,-717
963,-716
964,-715
965,-714
965,-713
966,-712
966,-711
967,-710
968,-710
969,-710
969,-709
970,-708
971,-707
972,-706
973,-705
973,-704
974,-703
975,-702
975,-701
976,-700
976,-699
977,-698
978,-697
979,-697
979,-696
980,-695
980,-694
981,-693
982,-693
982,-692
982,-691
983,-690
984,-689
984,-688
985,-687
985,-686
986,-685
987,-684
988,-683
988,-682
989,-681
990,-680
990,-679
990,-678
991,-677
991,-676
992,-675
992,-674
992,-673
993,-672
994,-671
994,-670
995,-669
995,-668
995,-667
996,-666
997,-665
997,-664
998,-663
998,-662
998,-661
999,-660
999,-659
1000,-658
1000,-657
1000,-656
1001,-655
1001,-654
1002,-653
1002,-652
1003,-651
1003,-650
1004,-649
1004,-648
1005,-647
1005,-646
1006,-645
1006,-644
1007,-643
1007,-642
1007,-641
1008,-640
1008,-639
1008,-638
1009,-637
1009,-636
1009,-635
1010,-634
1010,-633
1011,-632
1011,-631
1011,-630
1012,-629
1012,-628
1012,-627
1013,-626
1013,-625
1014,-624
1014,-623
1015,-622
1015,-621
1016,-620
1016,-619
1016,-618
1017,-617
1017,-616
1018,-615
1018,-614
1018,-613
1019,-612
1019,-611
1019,-610
1020,-609
1020,-608
1021,-607
1021,-606
1021,-605
1021,-604
1022,-603
1022,-602
1023,-601
1023,-600
1023,-599
1023,-598
1024,-597
1024,-596
1024,-595
1024,-594
1025,-593
1025,-592
1025,-591
1026,-590
1026,-589
1026,-588
1027,-587
1027,-586
1027,-585
1028,-584
1028,-583
1028,-582
1028,-581
1029,-580
1029,-579
1029,-578
1029,-577
1029,-576
1030,-575
1030,-574
1030,-573
1031,-572
1031,-571
1031,-570
1031,-569
1032,-568
1032,-567
1033,-566
1033,-565
1033,-564
1033,-563
1034,-562
1034,-561
1034,-560
1034,-559
1034,-558
1035,-557
1035,-556
1035,-555
1035,-554
1035,-553
1036,-552
1036,-551
1036,-550
1036,-549
1036,-548
1036,-547
1036,-546
1037,-545
1037,-544
1038,-543
1038,-542
1038,-541
1039,-540
1039,-539
1039,-538
1039,-537
1039,-536
1040,-535
1040,-534
1041,-533
1041,-532
1041,-531
1041,-530
1042,-529
1042,-528
1042,-527
1042,-526
1042,-525
1043,-524
1043,-523
1044,-522
1045,-521
1045,-520
1045,-519
1045,-518
1046,-517
1046,-516
1046,-515
1047,-514
1048,-513
1048,-512
1049,-511
1049,-510
1049,-509
1049,-508
1049,-507
1049,-506
1049,-505
1050,-504
1050,-503
1050,-502
1050,-501
1051,-500
1051,-499
1051,-498
1051,-497
1051,-496
1050,-495
1050,-494
1050,-493
1049,-492
1048,-492
1047,-492
1046,-492
1045,-492
1044,-492
1043,-492
1042,-492
1041,-492
1040,-492
1039,-492
1038,-492
1037,-492
1036,-492
1035,-492
1034,-492
1033,-492
1032,-492
1031,-492
1030,-492
1029,-492
1028,-493
1027,-493
1026,-493
1025,-493
1024,-493
1023,-493
1022,-493
1021,-493
1020,-494
1019,-494
1018,-494
1017,-494
1016,-494
1015,-494
1014,-495
1013,-495
1012,-495
1011,-495
1010,-495
1009,-495
1008,-496
1007,-496
1006,-496
1005,-496
1004,-496
1003,-496
1002,-497
1001,-497
1000,-497
999,-497
998,-497
997,-497
996,-497
995,-498
994,-498
993,-498
992,-498
991,-498
990,-498
989,-498
988,-498
987,-499
986,-499
985,-499
984,-499
983,-499
982,-500
981,-500
980,-500
979,-500
978,-500
977,-500
976,-501
975,-501
974,-501
973,-501
972,-502
971,-502
970,-503
969,-503
968,-503
967,-503
966,-503
965,-504
964,-504
963,-504
962,-504
961,-504
960,-505
959,-505
958,-505
957,-506
956,-506
955,-506
954,-506
953,-507
952,-507
951,-507
950,-507
949,-508
948,-508
947,-509
946,-509
945,-509
944,-509
943,-510
942,-510
941,-510
940,-511
939,-511
938,-512
937,-512
936,-512
935,-513
934,-513
933,-513
932,-513
931,-513
930,-514
929,-514
928,-514
927,-515
926,-515
925,-515
924,-516
923,-516
922,-517
921,-517
920,-517
919,-517
918,-517
917,-518
916,-518
915,-519
914,-519
913,-519
912,-520
911,-520
910,-520
909,-521
908,-521
907,-521
906,-521
905,-522
904,-522
903,-523
902,-523
901,-524
900,-524
899,-525
898,-525
897,-525
896,-526
895,-526
894,-526
893,-527
892,-528
891,-528
890,-528
889,-529
888,-529
887,-529
886,-530
885,-530
884,-531
883,-531
882,-531
881,-532
880,-532
879,-533
878,-533
877,-534
876,-535
875,-535
874,-536
873,-536
872,-536
871,-537
870,-537
869,-538
868,-538
867,-538
867,-539
866,-540
865,-540
864,-540
863,-541
862,-541
861,-541
861,-542
860,-543
859,-544
858,-544
857,-545
856,-545
855,-545
854,-545
854,-546
853,-547
852,-547
851,-547
850,-548
849,-549
848,-549
847,-549
846,-550
845,-550
844,-551
843,-552
842,-552
841,-553
840,-553
839,-554
838,-555
837,-555
836,-556
835,-556
834,-557
833,-558
832,-558
831,-559
830,-560
829,-560
828,-561
827,-562
826,-562
826,-563
825,-564
824,-564
823,-565
822,-565
821,-566
820,-567
819,-567
818,-568
817,-568
816,-569
815,-570
814,-571
813,-572
812,-572
811,-573
810,-574
809,-574
808,-575
807,-576
806,-577
805,-577
804,-578
803,-578
802,-579
801,-580
800,-580
799,-581
798,-582
797,-582
797,-583
796,-584
795,-584
794,-585
793,-585
793,-586
792,-587
791,-588
790,-588
790,-589
789,-590
788,-591
787,-592
786,-592
785,-593
785,-594
784,-595
783,-595
782,-596
781,-597
780,-598
779,-599
778,-600
777,-601
776,-601
775,-602
774,-603
773,-604
773,-605
772,-606
771,-607
770,-607
769,-608
769,-609
768,-610
767,-611
766,-612
765,-613
764,-614
763,-615
762,-616
761,-617
761,-618
760,-619
759,-620
758,-621
757,-622
757,-623
756,-624
755,-625
754,-626
753,-627
752,-628
752,-629
751,-630
750,-630
750,-631
749,-632
748,-633
747,-634
746,-635
745,-636
745,-637
744,-638
744,-639
743,-640
742,-641
742,-642
741,-643
740,-644
739,-645
738,-646
738,-647
737,-648
736,-649
735,-650
735,-651
734,-652
734,-653
733,-654
732,-655
731,-656
731,-657
730,-658
730,-659
729,-660
728,-661
727,-662
727,-663
726,-664
726,-665
725,-666
725,-667
724,-668
723,-669
722,-670
722,-671
722,-672
721,-673
721,-674
720,-675
719,-676
718,-677
718,-678
718,-679
717,-680
717,-681
716,-682
716,-683
715,-684
715,-685
714,-686
714,-687
714,-688
713,-689
713,-690
713,-691
712,-692
711,-693
711,-694
710,-695
710,-696
710,-697
710,-698
709,-699
709,-700
709,-701
708,-702
708,-703
707,-704
707,-705
706,-706
706,-707
706,-708
706,-709
706,-710
705,-711
705,-712
704,-713
704,-714
703,-715
703,-716
703,-717
702,-718
702,-719
702,-720
702,-721
702,-722
702,-723
701,-724
701,-725
701,-726
700,-727
700,-728
700,-729
700,-730
699,-731
699,-732
699,-733
698,-734
698,-735
698,-736
698,-737
698,-738
698,-739
698,-740
697,-741
697,-742
697,-743
697,-744
697,-745
696,-746
696,-747
696,-748
696,-749
696,-750
696,-751
696,-752
696,-753
696,-754
695,-755
695,-756
695,-757
695,-758
695,-759
695,-760
695,-761
695,-762
695,-763
695,-764
695,-765
695,-766
694,-767
694,-768
694,-769
694,-770
694,-771
694,-772
694,-773
693,-774
693,-775
693,-776
692,-777
692,-778
692,-779
692,-780
691,-781
691,-782
690,-783
689,-784
689,-785
689,-786
689,-787
688,-788
688,-789
687,-790
687,-791
686,-792
686,-793
685,-794
684,-795
684,-796
683,-797
683,-798
682,-799
682,-800
681,-801
680,-802
679,-803
679,-804
678,-805
677,-806
677,-807
676,-808
675,-809
674,-810
674,-811
673,-812
672,-812
672,-813
671,-814
670,-815
669,-816
669,-817
668,-818
667,-819
666,-820
665,-821
664,-822
663,-823
662,-824
661,-824
661,-825
660,-826
659,-827
658,-828
657,-829
656,-830
655,-830
654,-831
654,-832
653,-833
652,-833
651,-834
650,-834
650,-835
649,-836
648,-836
648,-837
647,-838
646,-839
645,-840
644,-841
643,-841
642,-842
641,-843
640,-844
639,-844
638,-845
637,-846
636,-847
635,-847
635,-848
634,-849
633,-849
632,-850
631,-850
630,-851
629,-852
628,-853
627,-854
626,-854
625,-855
624,-856
623,-856
622,-856
622,-857
621,-858
620,-858
619,-859
619,-860
618,-861
617,-861
616,-861
615,-862
614,-862
613,-863
612,-863
611,-864
610,-864
609,-865
609,-866
608,-867
607,-867
606,-868
605,-868
604,-869
603,-870
602,-870
601,-870
600,-870
600,-871
599,-872
598,-872
597,-873
596,-874
595,-874
594,-875
593,-875
592,-876
591,-876
591,-877
590,-878
589,-878
588,-879
587,-880
586,-880
585,-881
585,-882
584,-883
583,-883
582,-883
581,-884
580,-884
579,-885
578,-886
577,-886
576,-886
575,-887
574,-887
573,-888
572,-889
571,-889
570,-890
569,-891
568,-891
567,-891
566,-892
565,-893
564,-893
563,-894
562,-895
561,-895
560,-896
559,-897
558,-897
557,-898
556,-899
555,-899
554,-899
553,-900
552,-901
551,-901
550,-902
549,-903
548,-903
547,-904
546,-905
545,-905
544,-906
543,-907
542,-907
541,-908
540,-909
539,-909
538,-909
538,-910
537,-911
536,-911
535,-912
534,-913
533,-913
532,-914
531,-915
530,-915
529,-916
528,-917
527,-917
526,-918
525,-919
524,-919
523,-920
522,-921
521,-922
520,-923
519,-924
518,-925
517,-925
516,-926
515,-926
514,-927
514,-928
513,-929
513,-930
513,-931
513,-932
513,-933
514,-933
515,-933
516,-933
517,-934
517,-935
517,-936
517,-937
518,-937
519,-937
520,-937
521,-938
522,-939
522,-940
522,-941
522,-942
521,-943
520,-943
519,-943
519,-944
518,-945
518,-946
518,-947
517,-948
516,-949
515,-949
514,-949
513,-949
512,-949
511,-949
510,-950
509,-951
508,-951
507,-952
506,-952
505,-952
505,-953
505,-954
505,-955
505,-956
505,-957
505,-958
505,-959
504,-960
503,-961
503,-962
502,-963
501,-964
500,-964
499,-965
498,-965
497,-965
496,-965
495,-966
494,-966
493,-966
492,-966
491,-966
490,-966
489,-967
488,-967
487,-968
486,-968
485,-968
484,-968
483,-967
482,-967
481,-967
480,-966
479,-966
478,-966
477,-966
476,-966
475,-967
474,-967
474,-968
473,-969
472,-969
471,-969
470,-969
469,-969
468,-969
467,-970
466,-970
465,-970
465,-971
465,-972
464,-973
463,-973
462,-974
462,-975
462,-976
461,-977
460,-978
459,-978
459,-979
459,-980
459,-981
459,-982
460,-982
461,-983
462,-983
463,-983
464,-983
465,-983
466,-983
467,-983
468,-983
469,-984
470,-984
471,-984
472,-984
473,-984
474,-984
475,-984
476,-984
477,-985
478,-985
479,-985
480,-986
480,-987
480,-988
479,-989
478,-989
477,-989
476,-989
475,-988
474,-988
473,-988
472,-988
471,-988
470,-988
469,-989
468,-989
467,-990
466,-991
465,-991
464,-991
463,-991
462,-990
461,-990
460,-990
459,-990
458,-990
457,-990
456,-990
455,-990
454,-990
453,-991
452,-992
451,-992
450,-992
