381,-753
381,-754
381,-755
381,-756
381,-757
382,-758
382,-759
382,-760
383,-761
383,-762
384,-762
385,-763
385,-764
386,-765
386,-766
387,-766
388,-767
388,-768
388,-769
389,-769
390,-770
391,-770
392,-770
393,-771
393,-772
394,-773
395,-773
396,-774
397,-774
398,-775
398,-776
398,-777
399,-777
400,-777
401,-778
401,-779
402,-779
403,-779
404,-779
405,-779
406,-780
407,-781
408,-782
409,-782
410,-782
411,-783
411,-784
412,-784
413,-785
414,-785
415,-785
416,-786
417,-786
418,-786
419,-787
420,-788
421,-788
422,-789
423,-789
424,-789
425,-790
425,-791
426,-791
427,-791
428,-792
429,-792
430,-793
431,-793
432,-794
433,-794
434,-795
434,-796
435,-796
436,-796
437,-796
438,-797
439,-797
440,-797
441,-798
441,-799
442,-799
443,-799
444,-800
444,-801
445,-801
446,-802
447,-802
448,-802
449,-802
450,-803
451,-804
452,-804
453,-805
454,-805
455,-806
456,-806
457,-807
458,-808
458,-809
459,-809
460,-809
461,-809
462,-809
463,-810
464,-810
465,-810
466,-811
466,-812
467,-812
468,-812
469,-813
470,-814
471,-815
472,-815
473,-815
474,-816
475,-817
476,-817
477,-817
478,-818
479,-818
480,-818
481,-819
482,-819
483,-820
484,-821
485,-821
486,-821
487,-822
488,-822
489,-823
490,-823
491,-823
492,-824
493,-825
494,-825
495,-825
496,-825
497,-826
498,-826
499,-827
500,-828
501,-828
502,-828
503,-829
504,-829
505,-830
506,-830
507,-831
508,-831
509,-832
510,-833
511,-833
512,-834
513,-834
514,-834
515,-835
516,-835
517,-836
518,-836
519,-837
520,-838
521,-838
522,-838
523,-838
524,-838
525,-839
526,-839
527,-839
528,-839
529,-840
530,-841
531,-841
532,-842
533,-842
534,-842
535,-842
536,-843
537,-843
538,-843
539,-843
540,-844
541,-844
542,-844
543,-845
544,-846
545,-846
546,-846
547,-846
548,-846
549,-847
550,-847
551,-847
552,-847
553,-848
554,-849
555,-850
556,-850
557,-850
558,-850
559,-851
560,-851
561,-851
562,-852
563,-852
564,-852
565,-853
566,-853
567,-854
568,-854
569,-854
570,-854
571,-854
572,-854
573,-854
574,-855
575,-855
576,-855
577,-856
578,-856
579,-856
580,-856
581,-857
582,-857
583,-857
584,-857
585,-858
586,-858
587,-858
588,-858
589,-858
590,-858
591,-858
592,-859
593,-859
594,-859
595,-859
596,-859
597,-859
598,-860
599,-860
600,-860
601,-861
602,-861
603,-861
604,-862
605,-862
606,-862
607,-862
608,-862
609,-862
610,-862
611,-862
612,-862
613,-862
614,-862
615,-863
616,-863
617,-863
618,-863
619,-863
620,-863
621,-863
622,-863
623,-863
624,-863
625,-864
626,-864
627,-865
628,-865
629,-865
630,-865
631,-865
632,-865
633,-865
634,-865
635,-865
636,-865
637,-865
638,-865
639,-865
640,-866
641,-866
642,-866
643,-866
644,-866
645,-865
646,-865
647,-865
648,-866
649,-866
650,-866
651,-866
652,-866
653,-866
654,-866
655,-866
656,-866
657,-866
658,-866
659,-866
660,-866
661,-866
662,-866
663,-866
664,-866
665,-866
666,-866
667,-866
668,-866
669,-866
670,-866
671,-866
672,-866
673,-866
674,-866
675,-866
676,-866
677,-866
678,-866
679,-866
680,-866
681,-866
682,-866
683,-866
684,-866
685,-866
686,-866
687,-866
688,-866
689,-866
690,-865
691,-865
692,-865
693,-865
694,-865
695,-865
696,-865
697,-865
698,-865
699,-864
700,-864
701,-864
702,-864
703,-864
704,-864
705,-863
706,-863
707,-863
708,-863
709,-863
710,-863
711,-863
712,-863
713,-862
714,-862
715,-862
716,-862
717,-862
718,-862
719,-861
720,-861
721,-861
722,-861
723,-861
724,-861
725,-860
726,-860
727,-860
728,-860
729,-860
730,-860
731,-860
732,-860
733,-859
734,-859
735,-859
736,-859
737,-859
738,-859
739,-858
740,-858
741,-858
742,-858
743,-857
744,-857
745,-857
746,-857
747,-857
748,-857
749,-857
750,-856
751,-856
752,-856
753,-855
754,-855
755,-855
756,-855
757,-854
758,-853
759,-853
760,-853
761,-853
762,-852
763,-852
764,-852
765,-852
766,-852
767,-851
768,-851
769,-851
770,-851
771,-850
772,-850
773,-849
774,-849
775,-849
776,-849
777,-848
778,-848
779,-848
780,-848
781,-847
782,-847
783,-846
784,-846
785,-845
786,-845
787,-845
788,-845
789,-845
789,-844
790,-843
791,-843
792,-843
793,-843
794,-842
795,-841
796,-841
797,-841
798,-841
799,-840
800,-840
801,-839
802,-838
803,-838
804,-837
805,-837
806,-837
807,-836
808,-836
809,-836
810,-835
811,-834
812,-834
813,-834
814,-834
815,-833
816,-833
817,-833
818,-832
819,-831
820,-831
821,-830
822,-830
823,-830
824,-829
825,-829
826,-829
827,-828
828,-828
829,-827
830,-827
831,-826
832,-826
833,-826
834,-825
835,-825
836,-825
837,-824
838,-824
839,-823
840,-823
841,-823
842,-822
843,-821
844,-821
845,-820
846,-820
847,-819
848,-818
849,-817
850,-817
851,-817
852,-816
853,-816
854,-815
855,-814
856,-813
857,-813
858,-812
859,-811
860,-811
861,-811
862,-810
863,-809
864,-808
865,-808
865,-807
866,-806
867,-805
868,-804
869,-804
870,-804
870,-803
871,-802
872,-801
873,-801
874,-800
875,-800
876,-799
876,-798
877,-797
878,-797
879,-796
880,-796
880,-795
881,-794
882,-793
883,-792
884,-791
885,-790
886,-790
887,-789
888,-789
889,-788
889,-787
890,-786
891,-785
892,-785
893,-785
894,-784
895,-783
896,-783
897,-782
898,-782
899,-781
900,-780
901,-780
902,-780
903,-780
904,-780
905,-780
906,-780
907,-780
908,-781
909,-781
910,-781
911,-782
912,-782
913,-782
914,-783
915,-783
916,-783
917,-783
918,-783
919,-783
920,-783
921,-782
922,-782
923,-782
924,-782
925,-781
926,-781
927,-781
928,-780
929,-780
930,-779
931,-779
932,-779
933,-778
934,-778
934,-777
935,-776
936,-776
937,-776
938,-775
939,-774
940,-774
941,-773
942,-773
943,-773
944,-773
945,-772
946,-772
947,-772
948,-772
949,-772
950,-772
951,-772
952,-772
953,-772
954,-771
955,-771
956,-771
957,-771
958,-771
959,-771
960,-771
961,-770
962,-770
963,-770
964,-770
965,-770
966,-770
967,-770
968,-770
969,-770
970,-770
971,-770
972,-769
973,-769
974,-769
975,-769
976,-769
977,-769
978,-769
979,-768
980,-768
981,-768
982,-768
983,-768
984,-768
985,-768
986,-768
987,-768
988,-768
989,-768
990,-768
991,-768
992,-768
993,-768
994,-768
995,-767
996,-767
997,-767
998,-767
999,-767
1000,-767
1001,-767
1002,-767
1003,-767
1004,-767
1005,-767
1006,-767
1007,-766
1008,-766
1009,-766
1010,-766
1011,-766
1012,-766
1013,-766
1014,-766
1015,-766
1016,-766
1017,-766
1018,-766
1019,-766
1020,-766
1021,-765
1022,-765
1023,-765
1024,-765
1025,-765
1026,-765
1027,-765
1028,-765
1029,-765
1030,-765
1031,-765
1032,-765
1033,-765
1034,-765
1035,-765
1036,-765
1037,-765
1038,-765
1039,-765
1040,-765
1041,-765
1042,-764
1043,-764
1044,-764
1045,-764
1046,-764
1047,-764
1048,-764
1049,-764
1050,-764
1051,-764
1052,-764
1053,-764
1054,-764
1055,-764
1056,-764
1057,-764
1058,-764
1059,-764
1060,-764
1061,-764
1062,-764
1063,-764
1064,-764
1065,-764
1066,-763
1067,-763
1068,-763
1069,-763
1070,-763
1071,-763
1072,-763
1073,-763
1074,-763
1075,-763
1076,-763
1077,-763
1078,-763
1079,-763
1080,-763
1081,-763
1082,-762
1083,-762
1084,-762
1085,-762
1086,-762
1087,-762
1088,-762
1089,-762
1090,-762
1091,-761
1092,-761
1093,-761
1094,-761
1095,-761
1096,-760
1097,-760
1098,-760
1099,-760
1100,-759
1101,-759
1102,-759
1103,-759
1104,-759
1105,-758
1106,-758
1107,-758
1108,-758
1109,-758
1110,-758
1111,-757
1112,-757
1113,-757
1114,-757
1115,-757
1116,-757
1117,-757
1118,-757
1119,-757
1119,-756
1119,-755
1119,-754
1119,-753
1119,-752
1119,-751
1119,-750
1120,-749
1120,-748
1120,-747
1120,-746
1120,-745
1120,-744
1120,-743
1120,-742
1119,-741
1119,-740
1119,-739
1119,-738
1118,-737
1118,-736
1117,-735
1116,-734
1116,-733
1116,-732
1116,-731
1116,-730
1115,-729
1114,-729
1113,-729
1112,-729
1111,-729
1110,-729
1109,-729
1108,-729
1107,-729
1106,-729
1105,-729
1104,-729
1103,-729
1102,-729
1101,-729
1100,-729
1099,-729
1098,-729
1097,-728
1097,-727
1097,-726
1098,-725
1099,-725
1100,-725
1101,-724
1102,-724
1103,-724
1104,-724
1105,-724
1106,-723
1107,-723
1108,-723
1109,-722
1110,-722
1111,-722
1111,-721
1111,-720
1111,-719
1111,-718
1111,-717
1111,-716
1111,-715
1111,-714
1112,-713
1112,-712
1112,-711
1112,-710
1112,-709
1112,-708
1112,-707
1112,-706
1112,-705
1112,-704
1112,-703
1112,-702
1111,-702
1110,-702
1109,-702
1108,-702
1107,-702
1106,-703
1105,-703
1104,-704
1103,-704
1102,-704
1101,-704
1101,-705
1100,-706
1099,-706
1098,-706
1097,-706
1096,-705
1095,-705
1094,-705
1093,-705
1092,-705
1091,-705
1090,-705
1089,-705
1088,-705
1087,-705
1086,-705
1085,-706
1084,-706
1083,-706
1082,-706
1081,-706
1080,-706
1079,-706
1078,-706
1077,-707
1076,-707
1075,-707
1074,-707
1073,-707
1072,-707
1071,-707
1070,-707
1069,-707
1068,-708
1067,-708
1066,-708
1065,-708
1064,-708
1063,-708
1062,-708
1061,-708
1060,-708
1059,-708
1058,-708
1057,-708
1056,-708
1055,-709
1054,-709
1053,-709
1052,-709
1051,-709
1050,-709
1049,-709
1048,-709
1047,-709
1046,-709
1045,-709
1044,-709
1043,-709
1042,-709
1041,-709
1040,-709
1039,-709
1038,-709
1037,-710
1036,-710
1035,-710
1034,-710
1033,-710
1032,-710
1031,-710
1030,-710
1029,-710
1028,-710
1027,-710
1026,-710
1025,-710
1024,-710
1023,-710
1022,-710
1021,-710
1020,-711
1019,-711
1018,-711
1017,-711
1016,-711
1015,-711
1014,-711
1013,-711
1012,-711
1011,-712
1010,-712
1009,-712
1008,-712
1007,-712
1006,-712
1005,-712
1004,-712
1003,-712
1002,-713
1001,-713
1000,-713
999,-713
998,-713
997,-713
996,-714
995,-714
994,-714
993,-714
992,-714
991,-714
990,-714
989,-714
988,-715
987,-715
986,-715
985,-715
984,-715
983,-715
982,-715
981,-715
980,-715
979,-715
978,-715
977,-715
976,-715
975,-716
974,-716
973,-716
972,-716
971,-716
970,-716
969,-717
968,-717
967,-717
966,-717
965,-717
964,-717
963,-717
962,-717
961,-717
960,-717
959,-717
958,-717
957,-717
956,-717
955,-717
954,-717
953,-717
952,-717
951,-717
950,-717
949,-717
948,-717
947,-717
946,-717
945,-717
944,-717
943,-717
942,-717
941,-717
940,-716
939,-716
938,-716
937,-716
936,-716
935,-716
934,-716
933,-716
932,-716
931,-716
930,-716
929,-716
928,-715
927,-715
926,-715
925,-715
924,-715
923,-715
922,-714
921,-714
920,-714
919,-714
918,-713
917,-713
916,-712
915,-712
914,-711
913,-711
912,-710
911,-709
910,-709
909,-708
908,-708
907,-707
906,-706
905,-706
904,-706
903,-705
902,-705
901,-704
900,-703
899,-703
898,-703
897,-702
896,-701
895,-701
894,-700
893,-700
892,-699
891,-698
890,-698
889,-697
888,-697
887,-696
886,-695
885,-694
884,-694
883,-693
882,-692
881,-692
880,-691
879,-690
878,-689
877,-689
876,-688
875,-687
874,-687
873,-686
872,-686
871,-685
870,-685
869,-684
868,-683
867,-683
866,-682
865,-681
864,-681
863,-681
862,-680
861,-680
860,-679
860,-678
859,-678
858,-677
857,-677
856,-677
855,-676
854,-675
853,-675
852,-674
851,-674
850,-673
849,-673
848,-672
847,-672
846,-672
845,-671
844,-670
843,-670
842,-669
841,-669
840,-668
839,-668
838,-668
837,-667
836,-666
835,-666
834,-665
833,-665
832,-665
831,-664
830,-664
829,-663
828,-662
827,-662
826,-661
825,-661
824,-661
823,-660
822,-660
821,-660
820,-659
819,-659
818,-658
817,-657
816,-657
815,-657
814,-657
813,-656
812,-655
811,-655
810,-655
809,-654
808,-654
807,-654
806,-654
805,-653
804,-653
803,-652
802,-652
801,-652
800,-651
799,-651
798,-651
797,-651
796,-650
795,-650
794,-650
793,-650
792,-649
791,-649
790,-649
789,-649
788,-648
787,-648
786,-648
785,-648
784,-647
783,-647
782,-647
781,-647
780,-646
779,-646
778,-645
777,-645
776,-645
775,-645
774,-645
773,-645
772,-644
771,-644
770,-644
769,-643
768,-643
767,-643
766,-642
765,-642
764,-642
763,-642
762,-642
761,-642
760,-642
759,-642
758,-642
757,-641
756,-641
755,-641
754,-640
753,-640
752,-640
751,-640
750,-640
749,-640
748,-639
747,-639
746,-639
745,-638
744,-638
743,-638
742,-638
741,-638
740,-638
739,-638
738,-638
737,-637
736,-637
735,-637
734,-637
733,-637
732,-637
731,-637
730,-637
729,-636
728,-636
727,-636
726,-636
725,-636
724,-636
723,-636
722,-636
721,-636
720,-636
719,-636
718,-635
717,-635
716,-635
715,-635
714,-635
713,-635
712,-635
711,-635
710,-635
709,-635
708,-635
707,-635
706,-635
705,-635
704,-635
703,-635
702,-635
701,-635
700,-635
699,-635
698,-635
697,-635
696,-635
695,-635
694,-635
693,-635
692,-635
691,-635
690,-635
689,-635
688,-635
687,-635
686,-635
685,-635
684,-635
683,-635
682,-635
681,-635
680,-635
679,-636
678,-636
677,-636
676,-636
675,-636
674,-636
673,-636
672,-636
671,-636
670,-636
669,-636
668,-636
667,-636
666,-636
665,-636
664,-636
663,-636
662,-636
661,-636
660,-636
659,-636
658,-636
657,-636
656,-636
655,-636
654,-637
653,-637
652,-637
651,-637
650,-637
649,-637
648,-637
647,-637
646,-637
645,-638
644,-638
643,-638
642,-638
641,-638
640,-638
639,-638
638,-638
637,-638
636,-638
635,-638
634,-638
633,-639
632,-639
631,-639
630,-639
629,-639
628,-640
627,-640
626,-640
625,-640
624,-640
623,-640
622,-640
621,-640
620,-641
619,-641
618,-641
617,-641
616,-641
615,-641
614,-642
613,-642
612,-642
611,-642
610,-643
609,-643
608,-643
607,-643
606,-644
605,-644
604,-644
603,-644
602,-644
601,-645
600,-645
599,-645
598,-646
597,-646
596,-646
595,-647
594,-647
593,-647
592,-648
591,-648
590,-648
589,-649
588,-649
587,-649
586,-649
585,-649
584,-650
583,-650
582,-650
581,-651
580,-651
579,-651
578,-652
577,-652
576,-652
575,-652
574,-653
573,-653
572,-653
571,-653
570,-653
569,-654
568,-654
567,-654
566,-655
565,-655
564,-655
563,-656
562,-656
561,-657
560,-657
559,-657
558,-657
557,-658
556,-659
555,-659
554,-660
553,-660
552,-660
551,-660
550,-661
549,-661
548,-662
547,-662
546,-662
545,-663
544,-663
543,-664
542,-664
541,-664
540,-665
539,-665
538,-666
537,-666
536,-667
535,-667
534,-668
533,-668
532,-669
531,-669
530,-670
529,-670
528,-671
527,-672
526,-672
525,-673
524,-673
523,-673
522,-674
521,-675
520,-675
519,-675
518,-676
517,-677
516,-677
515,-678
514,-678
513,-679
512,-679
512,-680
511,-681
510,-681
509,-681
508,-681
507,-682
506,-683
505,-683
504,-684
503,-684
502,-685
501,-685
500,-686
499,-686
498,-687
497,-688
496,-688
495,-688
494,-689
493,-689
492,-690
491,-691
490,-691
489,-692
488,-692
487,-693
486,-693
485,-693
484,-694
483,-694
482,-695
481,-696
480,-696
479,-696
478,-697
477,-697
476,-698
475,-698
474,-699
473,-699
472,-700
471,-700
470,-701
469,-701
468,-702
467,-702
466,-703
465,-704
464,-704
463,-705
462,-705
461,-705
460,-706
459,-707
458,-708
457,-709
456,-709
455,-710
454,-710
453,-711
452,-711
451,-712
450,-712
449,-713
448,-714
447,-714
446,-715
445,-715
444,-716
443,-717
442,-717
441,-718
440,-719
439,-719
438,-720
437,-720
436,-721
435,-721
434,-722
433,-722
432,-723
431,-723
430,-724
429,-724
428,-725
427,-726
426,-726
425,-727
424,-727
423,-728
422,-728
421,-729
420,-729
419,-730
418,-730
417,-731
416,-731
415,-732
414,-733
413,-733
412,-734
411,-735
410,-735
409,-736
408,-737
407,-737
406,-738
405,-738
404,-739
403,-740
402,-740
401,-740
400,-741
399,-742
398,-742
397,-743
396,-743
395,-744
394,-744
393,-745
392,-745
391,-746
390,-746
389,-747
388,-747
387,-748
386,-748
385,-749
384,-750
383,-751
382,-752
381,-753
