406,-677
406,-678
406,-679
406,-680
406,-681
406,-682
406,-683
406,-684
407,-685
407,-686
407,-687
408,-688
408,-689
408,-690
409,-690
410,-691
411,-692
412,-693
412,-694
412,-695
413,-695
414,-696
415,-697
416,-698
417,-699
418,-699
419,-700
419,-701
420,-701
421,-702
422,-703
423,-704
424,-704
425,-705
426,-706
427,-706
428,-707
429,-708
429,-709
430,-709
431,-710
432,-710
433,-711
434,-712
435,-713
436,-714
437,-714
438,-715
439,-715
440,-716
441,-717
442,-717
443,-718
444,-718
445,-719
446,-720
446,-721
447,-721
448,-722
449,-722
450,-723
451,-724
452,-724
453,-725
454,-726
455,-726
456,-727
457,-727
458,-727
459,-728
460,-729
461,-729
462,-730
462,-731
463,-731
464,-732
465,-732
466,-733
467,-734
468,-734
469,-735
470,-736
471,-736
472,-737
473,-738
474,-739
475,-739
476,-740
477,-740
478,-741
478,-742
479,-742
480,-742
481,-742
482,-743
482,-744
483,-744
484,-745
484,-746
485,-746
486,-747
487,-747
488,-748
489,-749
490,-750
491,-750
492,-751
493,-751
494,-752
495,-752
496,-753
497,-753
498,-754
499,-755
500,-756
501,-756
502,-757
503,-758
504,-759
505,-759
506,-759
507,-759
508,-760
509,-761
510,-762
511,-763
512,-763
513,-764
514,-765
515,-766
516,-766
517,-767
518,-768
519,-768
520,-769
520,-770
521,-770
522,-770
523,-771
524,-772
525,-773
526,-773
527,-774
528,-775
529,-775
530,-775
531,-776
532,-777
533,-778
534,-778
535,-778
536,-779
537,-779
538,-780
539,-780
540,-781
541,-782
542,-782
543,-783
544,-783
545,-783
546,-783
547,-784
548,-785
549,-785
550,-786
551,-786
552,-787
553,-787
554,-788
555,-788
556,-788
557,-789
558,-789
559,-790
560,-790
561,-790
562,-791
563,-791
564,-791
565,-792
566,-792
567,-793
568,-793
569,-794
570,-794
571,-795
572,-795
573,-795
574,-795
575,-796
576,-796
577,-796
578,-797
579,-797
580,-798
581,-798
582,-798
583,-799
584,-799
585,-799
586,-799
587,-800
588,-800
589,-800
590,-801
591,-802
592,-802
593,-803
594,-803
595,-803
596,-804
597,-804
598,-804
599,-804
600,-805
601,-805
602,-806
603,-806
604,-806
605,-807
606,-807
607,-807
608,-807
609,-808
610,-808
611,-808
612,-808
613,-809
614,-809
615,-810
616,-810
617,-810
618,-811
619,-811
620,-811
621,-811
622,-811
623,-812
624,-812
625,-812
626,-812
627,-813
628,-813
629,-813
630,-814
631,-814
632,-814
633,-814
634,-814
635,-815
636,-815
637,-815
638,-815
639,-815
640,-815
641,-816
642,-816
643,-816
644,-816
645,-816
646,-817
647,-818
648,-818
649,-818
650,-818
651,-818
652,-818
653,-818
654,-818
655,-818
656,-819
657,-819
658,-819
659,-819
660,-819
661,-819
662,-819
663,-819
664,-819
665,-819
666,-820
667,-820
668,-820
669,-820
670,-821
671,-821
672,-821
673,-821
674,-821
675,-821
676,-821
677,-822
678,-822
679,-822
680,-822
681,-822
682,-822
683,-822
684,-822
685,-822
686,-823
687,-823
688,-823
689,-823
690,-823
691,-823
692,-823
693,-823
694,-823
695,-823
696,-823
697,-823
698,-823
699,-823
700,-823
701,-823
702,-823
703,-823
704,-823
705,-823
706,-823
707,-823
708,-823
709,-823
710,-823
711,-823
712,-823
713,-823
714,-823
715,-823
716,-823
717,-823
718,-823
719,-823
720,-823
721,-823
722,-823
723,-823
724,-824
725,-824
726,-824
727,-824
728,-824
729,-824
730,-824
731,-824
732,-824
733,-824
734,-824
735,-824
736,-824
737,-824
738,-824
739,-824
740,-824
741,-824
742,-824
743,-824
744,-824
745,-824
746,-824
747,-824
748,-824
749,-824
750,-824
751,-824
752,-823
753,-823
754,-823
755,-823
756,-823
757,-823
758,-823
759,-823
760,-823
761,-822
762,-822
763,-822
764,-822
765,-822
766,-821
767,-821
768,-821
769,-821
770,-820
771,-820
772,-820
773,-820
774,-820
775,-819
776,-819
777,-819
778,-819
779,-819
780,-819
781,-818
782,-818
783,-818
784,-818
785,-818
786,-818
787,-817
788,-817
789,-817
790,-816
791,-816
792,-816
793,-816
794,-815
795,-815
796,-815
797,-814
798,-814
799,-814
800,-814
801,-813
802,-813
803,-812
804,-812
805,-812
806,-811
807,-811
808,-811
809,-811
810,-812
811,-812
812,-812
813,-812
814,-812
815,-812
816,-812
817,-812
818,-812
819,-813
819,-814
820,-814
821,-814
822,-814
823,-814
824,-815
825,-815
826,-815
827,-815
828,-816
829,-816
830,-816
831,-816
832,-816
833,-816
834,-816
835,-816
836,-816
837,-816
838,-816
839,-816
840,-815
841,-815
842,-815
843,-815
844,-815
845,-815
846,-815
847,-815
848,-815
849,-815
850,-815
851,-815
852,-815
853,-815
854,-815
855,-815
856,-815
857,-815
858,-815
859,-815
860,-815
861,-815
862,-815
863,-815
864,-815
865,-815
866,-815
867,-815
868,-815
869,-815
870,-816
871,-816
872,-816
873,-816
874,-816
875,-816
876,-816
877,-816
878,-816
879,-816
880,-816
881,-816
882,-816
883,-816
884,-816
885,-816
886,-816
887,-816
888,-816
889,-816
890,-817
891,-817
892,-817
893,-818
894,-818
895,-818
896,-818
897,-818
898,-818
899,-818
900,-818
901,-819
902,-819
903,-819
904,-820
905,-820
906,-820
907,-820
908,-820
909,-820
910,-821
911,-821
912,-821
913,-821
914,-821
915,-822
916,-822
917,-822
918,-822
919,-822
920,-822
921,-823
922,-823
923,-823
924,-823
925,-823
926,-824
927,-824
928,-824
929,-825
930,-825
931,-826
932,-826
933,-826
934,-827
935,-827
936,-828
937,-828
938,-828
939,-829
940,-829
941,-830
942,-830
943,-830
944,-831
945,-831
946,-832
947,-832
948,-832
949,-833
950,-833
951,-834
952,-834
953,-835
954,-835
955,-836
956,-836
957,-837
958,-837
959,-837
960,-838
961,-839
962,-839
963,-839
964,-839
965,-839
966,-839
967,-838
968,-838
969,-838
970,-839
970,-840
970,-841
970,-842
971,-843
972,-843
973,-843
974,-844
975,-845
976,-845
977,-845
978,-845
979,-846
980,-847
981,-847
982,-847
983,-848
984,-849
985,-849
986,-849
987,-849
988,-850
989,-850
990,-851
991,-851
992,-852
993,-852
994,-853
995,-853
996,-854
997,-854
998,-855
999,-855
1000,-856
1001,-856
1002,-856
1003,-857
1004,-858
1005,-858
1006,-858
1007,-859
1008,-860
1009,-860
1010,-860
1011,-861
1012,-861
1013,-861
1014,-862
1014,-863
1015,-863
1016,-863
1017,-864
1018,-864
1019,-865
1020,-865
1021,-866
1022,-866
1023,-867
1024,-867
1025,-868
1026,-868
1027,-869
1028,-870
1029,-870
1030,-871
1031,-871
1032,-872
1033,-872
1034,-872
1035,-873
1036,-874
1037,-874
1038,-874
1039,-875
1040,-875
1041,-875
1042,-876
1043,-876
1044,-877
1045,-877
1046,-878
1047,-878
1048,-878
1049,-879
1050,-879
1051,-880
1052,-880
1053,-880
1054,-881
1055,-882
1056,-882
1057,-882
1058,-882
1059,-883
1060,-883
1061,-883
1062,-883
1063,-883
1064,-884
1065,-884
1066,-885
1066,-886
1067,-886
1068,-886
1069,-886
1070,-886
1071,-886
1072,-886
1073,-886
1074,-887
1075,-887
1076,-887
1077,-887
1078,-887
1079,-887
1080,-887
1081,-887
1082,-887
1083,-886
1084,-885
1085,-885
1086,-885
1087,-885
1087,-884
1088,-883
1089,-883
1090,-882
1091,-882
1092,-882
1093,-882
1093,-881
1093,-880
1093,-879
1093,-878
1094,-877
1095,-877
1095,-876
1095,-875
1095,-874
1095,-873
1095,-872
1095,-871
1095,-870
1094,-870
1093,-870
1092,-870
1091,-870
1090,-870
1089,-869
1088,-869
1087,-869
1086,-868
1085,-867
1084,-867
1083,-867
1082,-866
1081,-866
1080,-866
1079,-866
1078,-866
1077,-867
1076,-867
1075,-867
1074,-867
1073,-867
1072,-866
1072,-865
1071,-865
1070,-865
1069,-865
1068,-865
1067,-865
1066,-865
1065,-865
1064,-864
1064,-863
1063,-862
1062,-862
1061,-862
1060,-862
1059,-861
1058,-861
1057,-860
1057,-859
1057,-858
1056,-858
1055,-858
1054,-858
1053,-857
1053,-856
1053,-855
1053,-854
1053,-853
1052,-853
1051,-853
1050,-852
1049,-851
1048,-851
1047,-850
1046,-849
1045,-849
1044,-848
1043,-847
1042,-847
1041,-847
1040,-846
1039,-846
1038,-845
1037,-845
1036,-845
1035,-845
1034,-844
1033,-843
1032,-842
1031,-842
1030,-841
1029,-841
1028,-840
1027,-840
1026,-839
1025,-838
1024,-838
1023,-838
1022,-838
1021,-837
1020,-836
1019,-836
1018,-836
1017,-835
1016,-834
1015,-833
1014,-833
1013,-832
1013,-831
1013,-830
1013,-829
1013,-828
1014,-827
1015,-827
1016,-827
1017,-827
1018,-827
1019,-827
1020,-827
1021,-827
1022,-827
1023,-827
1024,-827
1025,-827
1026,-827
1027,-827
1028,-827
1029,-827
1030,-827
1031,-827
1032,-827
1033,-828
1034,-829
1035,-829
1036,-829
1037,-829
1038,-829
1039,-829
1040,-829
1041,-829
1042,-829
1043,-830
1043,-831
1043,-832
1044,-832
1045,-832
1046,-832
1047,-832
1048,-832
1048,-831
1048,-830
1048,-829
1048,-828
1047,-827
1046,-827
1045,-827
1044,-827
1043,-827
1042,-827
1041,-826
1041,-825
1040,-824
1039,-823
1038,-823
1037,-822
1036,-822
1035,-821
1034,-821
1033,-821
1032,-820
1032,-819
1031,-819
1030,-819
1029,-818
1028,-818
1027,-818
1026,-817
1025,-817
1024,-816
1024,-815
1023,-815
1022,-814
1021,-814
1020,-813
1019,-813
1018,-812
1017,-812
1016,-812
1015,-811
1014,-810
1013,-810
1012,-810
1011,-809
1010,-809
1009,-809
1008,-809
1007,-809
1006,-809
1005,-810
1004,-810
1003,-811
1002,-812
1001,-813
1000,-813
1000,-814
999,-815
998,-815
997,-816
996,-817
995,-818
994,-819
993,-820
992,-821
991,-822
990,-822
989,-823
988,-824
987,-825
986,-826
985,-826
985,-827
984,-828
983,-828
982,-828
981,-828
980,-827
980,-826
980,-825
981,-824
982,-824
982,-823
983,-822
984,-821
985,-821
986,-820
987,-819
988,-818
989,-817
990,-816
991,-815
992,-814
993,-813
994,-812
995,-811
996,-810
997,-809
998,-808
998,-807
998,-806
998,-805
998,-804
997,-803
996,-803
995,-802
994,-802
993,-801
992,-801
991,-800
990,-800
989,-799
988,-799
987,-799
986,-798
985,-798
984,-797
983,-797
982,-796
981,-796
980,-796
979,-795
978,-795
977,-794
976,-794
975,-793
974,-793
973,-792
972,-792
971,-791
970,-791
969,-791
968,-790
967,-790
966,-789
965,-789
964,-788
963,-788
962,-788
961,-787
960,-787
959,-786
958,-786
957,-786
956,-785
955,-784
954,-784
953,-784
952,-783
951,-783
950,-783
949,-782
948,-782
947,-782
946,-781
945,-781
944,-780
943,-780
942,-779
941,-779
940,-779
939,-779
938,-778
937,-778
936,-777
935,-777
934,-777
933,-776
932,-776
931,-775
930,-775
929,-775
928,-774
927,-774
926,-774
925,-774
924,-773
923,-773
922,-773
921,-772
920,-772
919,-772
918,-771
917,-771
916,-770
915,-770
914,-770
913,-769
912,-769
911,-769
910,-769
909,-768
908,-768
907,-768
906,-768
905,-767
904,-767
903,-767
902,-766
901,-766
900,-766
899,-765
898,-765
897,-765
896,-764
895,-764
894,-763
893,-763
892,-762
891,-762
890,-762
889,-761
888,-761
887,-760
886,-760
885,-759
884,-759
883,-758
882,-758
881,-757
880,-756
879,-756
878,-755
877,-754
876,-753
875,-753
874,-752
873,-751
872,-750
871,-749
870,-748
869,-747
868,-746
868,-745
867,-744
866,-743
865,-742
864,-741
864,-740
863,-739
862,-738
861,-737
860,-736
860,-735
859,-734
858,-733
857,-732
856,-731
855,-730
855,-729
854,-728
853,-727
852,-726
851,-725
851,-724
850,-723
849,-722
848,-721
848,-720
848,-719
847,-718
846,-717
845,-716
845,-715
844,-714
843,-714
842,-713
841,-712
840,-711
840,-710
839,-709
838,-709
837,-708
836,-707
836,-706
835,-705
834,-704
833,-703
833,-702
832,-702
831,-701
830,-700
829,-699
829,-698
828,-698
827,-697
826,-696
825,-696
824,-695
824,-694
823,-693
822,-693
821,-693
820,-692
820,-691
819,-690
818,-690
817,-689
816,-688
815,-687
814,-686
813,-686
812,-685
811,-684
810,-683
809,-682
808,-682
807,-681
806,-680
805,-679
804,-678
803,-678
802,-677
801,-676
800,-675
799,-675
798,-674
797,-673
796,-673
795,-672
794,-671
793,-670
792,-669
791,-669
790,-668
789,-668
788,-667
787,-666
786,-666
785,-665
784,-664
783,-663
782,-663
781,-662
780,-662
779,-661
778,-661
777,-660
776,-659
775,-659
774,-658
773,-658
772,-657
771,-656
770,-656
769,-656
768,-655
768,-654
767,-654
766,-654
765,-654
764,-654
763,-653
763,-652
762,-652
761,-651
760,-650
759,-650
758,-650
757,-650
756,-649
755,-648
754,-648
753,-647
752,-647
751,-646
750,-646
749,-646
748,-645
747,-645
746,-645
745,-645
744,-644
744,-643
743,-643
742,-642
741,-642
740,-641
739,-641
738,-641
737,-640
736,-639
735,-639
734,-639
733,-638
732,-638
731,-637
730,-637
729,-637
728,-637
727,-636
726,-635
725,-635
724,-635
723,-634
722,-634
721,-634
720,-634
719,-634
718,-634
717,-633
716,-633
715,-632
714,-632
713,-631
712,-631
711,-631
710,-630
709,-630
708,-630
707,-630
706,-630
705,-629
704,-629
703,-629
702,-628
701,-628
700,-628
699,-627
698,-627
697,-627
696,-626
695,-626
694,-626
693,-626
692,-626
691,-626
690,-626
689,-626
688,-625
687,-625
686,-625
685,-624
684,-624
683,-624
682,-624
681,-623
680,-623
679,-623
678,-622
677,-622
676,-622
675,-622
674,-622
673,-622
672,-622
671,-621
670,-621
669,-621
668,-621
667,-621
666,-621
665,-621
664,-621
663,-621
662,-621
661,-621
660,-620
660,-619
659,-619
658,-618
657,-618
656,-618
655,-618
654,-618
653,-618
652,-618
651,-618
650,-617
649,-617
648,-617
647,-617
646,-617
645,-617
644,-617
643,-617
642,-617
641,-616
640,-616
639,-616
638,-616
637,-616
636,-615
635,-615
634,-615
633,-615
632,-615
631,-615
630,-615
629,-615
628,-615
627,-615
626,-615
625,-615
624,-615
623,-615
622,-615
621,-615
620,-615
619,-615
618,-615
617,-615
616,-615
615,-615
614,-615
613,-615
612,-615
611,-615
610,-615
609,-616
608,-616
607,-616
606,-616
605,-616
604,-616
603,-616
602,-616
601,-616
600,-616
599,-616
598,-616
597,-616
596,-616
595,-616
594,-616
593,-617
592,-617
591,-618
590,-618
589,-618
588,-618
587,-618
586,-618
585,-618
584,-618
583,-618
582,-618
581,-618
580,-618
579,-619
578,-619
577,-619
576,-619
575,-619
574,-619
573,-619
572,-619
571,-619
570,-619
569,-620
568,-620
567,-620
566,-620
565,-620
564,-621
563,-621
562,-621
561,-621
560,-621
559,-621
558,-621
557,-621
556,-621
555,-621
554,-622
553,-622
552,-622
551,-622
550,-622
549,-623
548,-623
547,-623
546,-623
545,-624
544,-624
543,-624
542,-624
541,-625
540,-625
539,-625
538,-626
537,-626
536,-626
535,-626
534,-626
533,-627
532,-627
531,-627
530,-628
529,-628
528,-629
527,-629
526,-629
525,-630
524,-630
523,-630
522,-630
521,-631
520,-632
519,-632
518,-632
517,-632
516,-632
515,-633
514,-634
513,-634
512,-634
511,-634
510,-635
509,-635
508,-635
507,-635
506,-636
505,-636
504,-636
503,-637
502,-637
501,-637
500,-638
499,-638
498,-638
497,-638
496,-638
495,-639
494,-639
494,-640
493,-641
492,-641
491,-641
490,-641
489,-641
488,-641
487,-642
486,-642
485,-642
484,-642
483,-643
482,-643
481,-643
480,-644
479,-644
478,-645
477,-645
476,-646
475,-646
474,-646
473,-646
472,-646
471,-647
470,-647
469,-648
468,-649
467,-649
466,-649
465,-650
464,-650
463,-650
462,-651
461,-651
460,-652
459,-652
458,-652
457,-653
456,-653
455,-654
454,-654
453,-655
452,-655
451,-656
450,-656
449,-657
448,-657
447,-658
446,-658
445,-658
444,-659
443,-659
442,-660
441,-660
440,-661
439,-661
438,-662
437,-662
436,-663
435,-663
434,-664
433,-664
432,-665
431,-665
430,-665
429,-666
428,-667
427,-667
426,-668
425,-668
424,-669
423,-669
422,-670
421,-670
420,-670
419,-671
418,-672
417,-672
416,-672
415,-672
414,-673
413,-673
412,-673
411,-674
410,-675
409,-675
408,-676
407,-677
406,-677
