398,-724
398,-725
398,-726
398,-727
398,-728
398,-729
399,-730
400,-730
401,-731
402,-731
403,-731
404,-732
405,-732
406,-732
407,-732
408,-732
409,-732
410,-732
411,-732
412,-732
413,-732
414,-732
415,-732
416,-732
417,-732
418,-732
419,-732
420,-732
421,-732
422,-732
423,-731
424,-731
425,-731
426,-731
427,-731
428,-731
429,-732
430,-732
431,-732
432,-732
433,-732
434,-732
435,-732
436,-732
437,-732
438,-732
439,-732
440,-732
441,-732
442,-732
443,-732
444,-732
445,-732
446,-732
447,-732
448,-732
449,-732
450,-733
451,-733
452,-733
453,-733
454,-733
455,-733
456,-733
457,-733
458,-733
459,-733
460,-733
461,-733
462,-733
463,-733
464,-733
465,-733
466,-733
467,-733
468,-733
469,-733
470,-733
471,-733
472,-733
473,-733
474,-734
475,-734
476,-734
477,-734
478,-734
479,-734
480,-734
481,-734
482,-734
483,-734
484,-734
485,-734
486,-734
487,-734
488,-734
489,-734
490,-734
491,-734
492,-734
493,-734
494,-734
495,-734
496,-734
497,-734
498,-734
499,-734
500,-735
501,-735
502,-735
503,-735
504,-735
505,-735
506,-735
507,-735
508,-735
509,-735
510,-735
511,-735
512,-735
513,-735
514,-735
515,-735
516,-735
517,-735
518,-735
519,-735
520,-735
521,-735
522,-735
523,-735
524,-736
525,-736
526,-736
527,-736
528,-736
529,-736
530,-736
531,-736
532,-736
533,-736
534,-736
535,-736
536,-736
537,-736
538,-736
539,-736
540,-736
541,-736
542,-736
543,-736
544,-736
545,-736
546,-736
547,-736
548,-736
549,-737
550,-737
551,-737
552,-737
553,-737
554,-737
555,-737
556,-737
557,-737
558,-737
559,-737
560,-737
561,-737
562,-737
563,-737
564,-737
565,-737
566,-737
567,-737
568,-737
569,-738
570,-738
571,-738
572,-738
573,-738
574,-738
575,-738
576,-738
577,-738
578,-738
579,-738
580,-738
581,-738
582,-739
583,-739
584,-739
585,-739
586,-740
587,-740
588,-740
589,-740
590,-740
591,-741
592,-741
593,-741
594,-741
595,-741
596,-741
597,-742
598,-742
599,-742
600,-743
601,-743
602,-743
603,-743
604,-744
605,-744
606,-744
607,-744
608,-745
609,-746
610,-746
611,-746
612,-747
613,-747
614,-747
615,-747
616,-748
617,-748
618,-749
619,-749
620,-749
621,-750
622,-750
623,-751
624,-752
625,-752
626,-753
627,-753
628,-753
629,-754
629,-755
630,-756
631,-756
632,-756
633,-757
634,-757
635,-758
635,-759
636,-759
637,-760
638,-761
639,-761
640,-762
641,-763
642,-763
643,-764
644,-765
644,-766
645,-766
646,-767
647,-768
648,-769
649,-769
650,-769
651,-770
652,-771
652,-772
653,-773
654,-774
655,-774
656,-775
657,-775
658,-776
659,-777
660,-778
661,-778
662,-779
663,-780
663,-781
664,-781
665,-782
666,-782
667,-782
668,-783
669,-784
670,-785
671,-785
672,-785
673,-786
673,-787
673,-788
674,-789
675,-790
676,-790
677,-790
678,-790
679,-791
680,-792
681,-793
682,-794
683,-794
684,-795
684,-796
684,-797
685,-798
686,-798
687,-799
688,-800
689,-800
690,-800
691,-801
691,-802
691,-803
692,-803
693,-803
694,-804
695,-804
696,-805
697,-806
697,-807
697,-808
697,-809
698,-809
699,-810
700,-811
701,-811
702,-812
703,-812
704,-812
705,-812
706,-813
707,-814
707,-815
707,-816
707,-817
707,-818
708,-819
709,-819
710,-819
711,-820
712,-820
713,-820
714,-820
715,-821
716,-821
717,-821
718,-821
719,-821
720,-821
721,-821
722,-821
723,-822
724,-822
725,-822
726,-822
727,-823
728,-823
729,-824
730,-825
731,-825
732,-825
733,-825
734,-826
735,-826
736,-827
736,-828
737,-828
738,-828
739,-828
740,-829
741,-830
742,-830
743,-830
744,-831
745,-831
746,-832
747,-832
748,-833
749,-833
750,-833
751,-834
752,-835
753,-835
754,-836
755,-836
756,-837
757,-837
758,-838
759,-838
760,-838
761,-839
762,-839
763,-839
764,-839
765,-839
766,-840
767,-840
768,-841
769,-841
770,-841
771,-842
772,-842
773,-842
774,-843
775,-844
776,-844
777,-844
778,-844
779,-844
780,-845
781,-845
782,-845
783,-845
784,-846
785,-846
786,-847
787,-847
788,-847
789,-847
790,-847
791,-847
792,-848
793,-848
794,-848
795,-849
796,-849
797,-849
798,-849
799,-849
800,-850
801,-850
802,-850
803,-851
804,-851
805,-851
806,-851
807,-851
808,-851
809,-852
810,-852
811,-852
812,-852
813,-852
814,-852
815,-852
816,-852
817,-852
818,-852
819,-852
820,-853
821,-854
822,-854
823,-854
824,-854
825,-854
826,-854
827,-854
828,-854
829,-854
830,-854
831,-854
832,-854
833,-854
834,-854
835,-855
836,-855
837,-855
838,-856
839,-856
840,-856
841,-857
842,-857
843,-857
844,-857
845,-857
846,-857
847,-857
848,-857
849,-857
850,-857
851,-857
852,-857
853,-857
854,-857
855,-857
856,-857
857,-858
858,-858
859,-858
860,-858
861,-858
862,-858
863,-858
864,-858
865,-858
866,-858
867,-858
868,-857
869,-857
870,-857
871,-857
872,-857
873,-857
874,-857
875,-857
876,-857
877,-857
878,-857
879,-857
880,-857
881,-857
882,-857
883,-857
884,-857
885,-857
886,-857
887,-857
888,-857
889,-857
890,-857
891,-857
892,-857
893,-857
894,-857
895,-857
896,-857
897,-857
898,-857
899,-856
900,-856
901,-856
902,-856
903,-855
904,-855
905,-854
906,-854
907,-854
908,-854
909,-854
910,-853
911,-853
912,-853
913,-853
914,-853
915,-853
916,-852
917,-852
918,-852
919,-852
920,-852
921,-852
922,-852
923,-852
924,-851
925,-851
926,-851
927,-851
928,-851
929,-851
930,-851
931,-850
932,-850
933,-850
934,-850
935,-850
936,-850
937,-849
938,-849
939,-849
940,-849
941,-849
942,-849
943,-848
944,-848
945,-848
946,-848
947,-848
948,-848
949,-847
950,-847
951,-846
952,-846
953,-846
954,-845
955,-845
956,-845
957,-845
958,-845
959,-845
960,-844
961,-844
962,-844
963,-844
964,-843
965,-843
966,-843
967,-842
968,-842
969,-842
970,-842
971,-841
972,-841
973,-841
974,-841
975,-840
976,-840
977,-840
978,-840
979,-839
980,-839
981,-839
982,-838
983,-838
984,-838
985,-838
986,-837
987,-837
988,-837
989,-837
990,-837
991,-836
992,-836
993,-836
994,-836
995,-836
996,-835
997,-835
998,-834
999,-834
1000,-834
1001,-833
1002,-833
1003,-833
1004,-833
1005,-832
1006,-832
1007,-832
1008,-831
1009,-831
1010,-830
1011,-830
1012,-830
1013,-830
1014,-829
1015,-829
1016,-829
1017,-828
1018,-828
1019,-828
1020,-828
1021,-828
1022,-827
1023,-827
1024,-826
1025,-826
1026,-826
1027,-826
1028,-826
1029,-826
1030,-825
1031,-825
1032,-824
1033,-824
1034,-824
1035,-823
1036,-823
1037,-823
1038,-822
1039,-822
1040,-822
1041,-821
1042,-821
1043,-821
1044,-821
1045,-821
1046,-820
1047,-820
1048,-820
1049,-819
1050,-819
1051,-819
1052,-818
1053,-818
1054,-818
1055,-818
1056,-818
1057,-817
1058,-817
1059,-817
1060,-816
1061,-815
1062,-815
1063,-815
1064,-815
1065,-814
1066,-814
1067,-813
1068,-813
1069,-813
1070,-813
1071,-812
1072,-812
1073,-812
1074,-812
1075,-811
1076,-811
1077,-811
1078,-811
1079,-810
1080,-810
1081,-810
1082,-810
1083,-810
1084,-809
1085,-809
1086,-809
1087,-809
1088,-809
1089,-809
1090,-809
1091,-809
1092,-809
1093,-808
1094,-808
1095,-808
1096,-807
1097,-806
1098,-806
1099,-805
1100,-805
1101,-805
1102,-804
1102,-803
1102,-802
1102,-801
1103,-800
1103,-799
1103,-798
1103,-797
1103,-796
1102,-795
1102,-794
1102,-793
1101,-792
1101,-791
1100,-790
1100,-789
1099,-788
1099,-787
1098,-786
1097,-785
1096,-784
1095,-783
1094,-783
1093,-782
1092,-781
1092,-780
1091,-780
1090,-779
1089,-778
1088,-777
1087,-776
1086,-775
1085,-775
1084,-774
1083,-773
1083,-772
1082,-771
1081,-770
1080,-769
1079,-768
1078,-767
1077,-766
1076,-766
1075,-765
1075,-764
1074,-763
1073,-763
1072,-762
1072,-761
1071,-760
1070,-760
1069,-759
1068,-758
1067,-757
1066,-757
1065,-756
1064,-755
1063,-754
1062,-753
1061,-753
1060,-752
1059,-751
1058,-750
1057,-749
1056,-748
1055,-748
1054,-747
1053,-746
1052,-745
1051,-744
1050,-744
1049,-743
1048,-743
1047,-742
1047,-741
1046,-741
1045,-740
1044,-739
1043,-738
1042,-737
1041,-737
1040,-736
1039,-735
1038,-735
1037,-734
1036,-733
1035,-732
1034,-731
1033,-731
1032,-730
1031,-730
1030,-729
1029,-728
1028,-728
1027,-727
1026,-727
1025,-726
1024,-725
1023,-724
1022,-724
1021,-723
1020,-722
1019,-722
1018,-721
1017,-720
1016,-720
1015,-719
1014,-718
1013,-717
1012,-717
1011,-716
1010,-715
1009,-715
1008,-714
1007,-713
1006,-713
1005,-713
1004,-712
1003,-711
1002,-711
1001,-710
1000,-709
999,-709
998,-708
997,-708
996,-707
995,-707
994,-706
993,-705
992,-704
991,-703
990,-703
989,-702
988,-702
987,-701
986,-700
985,-700
984,-699
983,-699
982,-698
981,-697
980,-696
979,-696
978,-695
977,-695
976,-694
975,-693
974,-693
973,-692
972,-692
971,-691
970,-691
969,-690
968,-689
967,-689
966,-688
965,-688
964,-687
963,-687
962,-686
961,-685
960,-685
959,-684
958,-684
957,-683
956,-683
955,-682
954,-682
953,-681
952,-680
951,-680
950,-679
949,-679
948,-679
947,-679
946,-678
945,-678
944,-677
943,-676
942,-676
941,-676
940,-675
939,-675
938,-675
937,-675
936,-674
935,-674
934,-673
933,-673
932,-672
931,-672
930,-671
929,-671
928,-670
927,-670
926,-669
925,-669
924,-669
923,-668
922,-668
921,-668
920,-667
919,-667
918,-667
917,-666
916,-665
915,-665
914,-665
913,-664
912,-664
911,-664
910,-664
909,-663
908,-663
907,-663
906,-662
905,-662
904,-661
903,-661
902,-661
901,-660
900,-660
899,-660
898,-660
897,-659
896,-659
895,-659
894,-659
893,-658
892,-658
891,-658
890,-657
889,-657
888,-657
887,-657
886,-656
885,-656
884,-656
883,-656
882,-656
881,-655
880,-655
879,-655
878,-655
877,-654
876,-654
875,-654
874,-653
873,-653
872,-653
871,-653
870,-652
869,-652
868,-652
867,-652
866,-652
865,-652
864,-651
863,-651
862,-651
861,-651
860,-651
859,-650
858,-650
857,-650
856,-650
855,-649
854,-649
853,-649
852,-649
851,-649
850,-648
849,-648
848,-648
847,-648
846,-648
845,-647
844,-647
843,-647
842,-647
841,-647
840,-647
839,-646
838,-646
837,-646
836,-646
835,-646
834,-645
833,-645
832,-645
831,-645
830,-645
829,-645
828,-645
827,-645
826,-645
825,-645
824,-644
823,-644
822,-644
821,-644
820,-644
819,-644
818,-644
817,-644
816,-644
815,-644
814,-644
813,-644
812,-644
811,-644
810,-644
809,-644
808,-644
807,-644
806,-644
805,-644
804,-644
803,-644
802,-644
801,-644
800,-645
799,-645
798,-645
797,-645
796,-645
795,-645
794,-645
793,-645
792,-645
791,-646
790,-646
789,-646
788,-646
787,-646
786,-646
785,-646
784,-646
783,-646
782,-647
781,-647
780,-647
779,-647
778,-647
777,-647
776,-647
775,-647
774,-647
773,-647
772,-647
771,-647
770,-647
769,-647
768,-648
767,-648
766,-648
765,-648
764,-648
763,-648
762,-648
761,-648
760,-648
759,-648
758,-648
757,-648
756,-649
755,-649
754,-650
753,-650
752,-650
751,-650
750,-651
749,-651
748,-651
747,-651
746,-652
745,-652
744,-652
743,-652
742,-652
741,-653
740,-653
739,-654
738,-654
737,-654
736,-654
735,-655
734,-655
733,-655
732,-656
731,-656
730,-656
729,-657
728,-657
727,-658
726,-658
725,-658
724,-658
723,-659
722,-659
721,-659
720,-659
719,-660
718,-660
717,-660
716,-661
715,-661
714,-661
713,-662
712,-662
711,-663
710,-663
709,-663
708,-664
707,-664
706,-665
705,-665
704,-666
703,-666
702,-667
701,-667
700,-667
699,-668
698,-668
697,-668
696,-669
695,-669
694,-670
693,-671
692,-671
691,-671
690,-672
689,-672
688,-673
687,-674
686,-675
685,-676
684,-676
683,-677
682,-678
681,-678
681,-679
680,-680
679,-680
678,-681
677,-681
676,-682
675,-683
674,-683
673,-684
672,-685
671,-685
670,-686
669,-687
668,-687
667,-688
666,-689
665,-690
664,-691
663,-692
662,-692
661,-693
660,-694
659,-695
658,-695
657,-696
656,-696
655,-697
654,-697
653,-698
652,-698
651,-699
650,-699
649,-699
648,-699
647,-699
646,-699
645,-699
644,-699
643,-698
642,-698
641,-698
640,-698
639,-697
638,-697
637,-697
636,-697
635,-697
634,-697
633,-697
632,-697
631,-697
630,-697
629,-697
628,-697
627,-697
626,-697
625,-697
624,-697
623,-697
622,-697
621,-697
620,-697
619,-697
618,-697
617,-697
616,-697
615,-697
614,-697
613,-697
612,-697
611,-697
610,-697
609,-697
608,-697
607,-697
606,-697
605,-697
604,-697
603,-697
602,-697
601,-697
600,-697
599,-697
598,-697
597,-697
596,-697
595,-697
594,-697
593,-697
592,-696
591,-696
590,-696
589,-696
588,-696
587,-696
586,-696
585,-696
584,-696
583,-696
582,-696
581,-696
580,-696
579,-696
578,-696
577,-696
576,-696
575,-696
574,-696
573,-695
572,-695
571,-695
570,-695
569,-695
568,-695
567,-695
566,-695
565,-695
564,-695
563,-695
562,-695
561,-695
560,-695
559,-695
558,-695
557,-695
556,-695
555,-695
554,-695
553,-695
552,-695
551,-695
550,-695
549,-695
548,-695
547,-695
546,-695
545,-695
544,-695
543,-695
542,-695
541,-695
540,-695
539,-695
538,-695
537,-695
536,-695
535,-695
534,-695
533,-695
532,-695
531,-695
530,-695
529,-695
528,-695
527,-694
526,-694
525,-694
524,-694
523,-694
522,-694
521,-694
520,-694
519,-694
518,-694
517,-694
516,-694
515,-694
514,-694
513,-694
512,-694
511,-694
510,-694
509,-694
508,-694
507,-694
506,-694
505,-694
504,-694
503,-695
502,-695
501,-695
500,-695
499,-695
498,-695
497,-695
496,-695
495,-695
494,-695
493,-695
492,-695
491,-695
490,-695
489,-695
488,-695
487,-695
486,-695
485,-695
484,-695
483,-694
482,-694
481,-694
480,-694
479,-694
478,-694
477,-694
476,-694
475,-694
474,-694
473,-694
472,-693
471,-693
470,-693
469,-693
468,-693
467,-693
466,-693
465,-693
464,-693
463,-693
462,-693
461,-693
460,-693
459,-693
458,-693
457,-693
456,-693
455,-693
454,-693
453,-693
452,-693
451,-693
450,-693
449,-693
448,-693
447,-693
446,-693
445,-693
444,-693
443,-693
442,-693
441,-693
441,-694
441,-695
441,-696
441,-697
441,-698
441,-699
441,-700
441,-701
441,-702
441,-703
441,-704
441,-705
440,-706
439,-706
439,-707
439,-708
438,-709
437,-709
436,-709
435,-709
434,-709
433,-709
432,-709
431,-709
430,-709
429,-709
428,-709
427,-709
426,-709
426,-710
426,-711
426,-712
425,-713
424,-713
423,-713
422,-713
421,-713
420,-713
419,-713
418,-713
417,-713
416,-713
415,-713
414,-713
413,-713
413,-714
413,-715
412,-716
411,-717
410,-717
409,-718
408,-718
407,-718
406,-718
406,-719
405,-720
404,-721
403,-721
403,-722
403,-723
402,-724
401,-724
400,-724
399,-724
398,-724
