385,-787
385,-788
385,-789
385,-790
385,-791
385,-792
385,-793
385,-794
385,-795
385,-796
385,-797
386,-798
386,-799
386,-800
387,-800
388,-800
389,-801
390,-801
391,-802
392,-802
393,-803
394,-803
395,-803
396,-804
397,-804
398,-804
399,-805
400,-806
401,-807
402,-807
403,-807
404,-808
405,-808
406,-809
406,-810
407,-810
408,-810
409,-810
410,-811
411,-812
412,-813
413,-813
414,-814
415,-815
416,-815
417,-815
418,-816
419,-817
420,-817
421,-818
422,-818
423,-818
424,-818
425,-819
426,-819
427,-819
428,-820
429,-820
430,-821
431,-821
432,-822
433,-823
434,-823
435,-823
436,-824
437,-824
438,-824
439,-824
440,-825
441,-825
442,-825
443,-825
444,-826
445,-826
446,-827
447,-827
448,-828
449,-828
450,-828
451,-828
452,-829
453,-829
454,-830
455,-830
456,-830
457,-831
458,-831
459,-832
460,-832
461,-833
462,-833
463,-833
464,-833
465,-834
466,-834
467,-835
468,-835
469,-836
470,-836
471,-836
472,-837
473,-837
474,-838
475,-838
476,-839
477,-839
478,-839
479,-840
480,-840
481,-840
482,-840
483,-841
484,-841
485,-841
486,-842
487,-842
488,-843
489,-843
490,-843
491,-844
492,-845
493,-845
494,-845
495,-845
496,-846
497,-846
498,-846
499,-846
500,-846
501,-847
501,-848
502,-848
503,-848
504,-848
505,-848
506,-848
506,-847
506,-846
506,-845
506,-844
507,-843
508,-843
509,-843
510,-843
511,-844
511,-845
511,-846
512,-847
513,-848
513,-849
514,-850
515,-851
516,-852
516,-853
516,-854
517,-854
518,-854
519,-854
520,-854
521,-855
521,-856
522,-856
523,-856
524,-856
525,-857
526,-857
527,-857
528,-857
529,-857
530,-857
531,-857
532,-857
533,-858
534,-858
535,-858
536,-859
537,-859
538,-859
539,-860
540,-860
541,-860
542,-861
543,-861
544,-861
545,-861
546,-861
547,-861
548,-861
549,-861
550,-862
551,-862
552,-862
553,-862
554,-862
555,-863
556,-863
557,-863
558,-863
559,-864
560,-864
561,-864
562,-864
563,-864
564,-865
565,-865
566,-865
567,-865
568,-865
569,-865
570,-866
571,-866
572,-866
573,-866
574,-866
575,-866
576,-867
577,-867
578,-867
579,-867
580,-867
581,-868
582,-868
583,-868
584,-868
585,-868
586,-868
587,-868
588,-868
589,-868
590,-868
591,-868
592,-868
593,-869
594,-869
595,-869
596,-869
597,-869
598,-869
599,-869
600,-870
601,-870
602,-870
603,-870
604,-870
605,-870
606,-870
607,-870
608,-870
609,-871
610,-871
611,-871
612,-871
613,-871
614,-871
615,-871
616,-871
617,-871
618,-871
619,-871
620,-871
621,-871
622,-871
623,-871
624,-871
625,-870
626,-870
627,-870
628,-870
629,-870
630,-870
631,-870
632,-870
633,-870
634,-870
635,-870
636,-870
637,-870
638,-870
639,-870
640,-870
641,-870
642,-870
643,-870
644,-870
645,-870
646,-870
647,-870
648,-870
649,-870
650,-870
651,-870
652,-870
653,-870
654,-869
655,-869
656,-869
657,-869
658,-869
659,-868
660,-868
661,-868
662,-867
663,-867
664,-867
665,-867
666,-866
667,-866
668,-865
669,-865
670,-865
671,-865
672,-865
673,-865
674,-864
675,-864
676,-864
677,-864
678,-863
679,-863
680,-863
681,-863
682,-863
683,-862
684,-861
685,-861
686,-861
687,-861
688,-861
689,-861
690,-861
691,-860
692,-860
693,-860
694,-860
695,-860
696,-859
697,-859
698,-858
699,-858
700,-858
701,-857
702,-857
703,-857
704,-857
705,-856
706,-856
707,-856
708,-856
709,-856
710,-856
711,-855
712,-854
713,-854
714,-854
715,-854
716,-853
717,-853
718,-853
719,-852
720,-852
721,-852
722,-851
723,-851
724,-851
725,-850
725,-849
726,-848
727,-848
728,-848
729,-848
730,-848
731,-848
731,-847
732,-846
733,-846
734,-845
735,-845
736,-845
737,-845
738,-844
739,-844
740,-844
741,-843
741,-842
742,-841
743,-841
744,-841
745,-841
746,-840
747,-840
748,-840
748,-839
748,-838
748,-837
749,-836
750,-836
751,-836
752,-836
753,-836
754,-836
755,-836
755,-835
755,-834
756,-833
757,-833
758,-832
759,-831
760,-831
761,-831
762,-831
763,-831
763,-830
764,-829
764,-828
765,-827
766,-826
767,-826
768,-826
769,-825
770,-824
771,-824
772,-824
773,-823
774,-822
775,-821
776,-821
777,-821
777,-820
778,-819
779,-819
780,-818
781,-817
782,-816
783,-816
784,-816
784,-815
785,-814
786,-814
787,-813
788,-813
789,-812
790,-811
791,-811
791,-810
792,-809
793,-809
794,-809
794,-808
795,-807
796,-806
797,-806
798,-805
799,-804
800,-803
801,-803
802,-802
803,-801
804,-800
805,-799
806,-798
807,-797
808,-797
809,-796
810,-795
811,-794
812,-794
812,-793
813,-792
814,-791
815,-791
815,-790
816,-789
817,-788
818,-787
819,-787
819,-786
820,-785
821,-785
821,-784
822,-783
823,-782
824,-781
825,-781
825,-780
826,-779
827,-779
827,-778
828,-777
829,-776
830,-775
831,-775
831,-774
832,-773
833,-772
834,-771
834,-770
835,-769
836,-768
837,-767
837,-766
838,-765
839,-764
840,-763
840,-762
841,-761
842,-761
843,-760
843,-759
844,-758
845,-757
846,-757
846,-756
847,-755
848,-755
849,-754
850,-753
851,-753
851,-752
852,-751
853,-750
854,-749
855,-748
856,-747
857,-747
858,-746
859,-745
860,-744
861,-744
862,-744
863,-745
864,-745
865,-745
866,-745
867,-745
868,-745
869,-745
870,-745
871,-745
872,-745
873,-745
874,-745
875,-745
876,-745
877,-745
878,-745
879,-746
880,-746
881,-746
882,-746
883,-746
884,-745
885,-745
886,-745
887,-745
888,-745
889,-745
890,-745
891,-745
891,-744
892,-743
893,-743
894,-743
895,-743
896,-743
897,-742
898,-742
899,-742
900,-742
901,-742
902,-742
903,-742
904,-742
905,-742
906,-742
907,-742
908,-742
909,-741
910,-740
911,-740
912,-740
913,-740
914,-740
915,-740
916,-740
917,-740
918,-739
919,-739
920,-739
921,-739
922,-739
923,-739
924,-739
925,-739
926,-738
927,-738
928,-737
929,-737
930,-737
931,-737
932,-737
933,-736
934,-736
935,-736
936,-736
937,-736
938,-736
939,-736
939,-735
940,-734
941,-734
942,-734
943,-734
944,-733
945,-733
946,-732
947,-732
948,-732
949,-732
950,-732
951,-732
952,-732
953,-732
954,-732
955,-731
956,-731
957,-730
958,-730
959,-730
960,-730
961,-730
962,-730
963,-729
964,-729
965,-729
966,-729
967,-728
968,-728
969,-728
970,-727
971,-727
972,-727
973,-727
974,-727
975,-726
976,-726
977,-726
978,-726
978,-725
979,-724
980,-724
981,-724
982,-724
983,-724
984,-724
985,-724
986,-723
987,-723
988,-722
989,-722
990,-722
991,-722
992,-721
993,-721
994,-721
995,-721
996,-721
997,-721
998,-720
999,-719
1000,-719
1001,-718
1002,-718
1003,-718
1004,-718
1005,-718
1006,-718
1007,-718
1008,-718
1008,-717
1009,-716
1010,-716
1011,-716
1012,-716
1013,-716
1014,-716
1015,-717
1016,-717
1017,-717
1018,-717
1019,-717
1019,-716
1019,-715
1020,-714
1021,-714
1022,-714
1023,-714
1024,-713
1025,-713
1026,-713
1027,-712
1028,-712
1029,-712
1030,-712
1031,-712
1032,-711
1033,-711
1034,-710
1035,-709
1036,-709
1037,-709
1038,-709
1039,-709
1040,-708
1041,-708
1042,-708
1043,-707
1044,-707
1045,-707
1046,-707
1047,-707
1048,-707
1049,-706
1050,-706
1051,-706
1052,-706
1053,-706
1054,-705
1055,-705
1056,-705
1057,-704
1058,-704
1059,-704
1060,-704
1061,-703
1062,-703
1063,-703
1064,-703
1065,-703
1066,-702
1067,-702
1068,-702
1068,-701
1069,-700
1070,-700
1071,-700
1072,-700
1073,-700
1074,-699
1075,-699
1076,-699
1077,-699
1078,-698
1079,-698
1080,-698
1081,-698
1082,-698
1083,-697
1084,-696
1085,-696
1086,-696
1087,-696
1088,-696
1089,-696
1090,-695
1091,-695
1091,-694
1092,-693
1093,-693
1094,-693
1095,-693
1096,-693
1097,-693
1098,-693
1099,-693
1100,-692
1101,-692
1102,-691
1103,-691
1104,-690
1104,-689
1104,-688
1105,-687
1106,-687
1107,-686
1108,-686
1108,-685
1109,-684
1109,-683
1109,-682
1109,-681
1109,-680
1108,-679
1108,-678
1108,-677
1108,-676
1108,-675
1107,-674
1107,-673
1107,-672
1107,-671
1107,-670
1107,-669
1107,-668
1107,-667
1107,-666
1107,-665
1107,-664
1107,-663
1107,-662
1106,-662
1105,-662
1104,-662
1103,-662
1102,-662
1101,-662
1100,-663
1099,-663
1098,-663
1097,-664
1096,-664
1095,-664
1094,-665
1093,-665
1092,-665
1091,-664
1091,-663
1091,-662
1091,-661
1090,-661
1089,-661
1088,-661
1087,-661
1086,-661
1085,-661
1084,-661
1083,-660
1083,-659
1083,-658
1084,-657
1085,-657
1086,-657
1086,-656
1086,-655
1087,-654
1088,-654
1089,-653
1090,-652
1091,-652
1092,-652
1093,-652
1094,-652
1095,-652
1096,-653
1097,-653
1098,-653
1099,-653
1100,-653
1101,-653
1102,-653
1103,-653
1103,-652
1103,-651
1104,-650
1105,-650
1106,-650
1107,-650
1108,-651
1108,-652
1109,-652
1110,-652
1111,-652
1112,-652
1113,-651
1114,-651
1115,-651
1116,-651
1116,-650
1116,-649
1116,-648
1116,-647
1115,-646
1114,-646
1113,-645
1113,-644
1113,-643
1112,-642
1111,-642
1110,-642
1109,-641
1108,-641
1107,-640
1106,-640
1105,-639
1104,-638
1104,-637
1104,-636
1104,-635
1103,-635
1102,-635
1101,-635
1100,-635
1099,-635
1098,-636
1097,-636
1096,-636
1095,-636
1095,-637
1094,-638
1093,-639
1092,-640
1091,-640
1090,-640
1089,-640
1088,-639
1087,-638
1086,-638
1085,-637
1084,-637
1083,-636
1082,-636
1081,-636
1080,-636
1079,-636
1078,-636
1077,-636
1076,-636
1075,-636
1074,-636
1073,-637
1072,-637
1071,-637
1070,-638
1069,-638
1068,-639
1067,-639
1066,-639
1065,-639
1064,-639
1063,-639
1062,-639
1061,-639
1060,-640
1059,-640
1058,-640
1057,-640
1056,-641
1055,-641
1054,-641
1053,-641
1052,-642
1051,-642
1050,-642
1049,-642
1048,-642
1047,-643
1046,-643
1045,-643
1044,-643
1043,-643
1042,-644
1041,-644
1040,-645
1039,-645
1038,-645
1037,-645
1036,-645
1035,-646
1034,-646
1033,-646
1032,-647
1031,-647
1030,-647
1029,-647
1028,-648
1027,-648
1026,-648
1025,-649
1024,-649
1023,-649
1022,-650
1021,-650
1020,-650
1019,-650
1018,-651
1017,-651
1016,-651
1015,-651
1014,-652
1013,-652
1012,-653
1011,-653
1010,-653
1009,-653
1008,-653
1007,-654
1006,-654
1005,-654
1004,-654
1003,-655
1002,-655
1001,-655
1000,-655
999,-655
998,-656
997,-656
996,-656
995,-657
994,-657
993,-657
992,-657
991,-658
990,-658
989,-658
988,-658
987,-659
986,-659
985,-659
984,-659
983,-659
982,-660
981,-660
980,-660
979,-660
978,-661
977,-661
976,-661
975,-661
974,-662
973,-662
972,-662
971,-662
970,-663
969,-663
968,-663
967,-663
966,-664
965,-664
964,-664
963,-664
962,-665
961,-665
960,-665
959,-665
958,-665
957,-666
956,-666
955,-667
954,-667
953,-667
952,-667
951,-667
950,-668
949,-668
948,-668
947,-669
946,-669
945,-669
944,-669
943,-669
942,-669
941,-670
940,-670
939,-670
938,-670
937,-671
936,-671
935,-671
934,-671
933,-671
932,-672
931,-672
930,-672
929,-672
928,-672
927,-672
926,-673
925,-673
924,-673
923,-673
922,-673
921,-674
920,-674
919,-674
918,-674
917,-674
916,-675
915,-675
914,-675
913,-675
912,-675
911,-676
910,-676
909,-676
908,-676
907,-676
906,-676
905,-676
904,-677
903,-677
902,-677
901,-677
900,-677
899,-678
898,-678
897,-678
896,-678
895,-678
894,-678
893,-678
892,-678
891,-679
890,-679
889,-679
888,-679
887,-679
886,-679
885,-680
884,-680
883,-680
882,-680
881,-680
880,-680
879,-680
878,-680
877,-680
876,-680
875,-680
874,-680
873,-680
872,-680
871,-680
870,-681
869,-681
868,-681
867,-681
866,-681
865,-681
864,-681
863,-681
862,-681
861,-681
860,-681
859,-681
858,-681
857,-681
856,-681
855,-680
854,-680
853,-680
852,-680
851,-680
850,-680
849,-680
848,-680
847,-680
846,-679
845,-679
844,-679
843,-679
842,-679
841,-678
840,-678
839,-678
838,-677
837,-677
836,-677
835,-677
834,-676
833,-676
832,-676
831,-675
830,-675
829,-674
828,-673
827,-673
826,-672
825,-672
824,-672
823,-671
822,-670
821,-669
820,-669
819,-668
818,-668
817,-667
816,-667
815,-666
814,-665
813,-665
812,-664
811,-663
810,-663
809,-662
808,-662
807,-661
806,-661
805,-660
804,-660
803,-659
802,-659
801,-658
800,-657
799,-656
798,-656
797,-655
796,-655
795,-654
794,-654
793,-653
792,-652
791,-652
790,-652
789,-651
788,-651
787,-650
786,-649
785,-649
784,-649
783,-648
782,-648
781,-647
780,-647
779,-647
778,-646
777,-645
776,-645
775,-645
774,-645
773,-644
772,-644
771,-644
770,-643
769,-643
768,-643
767,-643
766,-642
765,-642
764,-642
763,-641
762,-641
761,-640
760,-640
759,-640
758,-640
757,-640
756,-640
755,-639
754,-639
753,-638
752,-638
751,-637
750,-637
749,-637
748,-637
747,-636
746,-636
745,-636
744,-636
743,-636
742,-636
741,-636
740,-636
739,-635
738,-635
737,-635
736,-635
735,-635
734,-635
733,-634
732,-634
731,-634
730,-634
729,-634
728,-634
727,-633
726,-633
725,-633
724,-633
723,-633
722,-632
721,-632
720,-632
719,-632
718,-632
717,-632
716,-631
715,-631
714,-631
713,-631
712,-631
711,-631
710,-631
709,-631
708,-631
707,-630
706,-630
705,-630
704,-630
703,-630
702,-630
701,-630
700,-630
699,-630
698,-630
697,-630
696,-630
695,-630
694,-630
693,-630
692,-630
691,-630
690,-630
689,-630
688,-630
687,-630
686,-630
685,-630
684,-630
683,-630
682,-630
681,-630
680,-630
679,-630
678,-630
677,-630
676,-630
675,-630
674,-630
673,-630
672,-631
671,-631
670,-631
669,-631
668,-631
667,-631
666,-631
665,-631
664,-631
663,-631
662,-631
661,-631
660,-631
659,-631
658,-631
657,-631
656,-631
655,-631
654,-632
653,-632
652,-632
651,-632
650,-632
649,-632
648,-632
647,-632
646,-632
645,-633
644,-633
643,-633
642,-633
641,-633
640,-633
639,-634
638,-634
637,-634
636,-635
635,-635
634,-635
633,-635
632,-635
631,-635
630,-636
629,-636
628,-636
627,-636
626,-636
625,-636
624,-636
623,-637
622,-637
621,-637
620,-637
619,-638
618,-638
617,-639
616,-639
615,-639
614,-639
613,-639
612,-640
611,-640
610,-640
609,-640
608,-640
607,-641
606,-641
605,-641
604,-641
603,-642
602,-642
601,-642
600,-642
599,-643
598,-643
597,-643
596,-643
595,-644
594,-644
593,-644
592,-644
591,-644
590,-644
589,-645
588,-645
587,-646
587,-647
586,-648
585,-648
584,-648
583,-648
582,-648
581,-648
580,-648
579,-648
578,-649
577,-649
576,-649
575,-650
574,-650
573,-651
572,-651
571,-651
570,-652
569,-652
568,-652
567,-653
566,-653
565,-654
564,-654
563,-655
562,-655
561,-655
560,-656
559,-656
558,-656
557,-657
556,-657
555,-658
554,-658
553,-659
552,-659
551,-659
550,-660
549,-660
548,-661
547,-661
546,-662
545,-662
544,-663
543,-663
542,-664
541,-664
540,-664
539,-665
538,-666
537,-667
536,-667
535,-667
534,-668
533,-668
532,-669
531,-670
530,-671
529,-671
528,-672
527,-672
526,-672
525,-672
524,-673
523,-674
522,-674
521,-675
520,-676
519,-676
518,-676
517,-677
516,-678
515,-678
514,-679
513,-680
512,-680
511,-681
510,-681
509,-682
508,-682
507,-683
506,-683
505,-684
504,-685
503,-686
502,-686
501,-687
500,-687
499,-688
498,-688
497,-689
496,-690
495,-691
494,-692
493,-692
492,-693
491,-693
490,-694
489,-695
488,-696
487,-696
486,-697
485,-698
484,-698
483,-699
482,-700
481,-700
480,-701
479,-702
478,-703
477,-703
476,-704
475,-705
475,-706
474,-707
473,-707
472,-708
471,-709
470,-710
469,-711
468,-712
467,-712
466,-713
465,-714
464,-715
463,-716
462,-717
462,-718
461,-719
460,-719
460,-720
459,-721
458,-721
458,-722
457,-723
456,-724
455,-725
454,-726
453,-727
452,-728
451,-729
451,-730
450,-731
449,-731
449,-732
449,-733
448,-734
447,-734
446,-735
445,-735
445,-736
444,-737
443,-738
442,-739
441,-739
441,-740
440,-741
439,-741
438,-742
437,-743
436,-744
435,-745
434,-746
433,-747
432,-748
431,-749
430,-750
429,-750
428,-751
427,-752
426,-753
425,-754
424,-754
423,-755
422,-756
421,-756
420,-757
419,-758
418,-759
417,-759
416,-760
415,-761
414,-762
413,-762
412,-763
411,-764
410,-765
409,-766
408,-766
407,-767
406,-767
405,-768
404,-769
403,-770
402,-770
401,-771
400,-772
399,-773
398,-773
397,-774
396,-775
395,-776
394,-777
393,-778
392,-779
391,-780
390,-781
389,-782
388,-783
388,-784
387,-785
386,-786
385,-787
