409,-894
409,-895
409,-896
409,-897
409,-898
410,-898
411,-898
412,-898
413,-899
413,-900
413,-901
412,-902
412,-903
412,-904
411,-905
410,-905
410,-906
410,-907
410,-908
410,-909
410,-910
411,-911
412,-911
413,-912
414,-912
415,-912
416,-912
417,-912
418,-913
419,-913
420,-913
421,-913
422,-913
423,-913
424,-913
425,-913
426,-913
427,-913
428,-912
429,-912
430,-912
431,-912
432,-912
433,-912
434,-912
435,-912
436,-912
437,-911
438,-911
439,-911
440,-910
441,-910
442,-909
443,-909
444,-909
445,-909
446,-909
447,-909
448,-909
449,-908
450,-908
451,-908
452,-908
453,-908
454,-908
455,-908
456,-908
457,-908
458,-908
459,-908
460,-909
461,-909
462,-909
463,-909
464,-909
465,-909
466,-909
467,-909
468,-909
469,-909
470,-909
471,-909
472,-909
473,-910
474,-910
475,-910
476,-910
477,-910
478,-910
479,-910
480,-910
481,-910
482,-910
483,-910
484,-910
485,-910
486,-910
487,-910
488,-910
489,-910
490,-911
491,-911
492,-911
493,-911
494,-911
495,-911
496,-911
497,-911
498,-911
499,-911
500,-911
501,-911
502,-911
503,-911
504,-911
505,-911
506,-911
507,-911
508,-911
509,-911
510,-911
511,-912
512,-912
513,-912
514,-912
515,-912
516,-912
517,-912
518,-912
519,-912
520,-912
521,-912
522,-912
523,-912
524,-912
525,-912
526,-912
527,-912
528,-912
529,-912
530,-912
531,-912
532,-912
533,-912
534,-912
535,-912
536,-912
537,-912
538,-912
539,-912
540,-912
541,-912
542,-912
543,-912
544,-912
545,-912
546,-912
547,-912
548,-912
549,-912
550,-912
551,-912
552,-912
553,-911
554,-911
555,-911
556,-911
557,-911
558,-911
559,-911
560,-911
561,-911
562,-911
563,-911
564,-911
565,-911
566,-911
567,-911
568,-911
569,-911
570,-911
571,-911
572,-910
573,-910
574,-910
575,-910
576,-910
577,-910
578,-910
579,-909
580,-909
581,-909
582,-909
583,-909
584,-909
585,-908
586,-908
587,-908
588,-908
589,-908
590,-908
591,-908
592,-908
593,-908
594,-908
595,-908
596,-907
597,-907
598,-907
599,-907
600,-907
601,-906
602,-906
603,-905
604,-905
605,-905
606,-905
607,-905
608,-904
609,-904
610,-904
611,-904
612,-904
613,-903
614,-903
615,-903
616,-903
617,-903
618,-902
619,-902
620,-901
621,-901
622,-900
623,-900
624,-900
625,-900
626,-900
627,-900
628,-900
629,-900
630,-900
631,-899
632,-899
633,-899
634,-898
635,-898
636,-897
637,-897
638,-897
639,-897
640,-896
641,-896
642,-895
643,-895
644,-895
645,-895
646,-894
647,-894
648,-894
649,-893
650,-893
651,-893
652,-892
653,-892
654,-892
655,-892
656,-891
657,-891
658,-890
659,-890
660,-890
661,-889
662,-889
663,-888
664,-888
665,-888
666,-887
667,-887
668,-887
669,-886
670,-886
671,-885
672,-884
673,-884
674,-884
675,-883
676,-883
677,-882
678,-882
679,-882
680,-881
681,-881
682,-880
683,-880
684,-879
685,-879
686,-878
687,-878
688,-877
689,-877
690,-876
691,-876
692,-875
693,-874
694,-874
695,-873
696,-873
697,-872
698,-872
699,-872
700,-871
701,-870
702,-870
703,-869
704,-869
705,-868
706,-868
707,-867
708,-867
709,-866
710,-866
711,-865
712,-865
713,-864
714,-863
715,-863
716,-862
717,-862
718,-861
719,-860
720,-860
721,-859
722,-859
723,-858
724,-857
725,-856
726,-855
727,-855
728,-855
729,-854
730,-853
731,-852
732,-852
733,-851
734,-851
735,-850
736,-849
737,-848
738,-848
739,-847
740,-846
741,-845
742,-845
743,-844
744,-844
744,-843
745,-842
746,-841
747,-840
748,-840
749,-839
750,-838
751,-837
752,-836
753,-836
754,-835
755,-834
756,-833
757,-832
758,-831
759,-831
760,-830
761,-829
762,-828
763,-827
764,-826
765,-825
766,-825
767,-824
768,-823
769,-822
769,-821
770,-820
771,-819
772,-818
773,-817
774,-816
775,-815
776,-814
777,-813
778,-812
778,-811
779,-810
780,-809
781,-809
782,-808
783,-807
783,-806
784,-805
785,-804
786,-804
786,-803
787,-802
788,-801
789,-800
790,-799
790,-798
791,-797
792,-797
792,-796
792,-795
793,-794
794,-793
794,-792
795,-791
796,-791
796,-790
797,-789
798,-788
798,-787
799,-786
800,-785
800,-784
801,-783
801,-782
802,-781
803,-780
804,-779
804,-778
805,-777
806,-776
807,-775
807,-774
808,-773
808,-772
809,-771
810,-771
810,-770
810,-769
811,-768
811,-767
812,-766
813,-765
813,-764
813,-763
814,-762
814,-761
815,-760
815,-759
816,-758
816,-757
817,-756
817,-755
817,-754
818,-753
819,-753
820,-752
820,-751
820,-750
820,-749
820,-748
821,-747
822,-747
822,-746
823,-745
823,-744
823,-743
824,-742
824,-741
824,-740
824,-739
825,-738
826,-737
826,-736
826,-735
826,-734
826,-733
827,-732
827,-731
827,-730
827,-729
827,-728
828,-727
828,-726
829,-725
829,-724
829,-723
830,-722
830,-721
831,-720
831,-719
831,-718
832,-717
833,-717
834,-716
835,-715
836,-714
837,-714
838,-714
839,-714
840,-714
841,-714
842,-714
843,-714
843,-713
843,-712
843,-711
843,-710
844,-709
845,-709
846,-709
847,-709
848,-709
849,-709
850,-709
851,-709
851,-708
852,-707
853,-706
853,-705
853,-704
854,-703
855,-703
856,-703
857,-703
858,-703
859,-703
860,-703
861,-702
862,-702
863,-701
864,-701
865,-700
866,-699
867,-699
867,-698
868,-697
869,-697
870,-697
871,-696
872,-695
873,-694
874,-693
875,-692
876,-692
876,-691
877,-690
878,-690
879,-689
880,-689
881,-688
882,-688
883,-687
884,-686
885,-685
886,-685
886,-684
887,-683
888,-683
889,-683
890,-682
891,-682
892,-681
893,-680
894,-680
895,-679
896,-679
897,-679
898,-678
899,-678
900,-677
901,-677
902,-676
903,-676
904,-676
905,-675
906,-675
907,-674
908,-674
909,-673
910,-673
911,-672
912,-672
913,-671
914,-671
915,-671
916,-670
917,-670
918,-669
919,-669
920,-668
921,-668
922,-667
923,-667
924,-666
925,-666
926,-666
927,-665
928,-665
929,-664
930,-664
931,-664
932,-663
933,-663
934,-663
935,-662
936,-662
937,-661
938,-661
939,-661
940,-661
941,-660
942,-660
943,-659
944,-659
945,-658
946,-658
947,-658
948,-657
949,-657
950,-657
951,-656
952,-656
953,-656
954,-655
955,-655
956,-654
957,-654
958,-654
959,-654
960,-653
961,-653
962,-653
963,-653
964,-652
965,-652
966,-652
967,-651
968,-651
969,-651
970,-650
971,-650
972,-650
973,-649
974,-649
975,-649
976,-649
977,-648
978,-648
979,-648
980,-648
981,-647
982,-647
983,-647
984,-646
985,-646
986,-646
987,-645
988,-645
989,-645
990,-645
991,-644
992,-644
993,-644
994,-644
995,-643
996,-643
997,-643
998,-643
999,-642
1000,-642
1001,-642
1002,-642
1003,-642
1004,-641
1005,-641
1006,-641
1007,-641
1008,-640
1009,-640
1010,-640
1011,-640
1012,-640
1013,-639
1014,-639
1015,-639
1016,-639
1017,-638
1018,-638
1019,-638
1020,-638
1021,-637
1022,-637
1023,-637
1024,-636
1025,-636
1026,-636
1027,-636
1028,-636
1029,-635
1030,-635
1031,-635
1032,-634
1033,-634
1034,-634
1035,-634
1036,-633
1037,-633
1038,-633
1039,-633
1040,-633
1041,-632
1042,-632
1043,-632
1044,-632
1045,-632
1046,-632
1047,-631
1048,-631
1049,-631
1050,-631
1051,-630
1052,-630
1053,-629
1054,-629
1055,-629
1056,-629
1057,-629
1058,-628
1059,-628
1060,-628
1061,-628
1062,-628
1063,-628
1064,-627
1065,-627
1066,-627
1067,-627
1068,-627
1069,-626
1070,-626
1071,-626
1072,-626
1073,-626
1074,-626
1075,-626
1076,-627
1077,-627
1078,-627
1079,-627
1080,-627
1081,-627
1082,-627
1083,-627
1084,-627
1084,-626
1085,-625
1086,-625
1087,-624
1088,-624
1089,-624
1090,-624
1091,-624
1092,-624
1093,-624
1093,-623
1093,-622
1093,-621
1093,-620
1093,-619
1093,-618
1093,-617
1092,-616
1091,-615
1090,-615
1089,-614
1089,-613
1089,-612
1089,-611
1089,-610
1089,-609
1089,-608
1089,-607
1088,-607
1087,-607
1086,-607
1085,-607
1084,-606
1084,-605
1083,-605
1082,-605
1081,-605
1080,-605
1079,-606
1078,-606
1077,-606
1076,-605
1075,-605
1074,-605
1073,-605
1072,-605
1071,-605
1070,-606
1069,-606
1068,-606
1067,-606
1066,-606
1065,-606
1064,-606
1063,-606
1062,-606
1061,-606
1060,-606
1059,-606
1058,-606
1057,-606
1056,-606
1055,-606
1054,-606
1053,-606
1052,-606
1051,-606
1050,-606
1049,-606
1048,-606
1047,-606
1046,-606
1045,-607
1044,-607
1043,-607
1042,-608
1041,-608
1040,-608
1039,-609
1038,-609
1037,-609
1036,-609
1035,-609
1034,-609
1033,-610
1032,-610
1031,-610
1030,-609
1030,-608
1030,-607
1031,-606
1031,-605
1032,-604
1033,-604
1034,-603
1035,-603
1036,-602
1037,-602
1038,-602
1039,-602
1040,-602
1041,-602
1042,-602
1043,-602
1044,-602
1045,-602
1045,-601
1045,-600
1045,-599
1045,-598
1045,-597
1045,-596
1045,-595
1046,-594
1047,-594
1048,-594
1049,-594
1050,-594
1050,-593
1050,-592
1050,-591
1050,-590
1050,-589
1049,-589
1048,-589
1047,-589
1046,-589
1045,-589
1044,-589
1043,-589
1042,-590
1041,-590
1040,-590
1039,-590
1038,-590
1037,-590
1036,-590
1035,-590
1034,-591
1033,-591
1032,-591
1031,-592
1030,-592
1029,-592
1028,-592
1027,-592
1026,-592
1025,-593
1024,-593
1023,-593
1022,-594
1021,-594
1020,-594
1019,-594
1018,-594
1017,-594
1017,-595
1016,-596
1015,-596
1014,-596
1013,-596
1012,-596
1011,-596
1010,-597
1009,-597
1008,-597
1007,-598
1006,-598
1005,-598
1004,-598
1003,-598
1002,-598
1001,-598
1000,-598
999,-599
998,-599
997,-599
996,-600
995,-600
994,-600
993,-600
992,-600
991,-600
990,-601
989,-601
988,-601
987,-601
986,-602
985,-602
984,-602
983,-603
982,-603
981,-603
980,-603
979,-604
978,-604
977,-604
976,-604
975,-604
974,-605
973,-605
972,-605
971,-606
970,-606
969,-606
968,-606
967,-606
966,-607
965,-607
964,-608
963,-608
962,-608
961,-609
960,-609
959,-609
958,-609
957,-609
956,-610
955,-610
954,-610
953,-610
952,-611
951,-611
950,-611
949,-612
948,-612
947,-612
946,-613
945,-613
944,-613
943,-613
942,-613
941,-614
940,-614
939,-615
938,-615
937,-615
936,-615
935,-616
934,-616
933,-616
932,-617
931,-617
930,-617
929,-618
928,-618
927,-618
926,-619
925,-619
924,-620
923,-620
922,-620
921,-621
920,-621
919,-621
918,-622
917,-622
916,-622
915,-623
914,-623
913,-623
912,-624
911,-624
910,-624
909,-624
908,-625
907,-625
906,-626
905,-626
904,-626
903,-626
902,-627
901,-627
900,-627
899,-628
898,-629
897,-629
896,-629
895,-630
894,-631
893,-631
892,-631
891,-631
890,-631
889,-631
888,-632
887,-633
886,-633
886,-634
885,-635
884,-635
883,-635
882,-635
881,-635
880,-635
879,-635
878,-635
877,-635
876,-635
875,-636
874,-637
873,-637
872,-637
871,-637
870,-638
869,-638
868,-638
867,-638
866,-638
865,-639
864,-639
863,-639
862,-640
861,-640
860,-640
859,-640
858,-640
857,-640
856,-641
855,-641
854,-641
853,-642
852,-642
851,-642
850,-642
849,-642
848,-642
847,-643
846,-643
845,-643
844,-643
843,-644
842,-644
841,-644
840,-644
839,-644
838,-644
837,-645
836,-645
835,-645
834,-645
833,-645
832,-645
831,-646
830,-646
829,-646
828,-646
827,-646
826,-646
825,-647
824,-647
823,-647
822,-647
821,-647
820,-647
819,-647
818,-647
817,-647
816,-647
815,-647
814,-647
813,-647
812,-647
811,-647
810,-647
809,-647
808,-647
807,-647
806,-647
805,-647
804,-647
803,-647
802,-647
801,-646
800,-646
799,-646
798,-646
797,-646
796,-646
795,-646
794,-646
793,-646
792,-646
791,-645
790,-645
789,-645
788,-644
787,-644
786,-644
785,-644
784,-644
783,-643
782,-643
781,-643
780,-643
779,-643
778,-643
777,-643
776,-643
775,-643
774,-643
773,-642
772,-642
771,-642
770,-642
769,-642
768,-642
767,-642
766,-642
765,-641
764,-641
763,-641
762,-640
761,-640
760,-640
759,-640
758,-640
757,-640
756,-640
755,-640
754,-639
753,-639
752,-639
751,-639
750,-639
749,-639
748,-638
747,-638
746,-638
745,-638
744,-638
743,-638
742,-638
741,-637
740,-637
739,-637
738,-637
737,-637
736,-637
735,-637
734,-636
733,-636
732,-636
731,-636
730,-636
729,-636
728,-636
727,-636
726,-636
725,-636
724,-635
723,-635
722,-635
721,-635
720,-635
719,-635
718,-635
717,-635
716,-635
715,-635
714,-635
713,-635
712,-635
711,-635
710,-635
709,-635
708,-635
707,-635
706,-635
705,-635
704,-636
703,-636
702,-636
701,-636
700,-636
699,-636
698,-636
697,-636
696,-636
695,-636
694,-636
693,-636
692,-636
691,-636
690,-636
689,-637
688,-637
687,-637
686,-637
685,-637
684,-637
683,-637
682,-637
681,-637
680,-638
679,-638
678,-638
677,-638
676,-638
675,-638
674,-639
673,-639
672,-639
671,-639
670,-639
669,-640
668,-640
667,-640
666,-640
665,-640
664,-641
663,-641
662,-642
661,-642
660,-642
659,-642
658,-642
657,-642
656,-643
655,-643
654,-643
653,-643
652,-643
651,-644
650,-644
649,-644
648,-644
647,-644
646,-645
645,-645
644,-646
643,-646
642,-646
641,-646
640,-647
639,-647
638,-647
637,-648
636,-648
635,-649
634,-649
633,-650
632,-650
631,-650
630,-650
629,-651
628,-652
627,-652
626,-652
625,-652
624,-653
623,-653
622,-654
621,-654
620,-655
619,-656
618,-656
617,-656
616,-656
615,-657
614,-658
613,-658
612,-658
611,-659
610,-659
609,-659
608,-660
607,-660
606,-661
605,-662
604,-662
603,-662
602,-663
601,-663
600,-664
599,-664
598,-665
597,-665
596,-666
595,-666
594,-667
593,-667
592,-668
591,-668
590,-669
589,-669
588,-669
587,-670
586,-670
585,-671
584,-671
583,-672
582,-672
581,-673
580,-674
579,-674
578,-674
577,-675
576,-675
575,-676
574,-677
573,-678
572,-678
571,-679
570,-679
569,-680
568,-681
567,-682
566,-682
565,-683
564,-683
563,-684
562,-685
561,-686
560,-686
559,-687
558,-688
557,-689
556,-690
555,-690
554,-691
553,-692
552,-692
551,-693
550,-694
549,-694
548,-695
547,-696
546,-697
545,-698
544,-698
543,-699
542,-700
541,-701
540,-702
539,-703
538,-703
538,-704
537,-705
536,-705
536,-706
535,-707
534,-707
533,-708
532,-709
531,-710
530,-711
529,-711
528,-712
528,-713
527,-714
526,-715
525,-716
524,-716
524,-717
523,-718
522,-719
521,-719
520,-720
519,-721
518,-722
517,-722
517,-723
516,-724
515,-725
514,-726
513,-727
512,-728
511,-729
510,-730
509,-731
508,-732
507,-733
506,-734
505,-735
504,-736
504,-737
503,-738
502,-739
501,-740
501,-741
500,-742
499,-743
498,-744
497,-745
496,-746
495,-747
495,-748
494,-749
493,-750
492,-750
492,-751
491,-752
490,-753
489,-754
488,-755
487,-756
487,-757
486,-758
485,-759
484,-760
484,-761
483,-762
482,-763
482,-764
481,-765
480,-766
479,-767
478,-768
478,-769
477,-770
476,-771
476,-772
475,-773
475,-774
474,-775
474,-776
473,-777
472,-778
472,-779
471,-780
471,-781
470,-782
469,-783
468,-784
468,-785
468,-786
467,-787
466,-788
465,-789
464,-790
464,-791
464,-792
463,-793
463,-794
462,-795
461,-796
461,-797
460,-798
459,-799
459,-800
458,-801
457,-802
457,-803
456,-804
456,-805
455,-806
455,-807
454,-808
454,-809
453,-810
452,-811
452,-812
451,-813
451,-814
450,-815
450,-816
449,-817
448,-818
448,-819
448,-820
447,-821
446,-822
446,-823
445,-824
445,-825
444,-826
444,-827
443,-828
443,-829
442,-830
441,-831
441,-832
440,-833
440,-834
439,-835
439,-836
438,-837
438,-838
437,-839
437,-840
436,-841
435,-842
435,-843
434,-844
433,-845
433,-846
433,-847
432,-848
432,-849
431,-850
431,-851
430,-852
429,-853
429,-854
428,-855
428,-856
428,-857
427,-858
427,-859
426,-860
425,-861
425,-862
424,-863
424,-864
423,-865
423,-866
423,-867
422,-868
421,-869
421,-870
420,-871
420,-872
419,-873
419,-874
418,-875
418,-876
418,-877
417,-878
417,-879
416,-880
416,-881
415,-882
415,-883
414,-884
414,-885
413,-886
413,-887
412,-888
412,-889
411,-890
411,-891
410,-892
410,-893
409,-894
