433,-856
433,-857
433,-858
433,-859
433,-860
433,-861
433,-862
433,-863
433,-864
434,-865
434,-866
435,-866
436,-867
437,-868
438,-868
439,-869
440,-869
441,-869
442,-869
443,-869
444,-869
445,-870
446,-870
447,-870
448,-870
449,-870
450,-870
451,-870
452,-870
453,-870
454,-870
455,-870
456,-870
457,-870
458,-870
459,-870
460,-870
461,-870
462,-870
463,-870
464,-870
465,-870
466,-870
467,-870
468,-871
469,-871
470,-871
471,-871
472,-871
473,-871
474,-871
475,-872
476,-872
477,-872
478,-872
479,-872
480,-872
481,-872
482,-872
483,-873
484,-873
485,-873
486,-873
487,-873
488,-873
489,-873
490,-873
491,-873
492,-874
493,-874
494,-874
495,-875
496,-875
497,-875
498,-875
499,-876
500,-876
501,-876
502,-876
503,-876
504,-876
505,-877
506,-877
507,-877
508,-877
509,-877
510,-877
511,-878
512,-878
513,-878
514,-878
515,-879
516,-879
517,-880
518,-880
519,-880
520,-880
521,-880
522,-880
523,-880
524,-881
525,-881
526,-881
527,-881
528,-881
529,-881
530,-881
531,-881
532,-881
533,-881
534,-882
535,-882
536,-882
537,-882
538,-882
539,-883
540,-883
541,-883
542,-883
543,-883
544,-883
545,-883
546,-883
547,-883
548,-883
549,-883
550,-883
551,-883
552,-884
553,-884
554,-884
555,-884
556,-884
557,-884
558,-885
559,-885
560,-885
561,-885
562,-885
563,-885
564,-885
565,-885
566,-885
567,-885
568,-885
569,-885
570,-885
571,-885
572,-885
573,-885
574,-885
575,-885
576,-885
577,-885
578,-885
579,-886
580,-886
581,-886
582,-886
583,-886
584,-885
585,-885
586,-885
587,-885
588,-885
589,-885
590,-885
591,-885
592,-885
593,-885
594,-885
595,-885
596,-885
597,-885
598,-885
599,-885
600,-885
601,-885
602,-885
603,-885
604,-885
605,-885
606,-885
607,-884
608,-884
609,-884
610,-884
611,-884
612,-884
613,-884
614,-884
615,-884
616,-883
617,-883
618,-883
619,-883
620,-883
621,-883
622,-883
623,-883
624,-883
625,-883
626,-882
627,-882
628,-882
629,-882
630,-881
631,-881
632,-881
633,-881
634,-881
635,-881
636,-881
637,-881
638,-881
639,-881
640,-881
641,-880
642,-880
643,-880
644,-880
645,-880
646,-880
647,-879
648,-879
649,-879
650,-879
651,-879
652,-878
653,-878
654,-877
655,-877
656,-877
657,-877
658,-877
659,-877
660,-876
661,-876
662,-875
663,-875
664,-875
665,-875
666,-874
667,-874
668,-874
669,-873
670,-873
671,-873
672,-873
673,-872
674,-872
675,-872
676,-872
677,-872
678,-871
679,-870
680,-870
681,-870
682,-870
683,-869
684,-869
685,-868
686,-868
687,-868
688,-867
689,-867
690,-866
691,-866
692,-866
693,-865
694,-865
695,-865
696,-864
697,-864
698,-863
699,-863
700,-863
701,-862
702,-862
703,-861
704,-861
705,-860
706,-860
707,-860
708,-859
709,-859
710,-858
711,-858
712,-857
713,-857
714,-856
715,-856
716,-856
717,-855
718,-855
719,-854
720,-854
721,-853
722,-853
723,-853
724,-852
725,-852
726,-851
727,-850
728,-850
729,-850
730,-849
731,-849
732,-849
733,-848
734,-848
735,-847
736,-846
737,-846
738,-846
739,-845
740,-844
741,-844
742,-844
743,-843
744,-842
745,-842
746,-841
747,-841
748,-840
749,-839
750,-838
751,-838
752,-837
753,-836
754,-836
755,-835
756,-834
757,-834
758,-833
759,-832
760,-831
761,-830
762,-830
763,-830
763,-829
764,-828
765,-827
766,-826
767,-826
768,-825
769,-824
770,-823
771,-822
772,-821
773,-821
774,-820
775,-820
776,-819
777,-819
778,-818
779,-817
780,-817
781,-816
782,-815
783,-815
784,-814
785,-813
786,-812
787,-812
788,-811
789,-810
790,-809
791,-809
792,-808
793,-807
794,-806
795,-806
796,-805
797,-804
798,-804
799,-803
800,-802
800,-801
801,-800
802,-800
803,-799
804,-798
805,-797
806,-796
807,-796
808,-795
809,-794
810,-793
811,-792
812,-791
813,-790
813,-789
814,-788
815,-788
816,-788
816,-787
817,-786
818,-785
819,-785
819,-784
820,-783
821,-782
822,-782
823,-781
824,-780
824,-779
825,-778
826,-777
827,-776
827,-775
828,-774
829,-773
830,-772
830,-771
831,-770
831,-769
832,-768
832,-767
833,-766
834,-765
834,-764
835,-763
835,-762
836,-761
836,-760
837,-759
837,-758
838,-757
839,-756
840,-755
840,-754
841,-753
841,-752
842,-751
843,-750
843,-749
844,-748
844,-747
845,-746
845,-745
845,-744
846,-743
846,-742
847,-741
847,-740
848,-739
848,-738
849,-737
849,-736
849,-735
850,-734
850,-733
850,-732
851,-731
852,-730
853,-729
854,-729
854,-728
854,-727
854,-726
854,-725
855,-724
856,-724
857,-724
858,-724
859,-724
860,-724
861,-724
862,-724
863,-724
864,-724
865,-724
865,-723
865,-722
865,-721
866,-720
867,-719
868,-719
869,-719
870,-719
871,-719
872,-719
873,-719
874,-719
875,-719
876,-719
877,-720
878,-720
879,-720
880,-720
881,-720
882,-720
883,-719
884,-718
885,-718
886,-718
887,-718
888,-718
889,-718
890,-718
891,-717
892,-717
893,-717
894,-716
895,-716
896,-716
897,-716
898,-716
899,-715
900,-715
901,-715
902,-714
903,-714
904,-714
905,-714
906,-713
907,-713
908,-713
909,-713
910,-712
911,-712
912,-712
913,-712
914,-712
915,-712
916,-712
917,-712
918,-711
919,-711
920,-711
921,-711
922,-711
923,-711
924,-711
925,-711
926,-711
927,-711
927,-710
928,-709
929,-709
930,-709
931,-709
932,-709
933,-709
934,-709
935,-709
936,-709
937,-709
938,-708
939,-708
940,-708
941,-708
942,-707
943,-706
944,-706
945,-706
946,-706
947,-706
948,-706
949,-706
950,-706
951,-706
952,-706
953,-705
954,-705
955,-705
956,-705
957,-705
958,-705
959,-705
960,-705
961,-705
962,-704
963,-704
964,-704
965,-704
966,-703
967,-703
968,-703
969,-703
970,-703
971,-703
972,-703
973,-703
974,-703
975,-702
976,-702
977,-702
978,-701
979,-701
980,-701
981,-701
982,-700
983,-700
984,-700
985,-700
986,-700
987,-700
988,-700
989,-700
990,-700
991,-700
991,-699
991,-698
992,-697
993,-697
994,-697
995,-697
996,-696
997,-696
998,-696
999,-696
1000,-696
1001,-696
1002,-696
1003,-695
1004,-695
1005,-695
1006,-695
1007,-695
1008,-695
1009,-695
1010,-695
1011,-695
1012,-694
1012,-693
1012,-692
1013,-691
1014,-691
1015,-691
1016,-691
1017,-691
1018,-690
1019,-690
1020,-690
1021,-690
1022,-690
1023,-689
1023,-688
1024,-687
1025,-687
1026,-686
1027,-686
1028,-686
1029,-686
1030,-686
1031,-686
1032,-686
1033,-686
1034,-686
1035,-685
1035,-684
1035,-683
1036,-682
1037,-682
1038,-682
1039,-682
1040,-682
1041,-682
1041,-681
1042,-680
1043,-680
1044,-680
1045,-680
1046,-680
1047,-679
1048,-679
1048,-678
1049,-677
1050,-676
1051,-676
1052,-675
1053,-674
1054,-674
1055,-673
1056,-673
1057,-672
1058,-672
1058,-671
1058,-670
1059,-669
1060,-668
1061,-668
1061,-667
1061,-666
1061,-665
1062,-664
1063,-664
1063,-663
1063,-662
1063,-661
1063,-660
1063,-659
1063,-658
1063,-657
1063,-656
1063,-655
1063,-654
1063,-653
1063,-652
1062,-652
1061,-651
1061,-650
1061,-649
1060,-649
1059,-648
1059,-647
1059,-646
1059,-645
1059,-644
1059,-643
1059,-642
1059,-641
1059,-640
1059,-639
1060,-638
1061,-637
1062,-636
1063,-635
1064,-634
1065,-633
1066,-633
1067,-633
1068,-632
1068,-631
1068,-630
1068,-629
1068,-628
1067,-628
1066,-628
1065,-627
1065,-626
1064,-626
1063,-626
1062,-626
1061,-626
1060,-626
1059,-627
1058,-627
1057,-627
1056,-626
1056,-625
1056,-624
1055,-624
1054,-624
1053,-624
1052,-623
1051,-623
1050,-623
1049,-623
1048,-623
1047,-624
1046,-624
1045,-624
1044,-624
1043,-624
1042,-624
1041,-624
1040,-624
1039,-623
1038,-623
1037,-623
1036,-623
1035,-623
1034,-623
1033,-623
1032,-623
1031,-623
1030,-623
1029,-623
1028,-623
1027,-622
1027,-621
1027,-620
1027,-619
1026,-619
1025,-619
1024,-619
1023,-619
1022,-619
1021,-620
1020,-620
1019,-620
1018,-621
1017,-621
1016,-621
1015,-622
1014,-622
1013,-622
1012,-622
1011,-623
1010,-623
1009,-623
1008,-623
1007,-624
1006,-624
1005,-624
1004,-624
1003,-625
1002,-625
1001,-625
1000,-625
999,-626
998,-626
997,-626
996,-627
995,-627
994,-627
993,-627
992,-628
991,-628
990,-628
989,-628
988,-629
987,-629
986,-629
985,-629
984,-629
983,-629
982,-630
981,-630
980,-630
979,-630
978,-630
977,-630
976,-631
975,-631
975,-632
974,-633
973,-633
972,-633
971,-634
970,-634
969,-634
968,-634
967,-634
966,-634
965,-634
964,-634
963,-634
962,-634
961,-634
960,-634
959,-634
958,-635
957,-635
956,-635
955,-635
955,-636
954,-637
953,-637
952,-637
951,-637
950,-637
949,-637
948,-637
947,-637
946,-637
945,-637
944,-638
943,-638
942,-638
941,-638
940,-638
939,-638
938,-638
937,-638
936,-638
935,-638
934,-638
933,-639
932,-639
931,-640
930,-640
929,-640
928,-640
927,-640
926,-640
925,-640
924,-640
923,-640
922,-640
921,-640
920,-640
919,-640
918,-641
917,-641
916,-641
915,-641
914,-642
913,-642
912,-642
911,-642
910,-642
909,-642
908,-642
907,-642
906,-642
905,-643
904,-643
903,-643
902,-643
901,-643
900,-643
899,-643
898,-644
897,-644
896,-644
895,-644
894,-644
893,-644
892,-644
891,-644
890,-644
889,-644
888,-644
887,-644
886,-644
885,-644
884,-644
883,-645
882,-645
881,-645
880,-645
879,-645
878,-645
877,-645
876,-645
875,-645
874,-645
873,-646
872,-646
871,-646
870,-646
869,-646
868,-646
867,-646
866,-645
865,-645
864,-645
863,-645
862,-645
861,-645
860,-645
859,-645
858,-645
857,-645
856,-645
855,-645
854,-645
853,-645
852,-645
851,-645
850,-645
849,-645
848,-645
847,-645
846,-645
845,-645
844,-645
843,-645
842,-645
841,-645
840,-645
839,-645
838,-645
837,-645
836,-645
835,-645
834,-645
833,-645
832,-645
831,-644
830,-644
829,-644
828,-644
827,-643
826,-643
825,-643
824,-643
823,-643
822,-643
821,-642
820,-642
819,-641
818,-641
817,-640
816,-640
815,-640
814,-639
813,-639
812,-639
811,-638
810,-637
809,-637
808,-637
807,-636
806,-636
805,-635
804,-635
803,-634
802,-634
801,-633
800,-633
799,-632
798,-632
797,-632
796,-631
795,-631
794,-631
793,-630
792,-630
791,-630
790,-629
790,-628
789,-628
788,-627
787,-627
786,-626
785,-626
784,-625
783,-625
782,-625
781,-624
780,-624
779,-623
778,-623
777,-623
776,-623
775,-623
774,-622
773,-621
772,-621
771,-621
770,-621
769,-621
768,-621
767,-620
766,-620
765,-620
764,-620
763,-620
762,-619
761,-619
760,-619
759,-619
758,-619
757,-618
756,-618
755,-618
754,-618
753,-618
752,-618
751,-618
750,-618
749,-617
748,-617
747,-617
746,-617
745,-617
744,-617
743,-616
742,-616
741,-616
740,-616
739,-616
738,-616
737,-616
736,-616
735,-616
734,-616
733,-616
732,-616
731,-616
730,-616
729,-616
728,-616
727,-616
726,-616
725,-616
724,-616
723,-616
722,-616
721,-616
720,-616
719,-616
718,-616
717,-616
716,-616
715,-616
714,-616
713,-616
712,-616
711,-616
710,-616
709,-616
708,-616
707,-616
706,-616
705,-617
704,-617
703,-617
702,-616
701,-616
700,-616
699,-616
698,-616
697,-616
696,-616
695,-617
694,-617
693,-617
692,-617
691,-617
690,-617
689,-617
688,-617
687,-617
686,-617
685,-617
684,-617
683,-618
682,-618
681,-618
680,-618
679,-618
678,-618
677,-619
676,-619
675,-620
674,-620
673,-620
672,-620
671,-620
670,-620
669,-620
668,-620
667,-620
666,-620
665,-621
664,-621
663,-621
662,-621
661,-622
660,-622
659,-623
658,-623
657,-623
656,-623
655,-624
654,-624
653,-624
652,-624
651,-624
650,-624
649,-625
648,-625
647,-625
646,-626
645,-626
644,-627
643,-627
642,-627
641,-627
640,-627
639,-628
638,-628
637,-628
636,-629
635,-629
634,-629
633,-630
632,-631
631,-631
630,-631
629,-632
628,-632
627,-632
626,-633
625,-633
624,-633
623,-634
622,-634
621,-634
620,-635
619,-635
618,-636
617,-636
616,-636
615,-637
614,-637
613,-638
612,-638
611,-639
610,-639
609,-640
608,-640
607,-640
606,-641
605,-642
604,-642
603,-643
602,-643
601,-644
600,-644
599,-645
598,-645
597,-646
596,-646
595,-647
594,-647
593,-648
592,-649
591,-649
590,-650
589,-650
588,-651
587,-652
586,-652
585,-653
584,-653
583,-654
582,-654
581,-655
580,-655
579,-656
578,-657
577,-657
576,-658
575,-659
574,-659
573,-660
572,-660
571,-661
570,-661
569,-662
568,-663
567,-663
566,-664
565,-665
564,-665
563,-666
562,-667
561,-667
560,-668
559,-669
558,-670
557,-670
556,-671
555,-672
554,-672
553,-673
552,-674
551,-675
550,-675
550,-676
549,-677
548,-677
547,-678
546,-679
545,-679
544,-680
543,-681
542,-682
541,-683
540,-684
539,-685
538,-686
537,-687
536,-688
535,-688
534,-689
534,-690
533,-691
532,-691
531,-692
530,-693
529,-694
528,-695
527,-696
526,-697
525,-698
524,-698
524,-699
523,-700
522,-701
521,-702
520,-703
519,-704
518,-705
517,-706
516,-707
515,-708
514,-709
513,-710
512,-711
511,-712
510,-713
509,-714
509,-715
508,-716
507,-716
506,-717
506,-718
505,-719
504,-720
503,-721
502,-722
502,-723
501,-724
500,-724
499,-725
499,-726
498,-727
497,-728
497,-729
496,-730
495,-731
494,-732
493,-733
493,-734
492,-735
491,-736
491,-737
490,-738
489,-739
489,-740
488,-741
488,-742
487,-743
486,-744
486,-745
485,-746
484,-747
483,-748
483,-749
482,-750
482,-751
481,-752
481,-753
480,-754
479,-755
479,-756
478,-757
478,-758
477,-759
477,-760
476,-761
476,-762
475,-763
475,-764
474,-765
474,-766
473,-767
472,-768
472,-769
472,-770
471,-771
470,-772
470,-773
470,-774
469,-775
469,-776
468,-777
467,-777
467,-778
467,-779
467,-780
466,-781
466,-782
466,-783
465,-784
464,-785
464,-786
464,-787
463,-788
463,-789
463,-790
462,-791
462,-792
461,-793
461,-794
460,-795
460,-796
459,-797
459,-798
458,-799
458,-800
457,-801
457,-802
456,-803
455,-804
455,-805
455,-806
454,-807
454,-808
453,-809
452,-810
451,-811
451,-812
451,-813
451,-814
450,-815
450,-816
449,-817
449,-818
448,-819
448,-820
447,-821
447,-822
446,-823
446,-824
445,-825
445,-826
444,-827
444,-828
444,-829
443,-830
443,-831
443,-832
442,-833
442,-834
442,-835
441,-836
440,-837
440,-838
440,-839
439,-840
438,-841
438,-842
438,-843
437,-844
437,-845
436,-846
436,-847
436,-848
435,-849
435,-850
435,-851
434,-852
434,-853
434,-854
434,-855
433,-856
