375,-696
375,-697
375,-698
375,-699
375,-700
375,-701
376,-701
377,-701
378,-701
379,-702
380,-703
381,-703
382,-703
383,-703
384,-703
385,-703
386,-703
387,-704
387,-705
387,-706
387,-707
388,-708
389,-708
390,-709
391,-710
391,-711
392,-711
393,-712
394,-713
395,-713
396,-714
397,-715
398,-715
399,-715
400,-716
401,-716
402,-717
403,-717
404,-718
405,-718
406,-719
407,-719
408,-719
409,-720
410,-720
411,-721
412,-721
413,-721
414,-722
415,-723
416,-723
417,-723
418,-723
419,-724
420,-724
421,-724
422,-724
423,-724
424,-724
425,-724
426,-724
427,-724
428,-724
429,-725
430,-725
431,-725
432,-725
433,-725
434,-725
435,-726
436,-726
437,-726
438,-726
439,-726
440,-726
441,-726
442,-726
443,-726
444,-727
445,-727
446,-727
447,-727
448,-727
449,-727
450,-727
451,-727
452,-727
453,-727
454,-727
455,-728
456,-728
457,-728
458,-728
459,-728
460,-728
461,-728
462,-728
463,-728
464,-729
465,-729
466,-729
467,-729
468,-729
469,-729
470,-729
471,-729
472,-730
473,-730
474,-730
475,-730
476,-730
477,-730
478,-730
479,-731
480,-731
481,-731
482,-731
483,-731
484,-731
485,-731
486,-731
487,-731
488,-732
489,-732
490,-732
491,-732
492,-732
493,-732
494,-732
495,-732
496,-732
497,-732
498,-732
499,-732
500,-733
501,-733
502,-733
503,-733
504,-733
505,-733
506,-733
507,-733
508,-733
509,-733
510,-734
511,-734
512,-734
513,-734
514,-734
515,-734
516,-735
517,-735
518,-735
519,-735
520,-735
521,-735
522,-735
523,-735
524,-735
525,-735
526,-735
527,-736
528,-736
529,-736
530,-736
531,-736
532,-736
533,-737
534,-737
535,-737
536,-738
537,-738
538,-738
539,-738
540,-738
541,-739
542,-740
543,-740
544,-740
545,-740
546,-740
547,-740
548,-741
549,-742
550,-742
551,-743
552,-743
553,-743
554,-743
555,-744
556,-745
557,-745
558,-745
559,-745
560,-746
561,-746
562,-746
563,-746
564,-747
565,-747
566,-748
567,-748
568,-748
569,-748
570,-749
571,-749
572,-749
573,-749
574,-749
575,-750
576,-751
577,-752
578,-752
579,-752
580,-752
581,-752
582,-753
583,-753
584,-753
585,-754
586,-754
587,-754
588,-754
589,-755
590,-756
591,-756
592,-757
593,-758
594,-758
595,-758
596,-758
597,-758
598,-759
599,-760
600,-760
601,-760
602,-761
603,-761
604,-761
605,-761
606,-761
607,-761
608,-761
609,-761
610,-761
611,-762
612,-762
613,-762
614,-762
615,-762
616,-762
617,-761
618,-761
619,-761
620,-761
621,-761
622,-761
623,-761
624,-761
625,-761
626,-761
627,-760
628,-760
629,-760
630,-760
631,-759
632,-759
633,-759
634,-759
635,-759
636,-759
637,-759
638,-759
639,-759
640,-759
641,-759
642,-759
643,-759
644,-759
645,-759
646,-759
647,-760
648,-760
649,-760
650,-761
651,-762
652,-763
653,-764
654,-765
655,-766
656,-766
657,-767
657,-768
658,-769
659,-769
660,-770
660,-771
661,-772
662,-773
662,-774
663,-775
664,-776
665,-777
666,-777
667,-778
668,-779
669,-780
670,-781
670,-782
671,-783
672,-783
673,-784
674,-785
674,-786
675,-786
676,-787
677,-788
678,-789
679,-789
680,-790
680,-791
681,-791
682,-792
683,-793
683,-794
684,-795
685,-796
686,-797
687,-797
688,-798
689,-799
690,-800
690,-801
691,-801
692,-802
692,-803
693,-804
694,-805
695,-805
696,-806
697,-807
698,-808
699,-809
700,-810
701,-810
702,-811
702,-812
703,-812
704,-812
705,-813
705,-814
705,-815
705,-816
706,-817
707,-818
708,-819
709,-819
710,-820
710,-821
710,-822
711,-822
712,-823
713,-824
714,-825
714,-826
715,-826
716,-827
717,-828
718,-829
719,-830
719,-831
720,-832
721,-833
722,-833
723,-834
723,-835
723,-836
724,-836
725,-836
726,-836
727,-837
728,-838
728,-839
729,-840
730,-841
731,-841
732,-841
733,-842
734,-843
735,-844
735,-845
736,-845
737,-845
738,-845
739,-846
739,-847
740,-847
741,-847
742,-848
743,-849
744,-850
745,-850
746,-850
747,-851
748,-852
749,-852
750,-853
751,-853
752,-853
753,-853
754,-854
755,-855
756,-856
757,-856
758,-856
759,-857
760,-857
761,-857
762,-858
763,-858
764,-858
765,-858
766,-858
767,-859
768,-859
769,-860
770,-860
771,-860
772,-861
773,-861
774,-862
775,-862
776,-862
777,-862
778,-862
779,-862
780,-862
781,-863
782,-863
783,-863
784,-863
785,-863
786,-863
787,-863
788,-864
789,-864
790,-864
791,-864
792,-864
793,-864
794,-864
795,-864
796,-865
797,-865
798,-865
799,-865
800,-865
801,-866
802,-866
803,-866
804,-867
805,-867
806,-867
807,-868
808,-868
809,-868
810,-868
811,-868
812,-869
813,-869
814,-869
815,-869
816,-869
817,-869
818,-869
819,-869
820,-869
821,-869
822,-869
823,-869
824,-869
825,-869
826,-869
827,-869
828,-869
829,-869
830,-870
831,-870
832,-870
833,-870
834,-870
835,-870
836,-870
837,-870
838,-870
839,-870
840,-870
841,-870
842,-870
843,-870
844,-870
845,-870
846,-870
847,-870
848,-870
849,-870
850,-870
851,-870
852,-870
853,-870
854,-870
855,-870
856,-870
857,-870
858,-870
859,-870
860,-870
861,-870
862,-870
863,-870
864,-870
865,-870
866,-870
867,-869
868,-869
869,-869
870,-869
871,-869
872,-869
873,-869
874,-869
875,-869
876,-869
877,-869
878,-869
879,-869
880,-869
881,-868
882,-868
883,-868
884,-868
885,-868
886,-868
887,-868
888,-868
889,-867
890,-867
891,-867
892,-867
893,-867
894,-867
895,-867
896,-867
897,-867
898,-867
899,-867
900,-867
901,-866
902,-866
903,-865
904,-865
905,-865
906,-865
907,-865
908,-865
909,-865
910,-865
911,-865
912,-865
913,-865
914,-864
915,-864
916,-864
917,-864
918,-864
918,-863
919,-862
920,-862
921,-862
922,-861
923,-861
924,-861
925,-861
926,-861
927,-861
928,-861
929,-860
930,-860
931,-860
932,-860
933,-860
934,-860
935,-860
936,-860
937,-859
938,-859
939,-859
940,-858
941,-858
942,-857
943,-856
944,-856
945,-856
946,-856
947,-856
948,-856
949,-856
950,-856
951,-856
952,-855
953,-855
954,-855
955,-854
956,-853
957,-853
958,-852
959,-852
960,-852
961,-852
961,-851
961,-850
961,-849
961,-848
962,-847
963,-847
964,-846
965,-846
966,-846
967,-846
968,-847
969,-847
970,-847
971,-847
972,-847
972,-846
972,-845
973,-844
974,-844
975,-844
976,-844
977,-844
978,-844
979,-844
980,-844
981,-844
982,-844
983,-844
984,-843
985,-842
985,-841
986,-840
987,-839
988,-838
989,-838
990,-838
991,-838
991,-837
992,-836
993,-835
994,-835
995,-835
996,-836
997,-836
998,-836
999,-836
1000,-836
1001,-836
1002,-835
1003,-835
1003,-834
1003,-833
1003,-832
1004,-831
1005,-831
1006,-831
1007,-831
1008,-831
1009,-831
1010,-831
1011,-831
1012,-831
1013,-831
1014,-830
1014,-829
1015,-828
1016,-828
1017,-828
1018,-828
1019,-828
1019,-827
1020,-826
1021,-826
1022,-826
1023,-826
1023,-825
1023,-824
1024,-823
1025,-823
1026,-823
1027,-823
1028,-822
1029,-822
1030,-821
1031,-821
1032,-821
1033,-820
1034,-820
1035,-820
1036,-820
1037,-820
1038,-820
1039,-819
1040,-819
1041,-819
1042,-819
1043,-819
1044,-819
1045,-819
1046,-819
1046,-818
1047,-817
1048,-817
1049,-817
1050,-817
1051,-817
1051,-816
1052,-815
1053,-814
1054,-814
1055,-814
1056,-814
1057,-814
1058,-813
1058,-812
1059,-811
1060,-811
1061,-811
1062,-811
1063,-810
1064,-810
1065,-809
1066,-808
1067,-808
1068,-807
1069,-807
1070,-807
1071,-807
1072,-807
1072,-806
1072,-805
1073,-804
1074,-804
1075,-804
1076,-805
1077,-805
1078,-805
1079,-806
1080,-806
1081,-806
1082,-806
1083,-806
1084,-805
1085,-805
1086,-805
1087,-805
1088,-804
1089,-804
1090,-804
1091,-804
1092,-803
1093,-803
1094,-803
1095,-802
1096,-802
1097,-802
1098,-802
1098,-801
1099,-800
1100,-800
1101,-800
1102,-799
1103,-798
1104,-798
1105,-797
1106,-797
1106,-796
1107,-795
1108,-794
1109,-794
1110,-793
1111,-793
1112,-793
1113,-793
1113,-792
1114,-791
1115,-791
1116,-790
1117,-790
1118,-790
1119,-790
1119,-789
1120,-788
1121,-787
1121,-786
1122,-785
1123,-785
1124,-784
1125,-783
1126,-783
1126,-782
1126,-781
1126,-780
1126,-779
1126,-778
1125,-777
1125,-776
1124,-775
1124,-774
1124,-773
1123,-772
1122,-771
1121,-770
1121,-769
1121,-768
1122,-767
1123,-766
1124,-765
1125,-764
1125,-763
1125,-762
1125,-761
1125,-760
1124,-760
1123,-759
1122,-759
1121,-758
1120,-757
1119,-757
1118,-756
1117,-755
1116,-755
1115,-754
1114,-754
1113,-753
1112,-753
1111,-752
1110,-752
1109,-751
1108,-751
1107,-750
1106,-750
1105,-749
1104,-748
1103,-747
1102,-747
1101,-746
1100,-746
1099,-745
1098,-745
1097,-744
1096,-743
1095,-743
1094,-742
1093,-742
1092,-741
1091,-741
1090,-740
1089,-740
1088,-739
1087,-739
1086,-738
1085,-738
1084,-737
1083,-737
1082,-736
1081,-735
1080,-735
1079,-734
1078,-734
1077,-734
1076,-733
1075,-732
1074,-732
1073,-731
1072,-731
1071,-730
1070,-729
1069,-728
1068,-728
1067,-727
1066,-726
1065,-726
1064,-725
1063,-724
1062,-723
1061,-722
1060,-721
1059,-720
1058,-719
1057,-719
1056,-718
1055,-717
1054,-716
1053,-715
1052,-714
1051,-713
1050,-712
1049,-711
1048,-711
1047,-710
1046,-709
1045,-708
1044,-708
1043,-707
1042,-706
1041,-706
1040,-705
1039,-704
1038,-703
1037,-703
1036,-702
1035,-701
1034,-700
1033,-700
1032,-699
1031,-698
1030,-697
1029,-697
1028,-696
1027,-695
1026,-695
1025,-694
1024,-693
1023,-693
1022,-692
1021,-691
1020,-691
1019,-690
1018,-690
1017,-689
1016,-688
1015,-688
1014,-687
1013,-686
1012,-686
1011,-685
1011,-684
1010,-684
1009,-684
1008,-683
1007,-682
1006,-681
1005,-681
1004,-680
1003,-680
1002,-679
1001,-678
1000,-677
999,-676
998,-676
997,-676
996,-675
995,-674
994,-674
993,-674
992,-673
991,-672
990,-672
989,-672
988,-672
987,-671
987,-670
986,-669
985,-669
984,-668
983,-668
982,-668
981,-667
980,-666
979,-665
978,-665
977,-665
976,-664
975,-663
974,-663
973,-663
972,-662
971,-661
970,-661
969,-660
968,-660
967,-660
966,-659
965,-659
964,-659
963,-659
962,-658
961,-658
960,-657
959,-656
958,-655
957,-655
956,-654
955,-654
954,-653
953,-653
952,-653
951,-652
950,-652
949,-652
948,-651
947,-651
946,-651
945,-650
944,-649
943,-649
942,-649
941,-649
940,-648
939,-648
938,-648
937,-647
936,-647
935,-647
934,-646
933,-646
932,-646
931,-646
930,-646
929,-645
928,-645
927,-645
926,-644
925,-644
924,-644
923,-643
922,-643
921,-643
920,-643
919,-643
918,-642
917,-642
916,-642
915,-641
914,-641
913,-641
912,-641
911,-640
910,-640
909,-640
908,-640
907,-639
906,-639
905,-639
904,-639
903,-638
902,-638
901,-638
900,-638
899,-637
898,-637
897,-637
896,-637
895,-636
894,-636
893,-636
892,-636
891,-636
890,-636
889,-636
888,-636
887,-636
886,-635
885,-635
884,-635
883,-635
882,-635
881,-635
880,-634
879,-634
878,-634
877,-634
876,-634
875,-634
874,-634
873,-634
872,-633
871,-633
870,-633
869,-633
868,-633
867,-633
866,-633
865,-633
864,-633
863,-633
862,-633
861,-632
860,-632
859,-632
858,-632
857,-632
856,-632
855,-632
854,-632
853,-632
852,-632
851,-632
850,-632
849,-632
848,-632
847,-632
846,-632
845,-632
844,-632
843,-632
842,-632
841,-632
840,-632
839,-632
838,-632
837,-632
836,-631
835,-631
834,-631
833,-631
832,-631
831,-631
830,-631
829,-631
828,-631
827,-631
826,-631
825,-631
824,-631
823,-631
822,-631
821,-631
820,-631
819,-631
818,-631
817,-631
816,-631
815,-631
814,-631
813,-632
812,-632
811,-632
810,-632
809,-632
808,-632
807,-632
806,-632
805,-632
804,-632
803,-632
802,-632
801,-632
800,-633
799,-633
798,-633
797,-633
796,-633
795,-634
794,-634
793,-634
792,-634
791,-634
790,-634
789,-634
788,-634
787,-635
786,-635
785,-635
784,-635
783,-635
782,-636
781,-636
780,-636
779,-636
778,-636
777,-637
776,-637
775,-637
774,-637
773,-637
772,-638
771,-638
770,-638
769,-639
768,-639
767,-639
766,-639
765,-640
764,-640
763,-640
762,-640
761,-641
760,-641
759,-641
758,-642
757,-642
756,-642
755,-643
754,-643
753,-644
752,-644
751,-644
750,-644
749,-645
748,-645
747,-646
746,-646
745,-646
744,-647
743,-647
742,-648
741,-648
740,-649
739,-649
738,-650
737,-650
736,-651
735,-652
734,-652
733,-653
732,-653
731,-654
730,-655
729,-655
728,-656
727,-656
726,-656
725,-656
724,-656
723,-656
722,-656
721,-656
720,-656
719,-655
718,-655
717,-655
716,-655
715,-655
714,-655
713,-655
712,-655
711,-655
710,-656
709,-656
708,-656
707,-656
706,-657
705,-657
704,-657
703,-657
702,-658
701,-658
700,-659
699,-659
698,-659
697,-660
696,-660
695,-660
694,-660
693,-661
692,-662
691,-663
690,-663
689,-663
688,-663
687,-664
686,-664
685,-665
684,-665
683,-666
682,-667
681,-667
680,-668
679,-668
678,-669
677,-669
676,-670
675,-671
674,-671
673,-672
672,-672
671,-673
670,-673
669,-674
668,-675
667,-675
666,-676
665,-676
664,-676
664,-677
663,-678
662,-679
661,-679
660,-679
659,-680
658,-680
657,-681
656,-682
655,-682
654,-682
653,-683
652,-684
651,-684
650,-685
649,-685
648,-686
647,-687
646,-687
645,-687
644,-687
643,-687
642,-687
641,-687
640,-687
639,-687
638,-688
637,-688
636,-688
635,-688
634,-688
633,-689
632,-689
631,-689
630,-689
629,-689
628,-689
627,-689
626,-689
625,-689
624,-689
623,-689
622,-689
621,-689
620,-689
619,-689
618,-689
617,-689
616,-689
615,-689
614,-689
613,-689
612,-689
611,-689
610,-689
609,-689
608,-689
607,-689
606,-689
605,-689
604,-689
603,-689
602,-689
601,-689
600,-689
599,-689
598,-689
597,-689
596,-689
595,-689
594,-689
593,-689
592,-689
591,-689
590,-689
589,-689
588,-689
587,-689
586,-688
585,-688
584,-688
583,-688
582,-688
581,-688
580,-688
579,-688
578,-688
577,-688
576,-688
575,-688
574,-688
573,-688
572,-688
571,-688
570,-688
569,-688
568,-688
567,-688
566,-688
565,-688
564,-688
563,-688
562,-687
561,-687
560,-687
559,-687
558,-687
557,-687
556,-687
555,-687
554,-687
553,-687
552,-687
551,-687
550,-686
549,-686
548,-686
547,-685
546,-685
545,-685
544,-685
543,-685
542,-685
541,-685
540,-685
539,-685
538,-685
537,-685
536,-685
535,-685
534,-685
533,-685
532,-685
531,-685
530,-685
529,-685
528,-684
527,-684
526,-684
525,-684
524,-684
523,-684
522,-684
521,-684
520,-684
519,-684
518,-683
517,-683
516,-683
515,-683
514,-683
513,-683
512,-683
511,-683
510,-682
509,-682
508,-682
507,-682
506,-682
505,-682
504,-681
503,-681
502,-681
501,-681
500,-681
499,-681
498,-681
497,-681
496,-681
495,-681
494,-681
493,-682
492,-682
491,-682
490,-682
489,-681
488,-681
487,-681
486,-680
485,-680
484,-680
483,-680
482,-680
481,-680
480,-680
479,-680
478,-680
477,-680
476,-680
475,-679
474,-679
473,-679
472,-679
471,-679
470,-678
469,-678
468,-678
467,-678
466,-678
465,-678
464,-678
463,-678
462,-678
461,-678
460,-678
459,-677
458,-677
457,-677
456,-677
455,-677
454,-677
453,-677
452,-677
451,-676
450,-676
449,-676
448,-676
447,-676
446,-676
445,-676
444,-676
443,-676
442,-676
441,-676
440,-675
439,-675
438,-675
437,-675
436,-675
435,-675
434,-675
433,-675
432,-675
431,-675
430,-675
429,-674
428,-674
427,-674
426,-674
425,-674
424,-674
423,-674
422,-674
421,-673
420,-673
419,-673
418,-673
417,-673
416,-672
415,-672
414,-672
413,-672
412,-672
411,-672
410,-672
409,-672
408,-672
407,-672
406,-672
406,-673
405,-674
404,-674
403,-675
402,-675
401,-675
400,-674
400,-673
400,-672
399,-672
398,-672
397,-672
396,-672
396,-673
396,-674
396,-675
396,-676
397,-676
398,-676
399,-676
400,-676
401,-677
401,-678
401,-679
401,-680
401,-681
400,-682
399,-682
398,-683
397,-684
396,-684
395,-684
394,-684
393,-683
392,-683
391,-683
390,-683
389,-683
388,-683
387,-683
386,-683
385,-683
384,-683
383,-683
382,-683
381,-683
380,-684
379,-685
378,-686
377,-687
376,-688
376,-689
376,-690
376,-691
376,-692
376,-693
376,-694
376,-695
375,-696
