472,-818
472,-819
472,-820
472,-821
472,-822
472,-823
472,-824
472,-825
473,-825
474,-826
474,-827
475,-827
476,-827
477,-827
478,-827
479,-827
480,-827
481,-827
482,-827
483,-827
484,-828
485,-828
486,-828
487,-828
488,-828
489,-828
490,-829
491,-829
492,-829
493,-829
494,-829
495,-829
496,-829
497,-829
498,-830
499,-830
500,-830
501,-830
502,-830
503,-830
504,-830
505,-830
506,-830
507,-830
508,-831
509,-831
510,-831
511,-831
512,-831
513,-831
514,-831
515,-831
516,-831
517,-831
518,-832
519,-832
520,-832
521,-832
522,-832
523,-832
524,-832
525,-832
526,-833
527,-833
528,-833
529,-833
530,-833
531,-833
532,-833
533,-833
534,-833
535,-833
536,-833
537,-834
538,-834
539,-834
540,-835
541,-836
542,-836
543,-836
544,-836
545,-836
546,-836
547,-836
548,-836
549,-836
550,-837
550,-838
550,-839
551,-839
552,-839
553,-839
554,-839
555,-840
555,-841
556,-841
557,-842
558,-842
559,-842
560,-842
561,-843
562,-843
563,-843
564,-843
565,-843
566,-844
567,-844
568,-844
569,-844
570,-845
571,-845
572,-845
573,-846
574,-846
575,-847
576,-848
577,-848
578,-848
579,-848
580,-848
581,-848
582,-848
583,-849
584,-850
585,-850
586,-850
587,-851
588,-851
589,-851
590,-852
591,-852
592,-853
593,-853
594,-853
595,-853
596,-853
597,-853
598,-853
599,-854
600,-855
601,-855
602,-855
603,-855
604,-855
605,-856
606,-856
607,-857
608,-857
609,-857
610,-857
611,-858
612,-858
613,-858
614,-859
615,-860
616,-860
617,-861
618,-861
619,-861
620,-861
621,-861
622,-861
623,-862
624,-862
625,-863
626,-863
627,-863
628,-864
629,-864
630,-864
631,-865
632,-866
633,-866
634,-866
635,-866
636,-867
637,-867
638,-868
639,-868
640,-868
641,-868
642,-868
643,-869
644,-870
644,-871
645,-871
646,-871
647,-871
648,-871
649,-872
650,-872
651,-872
652,-872
653,-872
654,-873
654,-874
654,-875
654,-876
654,-877
655,-877
656,-877
657,-877
658,-877
659,-877
660,-878
661,-878
662,-878
663,-878
664,-878
665,-878
666,-878
667,-878
668,-879
669,-879
670,-879
671,-880
672,-880
673,-880
674,-880
675,-880
675,-879
676,-878
677,-878
678,-878
679,-878
680,-878
681,-878
682,-878
683,-878
684,-878
685,-878
686,-878
687,-878
688,-878
689,-878
690,-878
691,-878
692,-878
693,-878
694,-878
695,-877
696,-876
697,-876
698,-876
699,-876
700,-876
701,-875
702,-875
703,-875
704,-875
705,-875
706,-875
707,-874
708,-873
709,-873
710,-873
711,-873
711,-872
712,-871
713,-871
714,-871
715,-871
716,-870
716,-869
717,-868
718,-868
719,-868
720,-867
721,-867
722,-867
723,-867
723,-866
724,-865
725,-865
726,-865
727,-865
728,-865
729,-865
730,-865
730,-864
731,-863
732,-863
733,-863
734,-863
735,-863
736,-863
736,-862
737,-861
738,-860
739,-860
740,-860
741,-860
741,-859
742,-858
743,-858
744,-858
745,-858
746,-858
747,-857
748,-856
749,-856
749,-855
750,-854
751,-853
752,-853
753,-853
754,-853
755,-853
756,-853
756,-852
757,-851
758,-850
759,-850
760,-850
761,-850
762,-850
763,-850
764,-850
765,-850
766,-849
767,-849
767,-848
767,-847
768,-846
769,-846
770,-846
771,-846
771,-845
772,-844
773,-844
774,-843
775,-843
776,-843
777,-842
778,-841
779,-840
780,-840
781,-839
782,-838
783,-838
784,-838
784,-837
784,-836
785,-835
786,-835
787,-835
788,-835
789,-834
790,-833
791,-833
792,-832
793,-832
794,-832
795,-831
795,-830
796,-829
797,-829
797,-828
798,-827
799,-827
800,-827
801,-827
802,-826
803,-825
804,-825
805,-824
806,-824
807,-823
808,-823
809,-823
810,-823
810,-822
811,-821
812,-820
813,-820
814,-820
815,-820
816,-820
817,-820
818,-819
818,-818
818,-817
819,-816
820,-816
821,-816
822,-815
822,-814
823,-813
824,-813
824,-812
825,-811
826,-811
827,-811
828,-810
829,-809
830,-809
831,-809
831,-808
832,-807
833,-807
834,-806
835,-806
836,-805
837,-805
838,-804
839,-804
839,-803
840,-802
841,-801
842,-801
843,-801
843,-800
844,-799
845,-799
846,-799
846,-798
847,-797
848,-796
849,-795
850,-795
850,-794
851,-793
852,-793
853,-793
854,-793
855,-792
856,-792
856,-791
856,-790
857,-789
858,-788
859,-787
860,-786
861,-786
861,-785
862,-784
863,-784
864,-783
865,-783
866,-783
866,-782
866,-781
867,-780
868,-780
869,-779
870,-778
870,-777
871,-776
872,-775
873,-774
874,-774
874,-773
875,-772
876,-772
876,-771
877,-770
878,-769
879,-769
879,-768
880,-767
881,-766
882,-765
883,-764
884,-763
885,-762
885,-761
886,-760
887,-760
888,-759
889,-758
890,-757
890,-756
890,-755
891,-754
892,-753
893,-753
894,-752
894,-751
894,-750
895,-749
896,-748
897,-748
897,-747
897,-746
898,-745
899,-745
900,-745
900,-744
901,-743
901,-742
902,-741
903,-740
903,-739
904,-738
904,-737
905,-736
906,-735
907,-734
908,-734
908,-733
909,-732
910,-732
911,-732
912,-731
913,-730
914,-730
915,-730
916,-729
917,-729
918,-729
919,-728
920,-728
921,-728
921,-727
922,-726
923,-726
924,-725
925,-724
925,-723
925,-722
926,-721
927,-721
928,-721
929,-721
930,-721
930,-720
930,-719
930,-718
930,-717
930,-716
931,-715
932,-715
933,-715
934,-715
934,-714
935,-713
936,-712
937,-712
938,-711
939,-710
940,-709
941,-708
942,-708
943,-707
944,-707
945,-706
946,-706
947,-706
948,-705
949,-704
950,-703
951,-703
952,-703
953,-702
954,-701
955,-700
956,-700
957,-699
958,-699
958,-698
959,-697
960,-697
961,-697
962,-696
963,-695
964,-695
965,-695
966,-695
967,-694
968,-694
969,-694
970,-693
971,-693
972,-692
973,-692
974,-692
975,-692
976,-692
977,-692
978,-692
979,-692
980,-692
981,-692
982,-692
983,-692
984,-693
985,-693
986,-693
987,-693
988,-693
989,-693
990,-693
991,-693
992,-693
993,-692
994,-692
995,-692
996,-692
997,-692
998,-692
999,-692
1000,-692
1001,-692
1002,-692
1003,-692
1004,-692
1005,-692
1006,-692
1007,-692
1008,-691
1009,-691
1010,-691
1011,-691
1012,-691
1013,-691
1014,-691
1015,-691
1016,-691
1017,-690
1018,-690
1019,-690
1020,-690
1021,-689
1022,-689
1023,-688
1024,-688
1025,-688
1026,-688
1027,-688
1028,-687
1029,-687
1029,-686
1029,-685
1029,-684
1029,-683
1029,-682
1029,-681
1028,-680
1028,-679
1028,-678
1027,-677
1027,-676
1027,-675
1027,-674
1027,-673
1027,-672
1028,-671
1028,-670
1028,-669
1028,-668
1028,-667
1028,-666
1027,-665
1026,-664
1026,-663
1026,-662
1026,-661
1025,-660
1025,-659
1024,-658
1024,-657
1023,-656
1023,-655
1023,-654
1023,-653
1023,-652
1023,-651
1023,-650
1023,-649
1022,-648
1021,-648
1020,-647
1020,-646
1019,-646
1018,-646
1017,-646
1016,-646
1015,-646
1014,-646
1013,-646
1012,-646
1011,-646
1010,-647
1009,-647
1008,-647
1007,-647
1006,-647
1005,-647
1004,-647
1003,-647
1002,-647
1001,-647
1000,-648
999,-648
998,-648
997,-648
996,-648
995,-648
994,-648
993,-649
992,-649
991,-649
990,-649
989,-649
988,-649
987,-649
986,-649
985,-650
984,-650
983,-650
982,-650
981,-650
980,-650
979,-650
978,-651
977,-651
976,-651
975,-651
974,-651
973,-651
972,-651
971,-651
970,-651
969,-652
968,-652
967,-652
966,-652
965,-652
964,-652
963,-652
962,-653
961,-653
960,-653
959,-653
958,-653
957,-653
956,-654
955,-654
954,-654
953,-654
952,-654
951,-654
950,-654
949,-655
948,-655
947,-655
946,-655
945,-655
944,-655
943,-656
942,-656
941,-656
940,-657
939,-657
938,-657
937,-657
936,-657
935,-657
934,-657
933,-657
932,-657
931,-657
930,-658
929,-658
928,-658
927,-658
926,-658
925,-658
924,-658
923,-658
922,-658
921,-658
920,-658
919,-658
918,-658
917,-658
916,-658
915,-658
914,-658
913,-658
912,-658
911,-658
910,-658
909,-658
908,-658
907,-657
906,-657
905,-657
904,-657
903,-657
902,-657
901,-656
900,-656
899,-656
898,-655
897,-655
896,-655
895,-654
894,-654
893,-653
892,-653
891,-652
890,-652
889,-652
888,-651
887,-650
886,-650
885,-649
884,-649
883,-648
882,-648
881,-647
880,-647
879,-646
878,-645
877,-645
876,-645
875,-644
874,-644
873,-643
872,-642
871,-641
870,-641
869,-641
868,-640
867,-639
866,-639
865,-639
864,-638
863,-638
862,-638
861,-637
860,-637
859,-637
858,-636
857,-636
856,-635
855,-635
854,-634
853,-634
852,-634
851,-633
850,-633
849,-633
848,-633
847,-632
846,-632
845,-631
844,-631
843,-631
842,-631
841,-630
840,-630
839,-629
838,-629
837,-629
836,-629
835,-629
834,-629
833,-629
832,-628
831,-628
830,-628
829,-628
828,-627
827,-627
826,-627
825,-627
824,-626
823,-626
822,-626
821,-626
820,-626
819,-626
818,-626
817,-626
816,-625
815,-625
814,-625
813,-625
812,-625
811,-625
810,-625
809,-625
808,-625
807,-625
806,-624
805,-624
804,-624
803,-624
802,-624
801,-624
800,-624
799,-624
798,-624
797,-624
796,-624
795,-624
794,-624
793,-624
792,-624
791,-624
790,-624
789,-624
788,-624
787,-624
786,-623
785,-623
784,-623
783,-623
782,-623
781,-623
780,-623
779,-623
778,-623
777,-623
776,-623
775,-622
774,-622
773,-622
772,-622
771,-622
770,-622
769,-622
768,-623
767,-623
766,-623
765,-623
764,-624
763,-624
762,-624
761,-624
760,-624
759,-624
758,-624
757,-624
756,-624
755,-624
754,-624
753,-624
752,-624
751,-624
750,-624
749,-624
748,-624
747,-624
746,-624
745,-625
744,-625
743,-625
742,-625
741,-625
740,-625
739,-625
738,-625
737,-625
736,-625
735,-626
734,-626
733,-626
732,-626
731,-626
730,-626
729,-626
728,-626
727,-626
726,-626
725,-627
724,-627
723,-627
722,-627
721,-628
720,-628
719,-628
718,-628
717,-628
716,-628
715,-628
714,-629
713,-629
712,-629
711,-629
710,-629
709,-629
708,-629
707,-630
706,-630
705,-630
704,-631
703,-631
702,-631
701,-632
700,-632
699,-632
698,-632
697,-632
696,-633
695,-633
694,-633
693,-634
692,-634
691,-634
690,-634
689,-635
688,-636
687,-636
686,-636
685,-637
684,-637
683,-637
682,-637
681,-637
680,-637
679,-637
678,-638
677,-638
676,-638
675,-639
674,-639
673,-640
672,-640
671,-641
670,-641
669,-642
668,-642
667,-642
666,-643
665,-644
664,-644
663,-644
662,-644
661,-645
660,-645
659,-646
658,-646
657,-647
656,-647
655,-648
654,-648
653,-649
652,-649
651,-650
650,-650
649,-650
648,-651
647,-652
646,-652
645,-652
644,-652
643,-653
642,-653
641,-654
640,-654
639,-655
638,-656
637,-656
636,-657
635,-657
634,-658
633,-658
632,-659
631,-660
630,-660
629,-661
628,-661
627,-662
626,-663
625,-664
624,-665
623,-665
622,-665
621,-665
620,-666
619,-667
618,-668
617,-668
616,-669
615,-669
614,-670
613,-671
612,-671
611,-672
610,-673
609,-673
608,-674
607,-674
606,-675
605,-676
604,-676
603,-676
602,-677
601,-678
600,-679
599,-680
598,-681
597,-682
596,-682
595,-683
594,-683
593,-683
592,-684
591,-685
590,-685
589,-686
588,-687
587,-688
586,-688
585,-689
584,-690
583,-690
582,-691
581,-692
580,-692
579,-693
578,-694
577,-694
577,-695
576,-696
575,-696
574,-697
573,-698
572,-699
571,-699
570,-700
569,-701
568,-702
567,-702
566,-703
565,-704
564,-704
563,-705
562,-706
561,-707
560,-708
559,-709
558,-710
557,-711
556,-711
556,-712
555,-713
554,-714
553,-715
552,-715
551,-716
551,-717
550,-718
550,-719
549,-720
548,-720
547,-721
546,-722
545,-723
544,-723
543,-724
542,-725
542,-726
541,-727
540,-728
539,-729
538,-729
537,-730
537,-731
536,-732
535,-733
535,-734
534,-735
533,-736
532,-737
531,-737
530,-738
529,-739
528,-740
527,-741
526,-742
525,-743
524,-744
523,-745
522,-746
521,-747
520,-748
520,-749
519,-750
519,-751
518,-752
517,-752
516,-753
515,-754
514,-755
513,-756
512,-757
511,-758
511,-759
510,-760
509,-761
508,-762
508,-763
507,-764
506,-765
505,-766
504,-767
503,-768
502,-769
502,-770
501,-771
500,-771
499,-772
498,-773
497,-774
496,-775
495,-776
495,-777
494,-778
494,-779
493,-780
492,-780
492,-781
491,-782
490,-783
489,-784
488,-785
487,-786
486,-787
486,-788
485,-789
484,-790
483,-791
482,-792
482,-793
481,-794
480,-795
480,-796
479,-797
478,-798
478,-799
478,-800
477,-801
477,-802
477,-803
476,-804
476,-805
476,-806
476,-807
475,-808
475,-809
475,-810
475,-811
475,-812
475,-813
474,-814
474,-815
473,-816
473,-817
472,-818
