475,-836
475,-837
475,-838
475,-839
475,-840
475,-841
475,-842
475,-843
475,-844
475,-845
476,-846
476,-847
477,-847
478,-848
479,-849
480,-849
481,-849
482,-849
483,-849
484,-849
485,-849
486,-850
486,-851
487,-851
488,-852
489,-852
490,-852
491,-853
492,-853
493,-853
494,-853
495,-853
496,-853
497,-854
498,-855
499,-855
500,-855
501,-856
502,-856
503,-856
504,-856
505,-856
506,-856
507,-856
508,-856
509,-856
510,-856
511,-857
512,-857
513,-857
514,-857
515,-857
516,-857
517,-857
518,-857
519,-857
520,-857
521,-857
522,-858
523,-858
524,-858
525,-858
526,-858
527,-858
528,-858
529,-858
530,-858
531,-858
532,-858
533,-858
534,-859
535,-859
536,-859
537,-859
538,-859
539,-859
540,-860
541,-860
542,-861
543,-861
544,-861
545,-862
546,-862
547,-862
548,-862
549,-862
550,-863
551,-863
552,-863
553,-863
554,-863
555,-863
556,-863
557,-863
558,-863
559,-864
560,-864
561,-864
562,-865
563,-865
564,-865
565,-865
566,-865
567,-865
568,-865
569,-866
570,-866
571,-866
572,-866
573,-866
574,-866
575,-866
576,-867
577,-867
578,-867
579,-867
580,-867
581,-867
582,-867
583,-867
584,-868
585,-868
586,-868
587,-868
588,-868
589,-868
590,-869
591,-869
592,-869
593,-869
594,-869
595,-870
596,-870
597,-870
598,-870
599,-870
600,-870
601,-870
602,-870
603,-870
604,-870
605,-870
606,-871
607,-871
608,-871
609,-871
610,-871
611,-871
612,-871
613,-871
614,-871
615,-871
616,-871
617,-871
618,-871
619,-871
620,-871
621,-871
622,-871
623,-871
624,-871
625,-871
626,-871
627,-871
628,-871
629,-871
630,-871
631,-871
632,-871
633,-871
634,-871
635,-871
636,-871
637,-871
638,-871
639,-871
640,-871
641,-871
642,-871
643,-871
644,-871
645,-871
646,-871
647,-871
648,-871
649,-871
650,-871
651,-871
652,-871
653,-871
654,-871
655,-871
656,-871
657,-871
658,-871
659,-871
660,-870
661,-870
662,-870
663,-870
664,-870
665,-870
666,-870
667,-870
668,-870
669,-870
670,-869
671,-869
672,-869
673,-869
674,-869
675,-869
676,-869
677,-869
678,-869
679,-869
680,-869
681,-869
682,-869
683,-869
684,-868
685,-868
686,-868
687,-868
688,-868
689,-868
690,-868
691,-867
692,-867
693,-867
694,-867
695,-867
696,-867
697,-867
698,-867
699,-867
700,-867
701,-867
702,-866
703,-866
704,-866
705,-866
706,-866
707,-866
708,-866
709,-866
710,-866
711,-865
712,-864
713,-864
714,-864
715,-864
716,-863
717,-863
718,-863
719,-863
720,-862
721,-862
722,-862
723,-862
724,-862
725,-862
726,-862
727,-861
728,-860
729,-860
730,-860
731,-860
732,-860
733,-859
734,-859
735,-859
736,-859
737,-859
738,-859
739,-859
740,-858
741,-858
742,-857
743,-857
744,-857
745,-856
746,-855
747,-855
748,-855
749,-855
750,-855
751,-855
752,-854
753,-854
754,-853
755,-853
756,-852
757,-852
758,-852
759,-852
760,-851
761,-851
762,-851
763,-851
764,-850
765,-850
766,-849
767,-849
768,-848
769,-848
770,-848
771,-848
772,-847
773,-847
774,-847
775,-846
776,-846
777,-845
778,-845
779,-845
780,-845
781,-844
782,-844
783,-843
784,-843
785,-842
786,-842
787,-842
788,-841
789,-841
790,-840
791,-840
792,-840
793,-839
794,-839
795,-839
796,-839
797,-838
798,-837
799,-837
799,-836
800,-835
801,-835
802,-835
803,-835
804,-834
805,-834
806,-834
807,-834
808,-834
809,-834
810,-833
811,-832
811,-831
812,-830
813,-830
814,-830
815,-829
816,-829
817,-828
818,-827
819,-827
820,-826
821,-825
821,-824
822,-823
823,-823
824,-823
825,-822
826,-822
827,-822
827,-821
828,-820
829,-820
830,-819
831,-818
832,-818
833,-817
834,-816
835,-816
835,-815
835,-814
836,-813
837,-813
838,-812
839,-812
840,-811
841,-811
841,-810
842,-809
843,-809
844,-808
845,-807
846,-806
847,-806
848,-805
849,-804
850,-803
851,-802
852,-801
853,-800
854,-799
854,-798
855,-797
856,-797
857,-796
858,-796
858,-795
859,-794
860,-794
860,-793
861,-792
862,-792
863,-791
864,-790
865,-790
866,-789
867,-788
867,-787
868,-786
869,-785
870,-785
871,-785
871,-784
871,-783
871,-782
872,-781
873,-781
874,-781
875,-780
876,-779
877,-779
877,-778
878,-777
879,-776
880,-775
881,-774
882,-773
882,-772
883,-771
884,-770
885,-770
886,-769
886,-768
887,-767
888,-766
889,-765
890,-764
891,-763
891,-762
892,-761
893,-760
893,-759
894,-758
895,-757
895,-756
896,-755
897,-754
898,-753
899,-752
899,-751
900,-750
900,-749
900,-748
901,-747
902,-746
902,-745
903,-744
903,-743
904,-742
905,-741
906,-740
906,-739
906,-738
907,-737
907,-736
908,-735
908,-734
909,-733
909,-732
910,-731
911,-730
912,-729
913,-728
914,-727
915,-727
915,-726
915,-725
916,-724
917,-724
918,-724
919,-724
920,-724
921,-723
922,-723
923,-723
924,-723
925,-723
926,-722
927,-722
928,-721
929,-721
930,-721
931,-721
932,-721
933,-721
934,-721
935,-721
935,-720
936,-719
937,-719
938,-719
938,-718
938,-717
939,-716
940,-716
941,-716
942,-716
943,-716
944,-715
945,-714
946,-713
947,-713
948,-713
948,-712
948,-711
949,-710
950,-710
951,-710
952,-710
953,-709
954,-709
955,-708
956,-708
956,-707
956,-706
957,-705
958,-705
959,-705
960,-704
960,-703
961,-702
962,-702
963,-702
964,-701
965,-700
966,-699
967,-698
968,-697
969,-696
970,-696
971,-696
972,-696
973,-695
974,-694
975,-694
976,-694
977,-693
978,-693
979,-693
980,-692
981,-692
982,-692
983,-692
984,-691
985,-691
986,-690
987,-690
988,-689
989,-689
990,-689
991,-689
992,-688
993,-688
994,-687
995,-687
996,-687
997,-686
998,-686
999,-686
1000,-685
1001,-685
1002,-685
1003,-684
1004,-684
1005,-684
1006,-684
1007,-683
1008,-683
1009,-683
1010,-682
1011,-682
1012,-682
1013,-681
1014,-681
1015,-681
1016,-681
1017,-680
1018,-680
1019,-680
1020,-680
1021,-680
1022,-679
1023,-679
1024,-679
1025,-678
1026,-678
1026,-677
1026,-676
1026,-675
1026,-674
1026,-673
1026,-672
1026,-671
1026,-670
1026,-669
1025,-668
1025,-667
1025,-666
1025,-665
1025,-664
1024,-663
1024,-662
1024,-661
1024,-660
1024,-659
1023,-658
1022,-657
1022,-656
1022,-655
1022,-654
1022,-653
1022,-652
1022,-651
1022,-650
1022,-649
1022,-648
1021,-647
1021,-646
1020,-645
1020,-644
1020,-643
1020,-642
1019,-641
1019,-640
1019,-639
1018,-639
1017,-639
1016,-639
1015,-639
1014,-639
1013,-639
1012,-639
1011,-640
1010,-640
1009,-640
1008,-640
1007,-640
1006,-641
1005,-641
1004,-641
1004,-642
1003,-643
1002,-643
1001,-643
1000,-643
999,-643
998,-643
997,-643
996,-643
995,-643
994,-643
993,-643
992,-643
991,-644
990,-644
989,-644
988,-644
987,-644
986,-644
985,-644
984,-645
983,-645
982,-645
981,-645
980,-645
979,-645
978,-646
977,-646
976,-646
975,-646
974,-647
973,-647
972,-647
971,-647
970,-647
969,-647
968,-648
967,-648
966,-648
965,-648
964,-649
963,-649
962,-649
961,-650
960,-650
959,-650
958,-650
957,-650
956,-651
955,-651
954,-651
953,-652
952,-652
951,-652
950,-652
949,-653
948,-653
947,-653
946,-654
945,-654
944,-654
943,-655
942,-655
941,-655
940,-655
939,-655
938,-656
937,-656
936,-656
935,-656
934,-656
933,-656
932,-656
931,-656
930,-656
929,-656
928,-656
927,-655
926,-655
925,-655
924,-655
923,-655
922,-655
921,-655
920,-655
919,-655
918,-655
917,-655
916,-655
915,-656
914,-656
913,-656
912,-655
911,-655
910,-655
909,-655
908,-655
907,-655
906,-655
905,-655
904,-655
903,-655
902,-655
901,-654
900,-654
899,-654
898,-654
897,-653
896,-653
895,-653
894,-653
893,-653
892,-653
891,-652
890,-652
889,-651
888,-651
887,-651
886,-651
885,-650
884,-650
883,-650
882,-649
881,-649
880,-649
879,-649
878,-648
877,-648
876,-647
875,-647
874,-647
873,-647
872,-646
871,-646
870,-646
869,-645
868,-645
867,-645
866,-645
865,-644
864,-644
863,-643
862,-643
861,-643
860,-642
859,-642
858,-642
857,-642
856,-641
855,-641
854,-641
853,-640
852,-640
851,-639
850,-639
849,-639
848,-639
847,-638
846,-638
845,-638
844,-638
843,-638
842,-638
841,-637
840,-637
839,-637
838,-637
837,-637
836,-636
835,-636
834,-636
833,-636
832,-635
831,-635
830,-635
829,-635
828,-634
827,-634
826,-634
825,-634
824,-634
823,-634
822,-634
821,-634
820,-634
819,-634
818,-634
817,-634
816,-633
815,-633
814,-633
813,-633
812,-633
811,-632
810,-632
809,-632
808,-632
807,-632
806,-632
805,-632
804,-632
803,-632
802,-632
801,-631
800,-631
799,-631
798,-631
797,-631
796,-631
795,-631
794,-631
793,-631
792,-631
791,-631
790,-631
789,-631
788,-631
787,-631
786,-631
785,-631
784,-631
783,-631
782,-631
781,-631
780,-631
779,-631
778,-631
777,-631
776,-631
775,-631
774,-631
773,-632
772,-632
771,-632
770,-632
769,-632
768,-632
767,-632
766,-632
765,-632
764,-632
763,-633
762,-633
761,-633
760,-633
759,-633
758,-633
757,-633
756,-633
755,-633
754,-633
753,-634
752,-634
751,-634
750,-634
749,-634
748,-634
747,-634
746,-634
745,-635
744,-635
743,-635
742,-635
741,-635
740,-635
739,-636
738,-636
737,-636
736,-636
735,-637
734,-637
733,-637
732,-637
731,-637
730,-637
729,-638
728,-638
727,-638
726,-638
725,-639
724,-639
723,-639
722,-639
721,-639
720,-640
719,-640
718,-640
717,-640
716,-641
715,-641
714,-641
713,-641
712,-642
711,-642
710,-642
709,-643
708,-643
707,-643
706,-644
705,-644
704,-644
703,-645
702,-645
701,-646
700,-646
699,-646
698,-646
697,-647
696,-647
695,-648
694,-648
693,-648
692,-649
691,-649
690,-649
689,-650
688,-650
687,-650
686,-650
685,-651
684,-651
683,-652
682,-652
681,-653
680,-653
679,-653
678,-654
677,-654
676,-655
675,-655
675,-656
674,-657
673,-657
672,-657
671,-657
670,-657
669,-658
668,-658
667,-659
666,-659
665,-660
664,-660
663,-660
662,-661
661,-662
660,-662
659,-663
658,-664
657,-664
656,-665
655,-665
654,-665
653,-666
652,-666
651,-666
650,-667
649,-668
648,-669
647,-669
646,-669
645,-670
644,-670
643,-670
642,-671
641,-672
640,-673
639,-674
638,-674
637,-674
636,-674
635,-675
634,-675
633,-676
632,-677
631,-678
630,-678
629,-679
628,-679
627,-680
626,-681
625,-681
624,-682
623,-683
622,-683
621,-683
621,-684
620,-685
619,-685
618,-686
617,-687
616,-687
615,-688
614,-688
613,-689
612,-690
611,-690
610,-691
609,-691
608,-692
607,-693
606,-694
605,-694
604,-695
603,-696
602,-697
601,-698
600,-698
599,-699
598,-699
598,-700
597,-701
596,-701
595,-702
594,-703
593,-704
592,-705
591,-706
590,-706
589,-707
588,-708
587,-709
586,-710
585,-711
584,-712
583,-712
583,-713
582,-714
581,-715
580,-715
579,-716
578,-717
577,-718
576,-718
575,-719
574,-720
574,-721
573,-722
572,-722
571,-723
571,-724
570,-725
569,-725
568,-726
567,-727
567,-728
566,-729
565,-730
564,-730
563,-731
562,-732
562,-733
561,-734
560,-734
559,-735
558,-735
558,-736
558,-737
557,-738
556,-738
555,-739
554,-740
554,-741
553,-742
552,-742
551,-743
550,-744
549,-744
549,-745
548,-746
547,-747
546,-748
545,-749
544,-749
544,-750
543,-751
542,-752
542,-753
541,-754
540,-754
539,-755
539,-756
538,-757
537,-757
536,-758
536,-759
535,-760
534,-760
534,-761
533,-762
532,-763
531,-763
531,-764
530,-765
529,-766
529,-767
528,-768
527,-769
526,-770
526,-771
525,-772
524,-773
523,-774
523,-775
522,-776
521,-777
520,-778
519,-779
518,-780
518,-781
518,-782
517,-783
516,-784
515,-785
514,-786
513,-787
512,-788
512,-789
511,-790
510,-791
509,-792
508,-793
508,-794
507,-795
507,-796
506,-797
505,-798
504,-799
503,-800
502,-801
501,-802
500,-803
500,-804
499,-805
499,-806
498,-807
497,-807
497,-808
496,-809
495,-810
495,-811
494,-812
493,-813
492,-814
491,-815
490,-816
489,-817
488,-818
487,-819
486,-820
486,-821
485,-822
484,-823
483,-823
483,-824
482,-825
481,-826
481,-827
480,-828
479,-828
479,-829
478,-830
477,-831
477,-832
476,-833
476,-834
476,-835
475,-836
