410,-678
410,-679
410,-680
410,-681
410,-682
411,-682
412,-682
413,-683
413,-684
413,-685
413,-686
413,-687
412,-688
411,-688
411,-689
411,-690
411,-691
411,-692
411,-693
412,-693
413,-694
413,-695
414,-695
415,-696
416,-696
417,-696
418,-696
419,-696
420,-697
420,-698
420,-699
420,-700
420,-701
421,-701
422,-702
423,-703
424,-703
425,-703
426,-703
427,-703
428,-703
429,-704
429,-705
430,-705
431,-705
432,-705
433,-705
434,-705
435,-706
436,-706
437,-706
438,-706
439,-707
440,-708
441,-709
442,-709
443,-709
444,-709
445,-709
446,-709
447,-710
448,-710
449,-710
450,-710
451,-710
452,-711
453,-711
454,-711
455,-711
456,-711
457,-711
458,-712
459,-712
460,-712
461,-712
462,-713
463,-714
464,-714
465,-715
466,-715
467,-716
468,-716
469,-716
470,-716
471,-716
472,-716
473,-716
474,-716
475,-716
476,-717
477,-717
478,-717
479,-717
480,-718
481,-718
482,-719
483,-719
484,-719
485,-719
486,-719
487,-719
488,-719
489,-719
490,-719
491,-720
492,-721
493,-721
494,-721
495,-721
496,-721
497,-721
498,-721
499,-722
500,-722
501,-722
502,-722
503,-722
504,-723
505,-724
506,-724
507,-724
508,-724
509,-725
510,-725
511,-725
512,-725
513,-725
514,-725
515,-726
516,-726
517,-726
518,-726
519,-727
520,-727
521,-728
522,-728
523,-728
524,-728
525,-728
526,-728
527,-728
528,-728
529,-728
530,-728
531,-729
532,-729
533,-729
534,-730
535,-730
536,-730
537,-731
538,-731
539,-731
540,-731
541,-732
542,-732
543,-733
544,-734
545,-734
546,-734
547,-735
547,-736
548,-736
549,-736
550,-737
551,-737
552,-738
553,-738
554,-738
555,-739
555,-740
556,-741
557,-741
558,-742
559,-743
559,-744
560,-744
561,-745
562,-746
563,-746
564,-747
565,-748
566,-748
567,-749
567,-750
568,-750
569,-751
570,-752
570,-753
571,-754
571,-755
572,-756
573,-757
574,-758
575,-759
575,-760
576,-761
577,-762
578,-763
578,-764
578,-765
579,-766
580,-767
581,-767
582,-768
583,-769
583,-770
584,-771
585,-771
586,-772
586,-773
586,-774
587,-775
587,-776
588,-776
589,-777
590,-777
591,-778
592,-779
593,-780
594,-781
595,-781
596,-782
596,-783
596,-784
597,-784
598,-784
599,-785
600,-786
600,-787
601,-788
602,-788
603,-789
603,-790
604,-790
605,-791
605,-792
606,-792
607,-793
607,-794
608,-794
609,-795
610,-796
610,-797
611,-797
612,-798
613,-798
614,-799
615,-800
616,-801
617,-802
618,-803
619,-803
620,-803
621,-804
621,-805
622,-805
623,-805
624,-806
625,-807
626,-808
627,-808
628,-809
628,-810
629,-811
630,-812
631,-813
632,-814
633,-814
634,-814
635,-814
636,-815
636,-816
637,-816
638,-817
639,-817
640,-818
640,-819
641,-820
642,-821
643,-822
644,-822
645,-823
645,-824
645,-825
645,-826
646,-826
647,-826
648,-827
649,-827
650,-827
651,-828
652,-828
653,-829
653,-830
654,-830
655,-831
655,-832
655,-833
655,-834
656,-834
657,-835
657,-836
657,-837
658,-837
659,-838
660,-838
661,-839
662,-839
663,-839
664,-840
664,-841
664,-842
665,-842
666,-842
667,-842
668,-843
669,-844
670,-844
671,-844
672,-844
673,-845
673,-846
673,-847
673,-848
673,-849
673,-850
673,-851
673,-852
674,-853
674,-854
675,-854
676,-854
677,-855
678,-855
679,-855
680,-855
681,-855
682,-856
683,-856
684,-856
685,-857
685,-858
685,-859
685,-860
685,-861
686,-861
687,-861
688,-861
689,-861
690,-861
691,-861
692,-862
692,-863
693,-863
694,-863
695,-863
696,-864
697,-864
698,-864
699,-865
700,-865
701,-866
702,-867
703,-867
704,-867
705,-867
706,-867
707,-868
708,-868
709,-869
710,-869
711,-869
712,-869
713,-869
714,-870
715,-870
716,-870
717,-870
718,-870
719,-870
720,-871
721,-871
722,-871
723,-871
724,-871
725,-871
726,-871
727,-871
728,-872
729,-873
730,-873
731,-873
732,-874
732,-875
733,-875
734,-875
735,-875
736,-875
737,-875
738,-875
739,-875
740,-875
741,-875
742,-875
743,-875
744,-875
745,-875
746,-875
747,-875
748,-875
749,-876
750,-876
751,-876
752,-876
753,-877
754,-877
755,-877
756,-878
756,-879
757,-880
758,-880
759,-880
760,-880
761,-880
762,-880
763,-880
764,-880
765,-880
766,-880
767,-880
768,-880
769,-880
770,-880
771,-880
772,-880
773,-880
774,-880
775,-880
776,-880
777,-880
778,-880
779,-881
780,-881
781,-882
782,-882
783,-882
784,-882
785,-883
786,-883
787,-883
788,-883
789,-883
790,-883
791,-883
792,-883
793,-883
794,-884
795,-884
796,-884
797,-884
798,-884
799,-884
800,-884
801,-884
802,-884
803,-884
804,-884
805,-884
806,-884
807,-884
808,-884
809,-884
810,-884
811,-884
812,-884
813,-884
814,-884
815,-884
816,-884
817,-884
818,-884
819,-884
820,-884
821,-884
822,-884
823,-884
824,-884
825,-884
826,-885
827,-885
828,-885
829,-885
830,-885
831,-885
832,-884
833,-884
834,-884
835,-884
836,-884
837,-884
838,-884
839,-884
840,-884
841,-884
842,-884
843,-884
844,-884
845,-884
846,-884
847,-884
848,-884
849,-884
850,-884
851,-884
852,-884
853,-884
854,-884
855,-884
856,-884
857,-884
858,-884
859,-884
860,-884
861,-884
862,-883
863,-883
864,-883
865,-883
866,-883
867,-882
868,-882
869,-882
870,-882
871,-882
872,-882
873,-882
874,-882
875,-882
876,-882
877,-882
878,-882
879,-881
880,-881
881,-881
882,-881
883,-881
884,-881
885,-881
886,-881
887,-881
888,-881
889,-881
890,-881
891,-881
892,-881
893,-881
894,-881
895,-881
896,-881
897,-881
898,-881
899,-881
900,-881
901,-881
902,-881
903,-880
904,-880
905,-880
906,-880
907,-880
908,-880
909,-880
910,-880
911,-880
912,-880
913,-880
914,-880
915,-880
916,-880
917,-879
918,-879
919,-879
920,-879
921,-878
922,-878
923,-878
924,-878
925,-878
926,-878
927,-877
928,-877
929,-877
930,-877
931,-877
932,-877
933,-877
934,-877
935,-877
936,-876
937,-876
938,-876
939,-876
940,-876
941,-876
942,-876
943,-876
944,-876
945,-876
946,-875
947,-875
948,-875
949,-874
950,-874
951,-874
952,-874
953,-874
954,-873
955,-873
956,-873
957,-873
958,-873
959,-872
960,-872
961,-872
962,-872
963,-872
964,-872
965,-872
966,-872
967,-872
968,-871
969,-871
970,-871
971,-871
972,-871
973,-870
974,-870
975,-870
976,-870
977,-869
978,-869
979,-869
980,-869
981,-869
982,-869
983,-869
984,-869
985,-869
986,-869
987,-869
988,-869
988,-868
989,-867
990,-867
991,-867
992,-867
993,-867
994,-866
995,-866
996,-866
997,-865
998,-865
999,-865
1000,-865
1001,-865
1002,-865
1003,-865
1004,-865
1005,-864
1006,-864
1007,-864
1008,-864
1009,-864
1010,-863
1011,-863
1012,-862
1013,-862
1014,-862
1015,-861
1016,-861
1017,-861
1018,-861
1019,-861
1020,-861
1021,-860
1022,-860
1023,-860
1024,-860
1025,-859
1026,-859
1027,-859
1028,-859
1029,-858
1030,-858
1031,-858
1032,-858
1033,-858
1034,-858
1035,-858
1036,-857
1037,-856
1038,-856
1039,-856
1040,-856
1041,-856
1042,-856
1043,-856
1044,-856
1045,-856
1046,-856
1047,-855
1048,-855
1049,-855
1050,-855
1051,-855
1052,-855
1053,-855
1054,-854
1055,-854
1056,-854
1057,-854
1058,-854
1059,-853
1060,-853
1061,-853
1062,-853
1063,-853
1064,-853
1065,-852
1066,-851
1067,-851
1068,-851
1069,-851
1070,-851
1071,-851
1072,-851
1073,-851
1074,-850
1075,-850
1076,-850
1077,-850
1077,-849
1078,-848
1079,-848
1080,-848
1081,-848
1082,-848
1083,-847
1084,-847
1085,-847
1086,-847
1087,-847
1088,-846
1089,-846
1089,-845
1089,-844
1089,-843
1089,-842
1090,-841
1091,-841
1091,-840
1091,-839
1091,-838
1091,-837
1091,-836
1091,-835
1090,-835
1089,-835
1088,-834
1088,-833
1088,-832
1089,-831
1090,-830
1090,-829
1090,-828
1090,-827
1090,-826
1090,-825
1089,-824
1088,-823
1087,-823
1086,-822
1086,-821
1085,-820
1084,-819
1083,-819
1082,-818
1081,-817
1080,-816
1079,-816
1078,-815
1077,-814
1076,-813
1075,-812
1074,-811
1073,-810
1073,-809
1072,-808
1071,-808
1070,-807
1069,-806
1068,-805
1067,-804
1066,-803
1065,-802
1064,-801
1063,-800
1062,-799
1061,-799
1060,-798
1059,-797
1059,-796
1058,-796
1057,-795
1056,-794
1055,-793
1054,-792
1053,-791
1052,-790
1051,-789
1050,-788
1049,-787
1048,-786
1047,-785
1046,-784
1045,-783
1044,-782
1044,-781
1043,-780
1042,-779
1041,-778
1040,-777
1039,-777
1038,-776
1038,-775
1037,-774
1036,-773
1036,-772
1035,-771
1034,-771
1033,-770
1032,-769
1032,-768
1031,-767
1030,-766
1029,-765
1029,-764
1028,-763
1027,-762
1026,-761
1025,-760
1024,-759
1023,-758
1022,-757
1021,-756
1020,-755
1020,-754
1019,-753
1018,-752
1017,-751
1016,-751
1015,-750
1015,-749
1014,-749
1013,-748
1013,-747
1012,-747
1011,-746
1011,-745
1011,-744
1010,-744
1009,-744
1008,-743
1007,-742
1006,-741
1006,-740
1005,-739
1004,-738
1003,-737
1002,-736
1001,-735
1000,-734
999,-733
998,-732
997,-732
996,-731
995,-730
994,-729
993,-728
992,-727
991,-726
990,-725
989,-724
989,-723
988,-722
987,-722
986,-721
985,-720
984,-719
983,-718
982,-717
981,-716
980,-715
979,-715
978,-714
977,-713
976,-712
975,-711
974,-710
973,-709
972,-709
971,-708
970,-707
969,-707
968,-706
968,-705
967,-704
966,-703
965,-702
964,-701
963,-701
962,-700
961,-699
960,-698
959,-697
958,-697
957,-697
956,-696
955,-695
954,-694
953,-693
952,-692
951,-692
950,-691
949,-691
948,-690
948,-689
947,-688
946,-688
945,-687
944,-687
943,-686
942,-685
941,-684
940,-683
939,-683
938,-682
937,-681
936,-680
935,-680
934,-679
933,-678
932,-677
931,-677
930,-676
929,-676
928,-675
927,-674
926,-674
925,-673
924,-672
923,-672
922,-671
921,-671
920,-670
919,-669
918,-668
917,-668
916,-668
915,-667
914,-667
913,-666
912,-665
911,-665
910,-664
909,-664
908,-664
907,-663
906,-662
906,-661
905,-661
904,-661
903,-660
902,-660
901,-659
900,-659
899,-659
898,-658
898,-657
897,-657
896,-656
895,-656
894,-656
893,-655
892,-655
891,-655
890,-654
889,-653
888,-652
887,-652
886,-652
885,-652
884,-651
883,-651
882,-650
881,-650
880,-649
879,-649
878,-648
877,-648
876,-648
875,-647
874,-647
873,-646
872,-646
871,-645
870,-645
869,-645
868,-645
867,-644
866,-643
865,-643
864,-643
863,-642
862,-642
861,-641
860,-640
859,-640
858,-640
857,-640
856,-639
855,-639
854,-639
853,-638
852,-638
851,-637
850,-637
849,-637
848,-636
847,-636
846,-636
845,-635
844,-635
843,-634
842,-634
841,-634
840,-634
839,-633
838,-633
837,-633
836,-633
835,-632
834,-632
833,-631
832,-631
831,-631
830,-631
829,-631
828,-630
827,-629
826,-629
825,-629
824,-629
823,-628
822,-628
821,-628
820,-628
819,-627
818,-627
817,-627
816,-627
815,-627
814,-627
813,-626
812,-626
811,-626
810,-625
809,-625
808,-625
807,-625
806,-624
805,-624
804,-624
803,-624
802,-624
801,-624
800,-624
799,-623
798,-623
797,-623
796,-623
795,-623
794,-623
793,-623
792,-622
791,-622
790,-622
789,-622
788,-622
787,-621
786,-621
785,-621
784,-621
783,-621
782,-621
781,-621
780,-620
779,-620
778,-620
777,-620
776,-620
775,-620
774,-620
773,-620
772,-620
771,-620
770,-620
769,-620
768,-620
767,-620
766,-620
765,-620
764,-619
763,-619
762,-619
761,-619
760,-619
759,-619
758,-619
757,-619
756,-619
755,-619
754,-619
753,-619
752,-619
751,-618
750,-618
749,-618
748,-618
747,-618
746,-618
745,-618
744,-618
743,-617
742,-617
741,-617
740,-617
739,-617
738,-617
737,-617
736,-617
735,-617
734,-617
733,-617
732,-617
731,-617
730,-617
729,-617
728,-617
727,-617
726,-617
725,-618
724,-618
723,-618
722,-618
721,-618
720,-618
719,-618
718,-618
717,-619
716,-619
715,-619
714,-619
713,-619
712,-619
711,-619
710,-619
709,-619
708,-620
707,-620
706,-620
705,-620
704,-620
703,-620
702,-620
701,-620
700,-620
699,-620
698,-620
697,-620
696,-620
695,-620
694,-620
693,-620
692,-620
691,-621
690,-621
689,-621
689,-622
688,-623
687,-623
686,-623
685,-623
684,-623
683,-623
682,-623
681,-623
680,-623
679,-624
678,-624
677,-624
676,-624
675,-624
674,-625
673,-625
672,-625
671,-625
670,-625
669,-625
668,-626
667,-627
666,-627
665,-627
664,-628
663,-628
662,-628
661,-629
660,-629
659,-629
658,-629
657,-629
656,-630
655,-630
654,-630
653,-630
652,-630
651,-631
650,-631
649,-631
648,-632
647,-632
646,-633
645,-633
644,-634
643,-634
642,-634
641,-635
640,-635
639,-636
638,-636
637,-636
636,-637
635,-637
634,-638
633,-639
632,-639
631,-639
630,-640
629,-640
628,-641
627,-642
626,-642
625,-643
624,-643
623,-644
622,-644
621,-644
620,-645
619,-645
618,-646
617,-647
616,-647
615,-648
614,-648
613,-649
612,-649
611,-650
610,-651
609,-651
608,-652
607,-652
606,-653
605,-653
604,-654
603,-655
602,-655
601,-656
600,-656
599,-657
598,-658
597,-659
596,-659
595,-660
594,-660
593,-661
592,-661
591,-662
590,-663
589,-663
588,-664
587,-664
586,-664
585,-665
584,-666
583,-666
582,-667
581,-667
580,-667
579,-668
578,-668
577,-669
576,-670
575,-670
574,-670
573,-670
572,-671
571,-671
570,-671
569,-671
568,-671
567,-671
566,-672
565,-672
564,-672
563,-672
562,-672
561,-673
560,-673
559,-673
558,-674
557,-674
556,-674
555,-674
554,-674
553,-673
552,-673
551,-673
550,-673
549,-673
548,-673
547,-673
546,-672
545,-672
544,-672
543,-672
542,-672
541,-671
540,-671
539,-671
538,-671
537,-671
536,-671
535,-671
534,-671
533,-671
532,-671
531,-671
530,-671
529,-670
528,-670
527,-670
526,-670
525,-670
524,-670
523,-670
522,-670
521,-670
520,-669
519,-669
518,-669
517,-669
516,-668
515,-668
514,-668
513,-668
512,-667
511,-667
510,-667
509,-667
508,-667
507,-667
506,-667
505,-666
504,-666
503,-666
502,-666
501,-666
500,-665
499,-665
498,-665
497,-665
496,-665
495,-664
494,-664
493,-664
492,-664
491,-664
490,-664
489,-664
488,-664
487,-663
486,-663
485,-663
484,-663
483,-663
482,-662
481,-662
480,-662
479,-662
478,-662
477,-662
476,-661
475,-661
474,-661
473,-661
472,-660
471,-660
470,-660
469,-660
468,-660
467,-659
466,-659
465,-658
464,-658
463,-658
462,-658
461,-658
460,-658
459,-658
458,-657
457,-657
456,-657
455,-657
454,-657
453,-657
452,-657
451,-656
450,-656
449,-656
448,-656
447,-656
446,-656
445,-655
444,-655
443,-655
442,-655
441,-655
440,-654
439,-654
438,-654
437,-654
436,-654
435,-654
434,-653
433,-653
432,-653
431,-653
430,-653
429,-653
428,-652
427,-652
426,-652
425,-652
424,-651
423,-651
422,-651
421,-651
420,-651
419,-651
418,-651
417,-651
416,-651
415,-651
414,-651
413,-651
412,-651
411,-652
411,-653
411,-654
411,-655
411,-656
411,-657
412,-658
412,-659
412,-660
412,-661
412,-662
412,-663
412,-664
412,-665
412,-666
412,-667
412,-668
412,-669
412,-670
412,-671
412,-672
412,-673
413,-674
413,-675
413,-676
412,-677
411,-677
410,-678
