400,-710
400,-711
400,-712
400,-713
400,-714
400,-715
400,-716
401,-717
402,-717
403,-718
404,-718
405,-718
406,-719
407,-719
408,-719
409,-719
410,-719
411,-719
412,-720
413,-720
414,-720
415,-720
416,-720
417,-721
418,-721
419,-721
420,-722
421,-722
422,-722
423,-722
424,-722
425,-722
426,-723
427,-723
428,-723
429,-723
430,-723
431,-723
432,-723
433,-723
434,-723
435,-723
436,-724
437,-724
438,-724
439,-725
440,-725
441,-725
442,-725
443,-725
444,-725
445,-725
446,-725
447,-725
448,-726
449,-726
450,-726
451,-726
452,-726
453,-727
454,-727
455,-727
456,-727
457,-727
458,-727
459,-727
460,-727
461,-728
462,-728
463,-728
464,-728
465,-728
466,-729
467,-729
468,-729
469,-729
470,-729
471,-729
472,-730
473,-730
474,-730
475,-730
476,-730
477,-730
478,-731
479,-731
480,-731
481,-731
482,-731
483,-731
484,-731
485,-731
486,-731
487,-732
488,-732
489,-732
490,-732
491,-732
492,-732
493,-732
494,-733
495,-733
496,-733
497,-733
498,-733
499,-733
500,-733
501,-734
502,-734
503,-734
504,-734
505,-734
506,-734
507,-734
508,-734
509,-735
510,-736
511,-736
512,-736
513,-736
514,-737
515,-737
516,-737
517,-737
518,-738
519,-738
520,-738
521,-738
522,-739
523,-739
524,-740
525,-740
526,-740
527,-740
528,-740
529,-741
530,-741
531,-742
532,-742
533,-742
534,-742
535,-742
536,-743
537,-744
538,-745
539,-745
540,-745
541,-745
542,-745
543,-745
544,-746
544,-747
544,-748
545,-749
546,-749
547,-749
548,-749
549,-749
550,-749
551,-749
552,-749
553,-749
554,-749
555,-749
556,-750
557,-750
558,-751
559,-752
560,-753
560,-754
561,-755
562,-756
562,-757
563,-757
564,-757
565,-758
566,-758
567,-759
568,-759
569,-760
570,-760
571,-761
572,-762
572,-763
572,-764
573,-765
574,-766
575,-767
576,-768
577,-769
578,-770
579,-771
579,-772
579,-773
580,-773
581,-774
582,-775
583,-776
584,-777
585,-778
585,-779
586,-780
587,-781
588,-782
588,-783
589,-784
590,-785
591,-786
592,-787
593,-788
593,-789
594,-790
595,-791
596,-792
597,-793
598,-794
598,-795
599,-795
600,-796
601,-797
601,-798
602,-799
603,-800
604,-801
605,-801
606,-802
606,-803
606,-804
607,-804
608,-805
608,-806
609,-807
610,-808
611,-809
612,-810
612,-811
613,-812
614,-812
615,-813
616,-814
617,-815
618,-816
619,-817
620,-818
621,-819
621,-820
622,-821
623,-821
624,-822
624,-823
625,-823
626,-823
627,-824
628,-825
629,-825
630,-826
631,-827
632,-828
632,-829
633,-829
634,-829
635,-829
636,-830
637,-831
638,-832
639,-832
640,-833
641,-834
642,-834
643,-834
644,-834
645,-835
646,-835
647,-836
648,-836
649,-837
650,-837
651,-837
652,-838
653,-839
654,-839
655,-839
656,-839
657,-840
658,-840
659,-840
660,-840
661,-840
662,-841
663,-841
664,-842
665,-842
666,-843
667,-843
668,-843
669,-844
670,-844
671,-844
672,-845
673,-845
674,-846
675,-846
676,-846
677,-847
678,-847
679,-848
680,-848
681,-849
682,-849
683,-850
684,-850
685,-851
686,-851
687,-851
688,-852
689,-852
690,-852
691,-853
692,-853
693,-853
694,-853
695,-854
695,-855
696,-855
697,-855
698,-855
699,-856
700,-856
701,-856
702,-856
703,-857
704,-857
705,-858
706,-858
707,-859
708,-859
709,-859
710,-859
711,-859
712,-860
713,-860
714,-860
715,-860
716,-861
717,-861
718,-861
719,-862
720,-862
721,-862
722,-863
723,-863
724,-863
725,-864
726,-864
727,-864
728,-864
729,-864
730,-865
731,-865
732,-865
733,-866
734,-866
735,-866
736,-866
737,-867
738,-868
739,-868
740,-868
741,-868
742,-868
743,-869
744,-869
745,-869
746,-869
747,-870
748,-870
749,-870
750,-870
751,-871
752,-871
753,-871
754,-871
755,-871
756,-871
757,-872
758,-872
759,-872
760,-872
761,-872
762,-873
763,-873
764,-873
765,-873
766,-873
767,-873
768,-873
769,-873
770,-873
771,-874
772,-874
773,-874
774,-874
775,-874
776,-874
777,-874
778,-874
779,-874
780,-874
781,-874
782,-875
783,-875
784,-875
785,-875
786,-875
787,-875
788,-875
789,-875
790,-875
791,-875
792,-875
793,-875
794,-875
795,-875
796,-875
797,-876
798,-876
799,-876
800,-876
801,-876
802,-876
803,-876
804,-876
805,-876
806,-876
807,-876
808,-876
809,-876
810,-876
811,-876
812,-876
813,-876
814,-876
815,-876
816,-876
817,-876
818,-876
819,-876
820,-876
821,-876
822,-876
823,-876
824,-876
825,-876
826,-876
827,-876
828,-876
829,-876
830,-876
831,-876
832,-876
833,-876
834,-876
835,-876
836,-876
837,-876
838,-876
839,-876
840,-876
841,-876
842,-876
843,-876
844,-875
845,-875
846,-875
847,-875
848,-875
849,-875
850,-875
851,-875
852,-875
853,-875
854,-875
855,-875
856,-875
857,-875
858,-875
859,-875
860,-875
861,-875
862,-874
863,-874
864,-874
865,-874
866,-873
867,-873
868,-873
869,-873
870,-873
871,-872
872,-872
873,-872
874,-872
875,-872
876,-872
877,-872
878,-872
879,-872
880,-872
881,-872
882,-872
883,-872
884,-871
885,-871
886,-871
887,-871
888,-871
889,-870
890,-870
891,-869
892,-869
893,-869
894,-869
895,-869
896,-868
897,-868
898,-868
899,-868
900,-868
901,-868
902,-868
903,-867
904,-867
905,-867
906,-866
907,-866
908,-865
909,-865
910,-865
911,-864
912,-864
913,-864
914,-864
915,-864
916,-864
917,-863
918,-863
919,-863
920,-862
921,-862
922,-861
923,-861
924,-861
925,-860
926,-860
927,-860
928,-860
929,-860
930,-859
931,-859
932,-859
933,-858
934,-858
935,-858
936,-857
937,-857
938,-856
939,-856
940,-856
941,-855
942,-855
943,-855
944,-855
945,-854
946,-854
947,-853
948,-853
949,-852
950,-852
951,-852
952,-851
953,-851
954,-851
955,-850
956,-850
957,-850
958,-849
959,-849
960,-848
961,-848
962,-847
963,-847
964,-847
965,-847
966,-846
967,-845
968,-845
969,-844
970,-844
971,-844
972,-843
973,-843
974,-842
975,-842
976,-841
977,-841
978,-841
979,-840
980,-840
981,-839
982,-839
983,-839
983,-838
984,-837
985,-837
986,-836
987,-836
988,-836
989,-835
990,-835
991,-834
992,-833
993,-833
994,-833
995,-832
996,-832
997,-831
998,-831
999,-831
1000,-830
1001,-830
1002,-829
1003,-829
1004,-828
1005,-828
1006,-828
1007,-827
1008,-827
1009,-826
1010,-826
1011,-826
1011,-825
1012,-824
1013,-824
1014,-824
1015,-823
1016,-823
1017,-822
1018,-821
1019,-821
1020,-820
1021,-820
1022,-819
1023,-819
1024,-819
1025,-819
1026,-818
1027,-818
1028,-818
1029,-817
1030,-817
1031,-817
1032,-816
1033,-816
1034,-815
1035,-815
1036,-815
1037,-815
1038,-814
1039,-814
1040,-814
1041,-814
1041,-813
1042,-812
1043,-812
1044,-812
1045,-812
1046,-812
1047,-812
1048,-811
1049,-811
1050,-811
1051,-811
1052,-811
1053,-811
1054,-811
1055,-812
1056,-812
1057,-812
1058,-812
1059,-812
1060,-812
1061,-812
1062,-812
1063,-812
1064,-812
1065,-812
1066,-812
1067,-812
1068,-812
1069,-812
1070,-812
1071,-811
1072,-811
1073,-810
1074,-810
1075,-810
1076,-810
1077,-811
1078,-811
1079,-811
1080,-811
1081,-811
1082,-810
1083,-810
1084,-810
1085,-810
1086,-810
1087,-810
1088,-810
1089,-809
1090,-809
1091,-809
1092,-809
1093,-808
1094,-808
1094,-807
1095,-806
1096,-805
1097,-805
1098,-804
1099,-804
1100,-804
1100,-803
1100,-802
1100,-801
1100,-800
1100,-799
1100,-798
1100,-797
1100,-796
1100,-795
1101,-794
1101,-793
1101,-792
1101,-791
1101,-790
1100,-790
1099,-790
1098,-790
1097,-789
1097,-788
1097,-787
1097,-786
1098,-785
1099,-785
1100,-784
1101,-784
1102,-783
1102,-782
1102,-781
1102,-780
1102,-779
1101,-778
1100,-777
1100,-776
1099,-775
1098,-774
1097,-773
1096,-772
1095,-771
1094,-770
1093,-769
1092,-768
1091,-767
1090,-767
1089,-766
1088,-765
1087,-764
1086,-763
1085,-762
1084,-761
1083,-760
1082,-759
1081,-758
1080,-757
1079,-757
1078,-756
1077,-755
1076,-754
1075,-753
1074,-752
1073,-752
1072,-751
1071,-750
1070,-750
1069,-749
1068,-748
1067,-747
1066,-747
1065,-746
1064,-745
1063,-744
1062,-744
1061,-743
1060,-742
1059,-742
1058,-741
1057,-740
1056,-739
1055,-739
1054,-738
1053,-737
1052,-737
1051,-736
1050,-735
1049,-734
1048,-734
1047,-733
1046,-732
1045,-731
1044,-730
1043,-730
1042,-729
1041,-728
1040,-728
1039,-727
1038,-726
1037,-726
1036,-725
1035,-724
1034,-723
1033,-722
1032,-721
1031,-721
1030,-720
1029,-720
1028,-719
1027,-718
1026,-718
1025,-717
1024,-716
1023,-716
1022,-715
1022,-714
1021,-714
1020,-714
1019,-713
1018,-712
1017,-711
1016,-711
1015,-710
1014,-710
1013,-709
1012,-708
1011,-707
1010,-707
1009,-706
1008,-706
1007,-705
1006,-705
1005,-704
1004,-703
1003,-703
1002,-702
1001,-702
1000,-701
999,-701
998,-700
997,-699
996,-699
995,-698
994,-698
993,-697
992,-697
991,-696
990,-696
989,-695
988,-694
987,-693
986,-693
985,-692
984,-691
983,-691
982,-690
981,-690
980,-689
979,-689
978,-688
977,-688
976,-687
975,-687
974,-686
973,-686
972,-685
971,-685
970,-684
969,-684
968,-683
967,-683
966,-682
965,-681
964,-681
963,-680
962,-680
961,-679
960,-679
959,-678
958,-678
957,-677
956,-676
955,-676
954,-676
953,-675
952,-675
951,-674
950,-674
949,-674
948,-673
947,-672
946,-672
945,-671
944,-671
943,-671
942,-670
941,-670
940,-670
939,-669
938,-668
937,-668
936,-667
935,-667
934,-666
933,-666
932,-666
931,-666
930,-665
929,-664
928,-664
927,-663
926,-663
925,-663
924,-662
923,-662
922,-661
921,-660
920,-660
919,-660
918,-659
917,-659
916,-659
915,-658
914,-658
913,-657
912,-657
911,-657
910,-656
909,-656
908,-655
907,-655
906,-655
905,-654
904,-654
903,-653
902,-653
901,-652
900,-652
899,-652
898,-651
897,-650
896,-650
895,-650
894,-650
893,-649
892,-648
891,-648
890,-648
889,-648
888,-647
887,-647
886,-647
885,-646
884,-646
883,-646
882,-645
881,-645
880,-645
879,-644
878,-644
877,-644
876,-643
875,-643
874,-643
873,-643
872,-642
871,-642
870,-641
869,-641
868,-641
867,-640
866,-640
865,-639
864,-639
863,-639
862,-639
861,-639
860,-638
859,-638
858,-638
857,-638
856,-637
855,-637
854,-637
853,-636
852,-635
851,-635
850,-635
849,-635
848,-634
847,-634
846,-634
845,-634
844,-634
843,-633
842,-633
841,-633
840,-633
839,-632
838,-632
837,-632
836,-632
835,-631
834,-631
833,-631
832,-631
831,-631
830,-631
829,-630
828,-630
827,-630
826,-630
825,-630
824,-630
823,-630
822,-630
821,-630
820,-629
819,-629
818,-629
817,-629
816,-629
815,-629
814,-628
813,-628
812,-628
811,-628
810,-627
809,-627
808,-627
807,-627
806,-627
805,-627
804,-627
803,-627
802,-627
801,-627
800,-627
799,-627
798,-627
797,-627
796,-627
795,-627
794,-626
793,-626
792,-626
791,-626
790,-626
789,-626
788,-626
787,-626
786,-626
785,-626
784,-626
783,-626
782,-626
781,-626
780,-626
779,-626
778,-626
777,-626
776,-626
775,-626
774,-626
773,-626
772,-626
771,-626
770,-626
769,-626
768,-626
767,-625
766,-625
765,-625
764,-625
763,-625
762,-625
761,-625
760,-625
759,-625
758,-625
757,-625
756,-625
755,-625
754,-625
753,-625
752,-625
751,-625
750,-625
749,-625
748,-625
747,-625
746,-625
745,-625
744,-625
743,-625
742,-625
741,-625
740,-625
739,-625
738,-625
737,-625
736,-625
735,-625
734,-625
733,-626
732,-626
731,-626
730,-626
729,-626
728,-626
727,-626
726,-626
725,-626
724,-626
723,-626
722,-626
721,-626
720,-626
719,-626
718,-626
717,-626
716,-626
715,-626
714,-626
713,-626
712,-626
711,-626
710,-626
709,-627
708,-627
707,-627
706,-627
705,-627
704,-627
703,-627
702,-627
701,-627
700,-628
699,-628
698,-628
697,-628
696,-628
695,-628
694,-629
693,-629
692,-629
691,-629
691,-630
690,-631
689,-631
688,-631
687,-631
686,-631
685,-631
684,-631
683,-631
682,-631
681,-631
680,-631
679,-632
678,-632
677,-632
676,-632
675,-633
674,-634
673,-634
672,-634
671,-634
670,-634
669,-634
668,-634
667,-635
666,-635
665,-635
664,-636
663,-636
662,-636
661,-636
660,-636
659,-636
658,-637
657,-637
656,-637
655,-637
654,-638
653,-639
652,-639
651,-639
650,-639
649,-639
648,-639
647,-639
646,-639
645,-640
644,-640
643,-641
642,-641
641,-642
640,-642
639,-642
638,-643
637,-643
636,-643
635,-644
634,-644
633,-644
632,-645
631,-646
630,-646
629,-646
628,-647
627,-647
626,-648
625,-648
624,-649
623,-649
622,-650
621,-650
620,-650
619,-651
618,-651
617,-652
616,-652
615,-653
614,-653
613,-654
612,-654
611,-655
610,-655
609,-655
608,-656
607,-656
606,-657
605,-658
604,-658
603,-659
602,-660
601,-660
600,-661
599,-661
598,-662
597,-663
596,-663
595,-664
594,-665
593,-665
592,-666
591,-667
590,-667
589,-668
588,-669
587,-670
586,-670
585,-670
584,-671
583,-671
582,-672
581,-673
580,-674
579,-674
578,-674
577,-675
576,-675
575,-676
574,-677
573,-677
572,-678
571,-678
570,-678
569,-679
568,-679
567,-679
566,-680
565,-680
564,-680
563,-681
562,-681
561,-681
560,-682
559,-682
558,-682
557,-682
556,-682
555,-682
554,-682
553,-683
552,-683
551,-683
550,-683
549,-684
548,-684
547,-684
546,-684
545,-684
544,-684
543,-684
542,-684
541,-684
540,-684
539,-684
538,-684
537,-684
536,-684
535,-684
534,-684
533,-684
532,-684
531,-684
530,-684
529,-684
528,-684
527,-684
526,-684
525,-684
524,-684
523,-684
522,-684
521,-684
520,-684
519,-684
518,-684
517,-684
516,-684
515,-684
514,-684
513,-684
512,-684
511,-684
510,-684
509,-684
508,-684
507,-683
506,-683
505,-683
504,-683
503,-683
502,-683
501,-683
500,-683
499,-683
498,-683
497,-683
496,-683
495,-683
494,-683
493,-683
492,-683
491,-683
490,-682
489,-682
488,-682
487,-682
486,-682
485,-682
484,-682
483,-682
482,-682
481,-682
480,-682
479,-682
478,-681
477,-681
476,-681
475,-681
474,-681
473,-681
472,-680
471,-680
470,-680
469,-680
468,-680
467,-680
466,-680
465,-679
464,-679
463,-679
462,-679
461,-679
460,-679
459,-679
458,-679
457,-679
456,-678
455,-678
454,-678
453,-678
452,-678
451,-678
450,-678
449,-678
448,-677
447,-677
446,-677
445,-677
444,-677
443,-677
442,-677
441,-676
440,-676
439,-676
438,-675
437,-675
436,-675
435,-675
434,-675
433,-675
432,-675
431,-674
430,-674
429,-674
428,-674
427,-674
426,-674
425,-674
424,-674
423,-673
422,-673
421,-673
420,-673
419,-673
418,-673
417,-673
416,-673
415,-673
414,-673
414,-674
414,-675
414,-676
414,-677
413,-678
413,-679
412,-680
412,-681
412,-682
412,-683
412,-684
411,-685
410,-686
410,-687
410,-688
410,-689
410,-690
410,-691
410,-692
409,-693
408,-693
407,-694
407,-695
407,-696
406,-697
406,-698
405,-699
405,-700
405,-701
404,-702
403,-702
403,-703
403,-704
403,-705
403,-706
402,-707
401,-708
401,-709
400,-710
