464,-798
464,-799
464,-800
464,-801
464,-802
464,-803
465,-804
466,-805
467,-806
468,-806
469,-806
470,-806
471,-807
472,-808
473,-809
474,-809
475,-809
476,-809
477,-810
478,-810
479,-810
480,-810
481,-810
482,-810
483,-811
484,-811
485,-811
486,-811
487,-811
488,-811
489,-811
490,-811
491,-811
492,-811
493,-811
494,-811
495,-811
496,-811
497,-811
498,-811
499,-811
500,-811
501,-811
502,-811
503,-811
504,-811
505,-811
506,-811
507,-811
508,-811
509,-811
510,-811
511,-811
512,-811
513,-811
514,-811
515,-811
516,-811
517,-811
518,-811
519,-811
520,-812
521,-812
522,-812
523,-812
524,-812
525,-813
526,-813
527,-813
528,-813
529,-814
530,-814
531,-814
532,-814
533,-814
534,-815
535,-816
536,-816
537,-816
538,-816
539,-816
540,-816
541,-816
542,-817
543,-818
544,-818
545,-818
546,-818
547,-818
548,-819
549,-819
550,-819
551,-819
552,-820
553,-821
554,-821
555,-821
556,-822
557,-823
558,-823
559,-824
560,-824
561,-824
562,-825
563,-825
564,-825
565,-826
566,-826
567,-827
568,-827
569,-827
570,-828
571,-828
572,-829
573,-829
574,-830
575,-830
576,-831
577,-831
578,-832
579,-832
580,-833
581,-833
582,-834
583,-834
584,-835
585,-836
586,-836
587,-837
588,-838
589,-838
590,-838
591,-839
592,-839
593,-839
594,-840
595,-840
596,-840
597,-841
598,-841
599,-841
600,-842
601,-842
602,-842
603,-843
604,-843
605,-843
606,-843
607,-844
608,-844
609,-845
610,-845
611,-846
612,-846
613,-846
614,-847
615,-847
616,-847
617,-848
618,-848
619,-849
620,-849
621,-849
622,-850
623,-851
624,-851
625,-852
626,-852
627,-852
628,-853
629,-853
630,-853
631,-854
632,-854
633,-855
634,-855
635,-856
636,-856
637,-857
637,-858
638,-858
639,-859
640,-860
641,-861
642,-861
643,-861
644,-861
645,-861
646,-861
647,-861
648,-862
649,-862
650,-863
651,-864
652,-864
653,-864
654,-864
655,-865
656,-865
657,-866
658,-866
659,-867
660,-868
661,-868
662,-868
663,-868
664,-869
664,-870
665,-870
666,-870
667,-870
668,-871
668,-872
669,-872
670,-872
671,-872
672,-872
673,-873
674,-873
675,-874
676,-874
677,-874
678,-874
679,-875
680,-875
681,-875
682,-875
683,-875
684,-875
685,-875
686,-876
687,-876
688,-876
689,-876
690,-876
691,-876
692,-876
693,-876
694,-876
695,-876
696,-876
697,-875
698,-875
699,-875
700,-875
701,-875
702,-875
703,-875
704,-875
705,-875
706,-875
707,-875
708,-875
709,-874
710,-874
711,-874
712,-874
713,-874
714,-874
715,-874
715,-873
716,-872
717,-872
718,-872
719,-871
720,-871
721,-871
722,-871
723,-870
724,-870
725,-870
726,-869
727,-869
728,-869
729,-869
730,-868
731,-867
732,-867
733,-867
734,-867
735,-866
736,-866
737,-865
738,-865
739,-865
740,-865
741,-865
742,-864
743,-864
744,-864
745,-863
746,-863
747,-862
748,-862
749,-862
750,-861
751,-861
752,-861
753,-861
754,-860
755,-860
756,-860
757,-859
758,-859
759,-858
760,-858
761,-858
762,-858
763,-858
764,-858
765,-858
766,-857
767,-856
768,-856
769,-856
770,-855
771,-854
772,-854
773,-854
774,-854
775,-854
776,-853
777,-853
778,-852
779,-852
780,-851
781,-851
782,-851
783,-851
784,-851
785,-850
786,-850
787,-849
788,-849
789,-849
789,-848
790,-847
791,-847
792,-847
793,-847
794,-846
795,-846
796,-846
797,-846
798,-845
799,-845
800,-845
801,-844
802,-844
803,-844
804,-843
805,-843
806,-842
807,-842
808,-842
809,-841
810,-841
811,-840
812,-840
813,-839
814,-839
815,-839
816,-838
817,-838
818,-838
819,-837
820,-837
821,-837
822,-836
823,-835
824,-835
825,-834
826,-834
827,-834
828,-834
829,-833
830,-833
831,-832
832,-832
833,-831
834,-831
835,-830
836,-830
837,-830
838,-829
839,-829
840,-828
841,-827
842,-827
843,-826
844,-826
845,-826
846,-825
847,-825
848,-824
849,-824
850,-823
851,-823
852,-822
853,-822
854,-821
855,-821
856,-820
857,-820
858,-820
859,-819
860,-819
861,-818
862,-818
863,-817
864,-816
865,-816
866,-815
867,-815
868,-814
869,-814
870,-814
871,-813
872,-812
873,-811
874,-811
875,-811
876,-811
876,-810
877,-809
878,-809
879,-808
880,-808
881,-807
882,-806
883,-806
884,-805
885,-804
886,-804
887,-803
888,-803
889,-802
890,-802
891,-802
891,-801
892,-800
893,-800
894,-799
895,-799
896,-798
897,-798
898,-797
899,-797
900,-796
901,-796
902,-795
903,-795
904,-794
905,-793
906,-792
907,-792
908,-791
909,-790
910,-789
911,-789
911,-788
912,-787
913,-787
914,-787
915,-787
916,-786
917,-785
918,-784
919,-783
920,-782
921,-782
922,-781
923,-780
924,-780
925,-779
926,-779
927,-779
927,-778
928,-777
929,-776
930,-776
931,-776
931,-775
932,-774
933,-774
933,-773
934,-772
935,-772
935,-771
936,-770
937,-769
938,-768
939,-767
940,-767
941,-767
942,-766
943,-766
944,-765
944,-764
945,-763
946,-763
947,-762
948,-761
949,-761
949,-760
950,-759
951,-759
952,-758
953,-758
954,-757
955,-756
956,-755
957,-754
958,-754
959,-754
960,-753
961,-752
961,-751
962,-750
963,-750
964,-750
965,-749
966,-748
967,-747
968,-746
969,-746
970,-745
971,-744
972,-743
973,-742
974,-741
975,-741
975,-740
976,-739
977,-738
978,-738
979,-738
980,-738
980,-737
981,-736
982,-736
983,-736
983,-735
983,-734
984,-733
985,-733
986,-732
987,-732
988,-732
989,-731
990,-730
991,-730
992,-730
993,-730
994,-730
995,-730
996,-730
996,-729
997,-728
998,-728
999,-728
999,-727
1000,-726
1001,-726
1002,-726
1003,-725
1004,-725
1005,-725
1006,-725
1007,-724
1008,-723
1009,-723
1010,-723
1011,-723
1012,-722
1013,-721
1013,-720
1013,-719
1014,-718
1015,-718
1016,-718
1017,-718
1018,-718
1019,-717
1020,-717
1021,-717
1022,-716
1023,-716
1023,-715
1024,-714
1025,-713
1025,-712
1025,-711
1026,-710
1027,-709
1028,-709
1029,-709
1030,-709
1030,-708
1030,-707
1030,-706
1030,-705
1031,-704
1032,-704
1033,-704
1034,-704
1035,-704
1035,-703
1036,-702
1037,-702
1037,-701
1037,-700
1037,-699
1037,-698
1036,-697
1036,-696
1036,-695
1035,-695
1034,-694
1034,-693
1034,-692
1035,-691
1035,-690
1035,-689
1035,-688
1035,-687
1034,-686
1033,-686
1032,-685
1031,-684
1030,-683
1029,-682
1028,-682
1027,-681
1026,-681
1025,-680
1024,-680
1023,-679
1022,-679
1021,-678
1020,-677
1019,-677
1018,-676
1017,-676
1016,-675
1015,-675
1014,-674
1013,-673
1012,-673
1011,-672
1010,-672
1009,-671
1008,-671
1007,-670
1006,-670
1005,-669
1004,-669
1003,-668
1002,-668
1001,-667
1000,-667
999,-666
998,-666
997,-665
996,-665
995,-665
994,-664
993,-664
992,-663
991,-663
990,-663
989,-662
988,-662
987,-661
986,-661
985,-660
984,-660
983,-660
982,-659
981,-659
980,-659
979,-658
978,-658
977,-658
976,-658
975,-658
974,-657
973,-657
972,-657
971,-656
970,-656
969,-655
968,-655
967,-654
966,-654
965,-654
964,-654
963,-653
962,-653
961,-653
960,-653
959,-652
958,-652
957,-652
956,-651
955,-651
954,-651
953,-651
952,-650
951,-650
950,-650
949,-650
948,-649
947,-649
946,-649
945,-649
944,-648
943,-648
942,-648
941,-648
940,-648
939,-648
938,-647
937,-647
936,-646
935,-646
934,-646
933,-645
932,-645
931,-645
930,-645
929,-644
928,-644
927,-644
926,-644
925,-644
924,-644
923,-643
922,-643
921,-643
920,-642
919,-642
918,-642
917,-642
916,-642
915,-641
914,-641
913,-641
912,-641
911,-640
910,-640
909,-640
908,-640
907,-639
906,-639
905,-639
904,-639
903,-638
902,-638
901,-638
900,-638
899,-638
898,-637
897,-637
896,-637
895,-637
894,-637
893,-637
892,-637
891,-636
890,-636
889,-636
888,-636
887,-636
886,-635
885,-635
884,-635
883,-634
882,-634
881,-634
880,-634
879,-634
878,-634
877,-633
876,-633
875,-633
874,-633
873,-633
872,-633
871,-633
870,-633
869,-633
868,-633
867,-633
866,-632
865,-631
864,-631
863,-631
862,-631
861,-630
860,-630
859,-630
858,-630
857,-629
856,-629
855,-629
854,-629
853,-629
852,-629
851,-629
850,-629
849,-628
848,-628
847,-628
846,-628
845,-628
844,-628
843,-627
842,-627
841,-627
840,-627
839,-627
838,-627
837,-626
836,-626
835,-626
834,-626
833,-626
832,-626
831,-626
830,-626
829,-626
828,-626
827,-626
826,-626
825,-626
824,-626
823,-626
822,-626
821,-625
820,-625
819,-625
818,-625
817,-625
816,-625
815,-625
814,-625
813,-625
812,-625
811,-625
810,-625
809,-625
808,-625
807,-625
806,-625
805,-625
804,-625
803,-625
802,-625
801,-625
800,-625
799,-625
798,-625
797,-625
796,-625
795,-625
794,-625
793,-625
792,-625
791,-625
790,-625
789,-625
788,-625
787,-625
786,-625
785,-625
784,-625
783,-625
782,-625
781,-626
780,-626
779,-626
778,-626
777,-626
776,-626
775,-626
774,-626
773,-626
772,-626
771,-626
770,-626
769,-626
768,-626
767,-627
766,-627
765,-627
764,-627
763,-627
762,-627
761,-627
760,-627
759,-628
758,-628
757,-628
756,-628
755,-628
754,-628
753,-628
752,-628
751,-628
750,-628
749,-629
748,-629
747,-629
746,-629
745,-629
744,-630
743,-630
742,-630
741,-630
740,-630
739,-630
738,-630
737,-630
736,-630
735,-630
734,-631
733,-631
732,-631
731,-631
730,-631
729,-631
728,-631
727,-632
726,-632
725,-633
724,-633
723,-633
722,-633
721,-633
720,-633
719,-634
718,-634
717,-634
716,-634
715,-634
714,-634
713,-634
712,-635
711,-635
710,-635
709,-636
708,-636
707,-636
706,-637
705,-637
704,-637
703,-637
702,-638
701,-638
700,-638
699,-638
698,-639
697,-639
696,-639
695,-640
694,-640
693,-641
692,-641
691,-641
690,-641
689,-642
688,-642
687,-642
686,-642
685,-642
684,-643
683,-644
682,-644
681,-644
680,-645
679,-645
678,-646
677,-646
676,-647
675,-647
674,-647
673,-648
672,-648
671,-649
670,-649
669,-650
668,-650
667,-650
666,-650
665,-651
664,-651
663,-652
662,-652
661,-653
660,-653
659,-653
658,-653
657,-654
656,-654
655,-655
654,-655
653,-656
652,-656
651,-657
650,-658
649,-658
648,-658
647,-659
646,-660
645,-660
644,-661
643,-661
642,-661
641,-662
640,-662
639,-663
638,-663
637,-664
636,-665
635,-665
634,-666
633,-666
632,-667
631,-667
630,-668
629,-669
628,-669
627,-670
626,-671
625,-672
624,-672
623,-673
622,-674
621,-674
620,-674
619,-675
619,-676
618,-677
617,-677
616,-677
615,-678
614,-679
613,-680
612,-680
611,-681
610,-682
609,-683
608,-683
607,-684
606,-685
605,-686
604,-686
603,-687
602,-688
601,-689
600,-689
599,-690
598,-691
597,-692
596,-693
595,-693
594,-694
593,-695
592,-696
592,-697
591,-698
590,-698
589,-699
588,-700
588,-701
587,-702
586,-702
586,-703
585,-704
584,-705
583,-706
582,-706
582,-707
581,-708
580,-708
580,-709
579,-710
578,-711
577,-712
576,-713
575,-714
574,-715
574,-716
573,-717
572,-718
572,-719
571,-720
570,-721
569,-722
568,-723
567,-724
567,-725
566,-726
565,-727
564,-728
563,-729
562,-730
562,-731
561,-732
560,-733
559,-734
558,-734
557,-735
556,-736
555,-737
554,-738
553,-739
552,-740
551,-741
550,-741
549,-742
548,-743
547,-743
546,-743
545,-744
544,-745
543,-745
542,-746
541,-747
540,-747
539,-747
538,-748
537,-749
536,-749
535,-750
534,-750
533,-750
532,-751
531,-751
530,-752
529,-752
528,-753
527,-753
526,-754
525,-754
524,-755
523,-755
522,-756
521,-756
520,-757
519,-757
518,-757
517,-757
516,-758
515,-758
514,-759
513,-759
512,-759
511,-759
510,-759
509,-760
508,-761
507,-761
506,-761
505,-761
504,-761
503,-762
502,-762
501,-762
500,-762
499,-762
498,-763
497,-763
496,-763
495,-763
494,-763
493,-763
492,-764
491,-764
490,-764
489,-764
488,-764
487,-764
486,-765
485,-765
484,-765
483,-765
482,-765
481,-766
481,-767
481,-768
481,-769
481,-770
481,-771
480,-772
479,-773
478,-773
478,-774
478,-775
477,-776
477,-777
476,-778
475,-779
475,-780
475,-781
475,-782
475,-783
475,-784
475,-785
475,-786
474,-787
474,-788
473,-789
472,-790
471,-791
470,-791
469,-791
468,-791
467,-791
466,-791
465,-792
465,-793
465,-794
465,-795
465,-796
465,-797
464,-798
