459,-711
459,-712
459,-713
459,-714
459,-715
459,-716
460,-717
461,-718
462,-719
462,-720
463,-721
463,-722
463,-723
463,-724
463,-725
463,-726
463,-727
464,-728
464,-729
465,-730
466,-731
466,-732
466,-733
467,-733
468,-734
468,-735
468,-736
469,-737
469,-738
469,-739
470,-739
471,-740
471,-741
472,-742
472,-743
473,-743
474,-743
475,-743
476,-744
476,-745
476,-746
477,-747
477,-748
478,-749
478,-750
479,-751
480,-752
480,-753
480,-754
481,-754
482,-754
483,-755
484,-755
485,-755
486,-755
487,-755
488,-755
489,-756
490,-756
491,-756
492,-757
493,-757
494,-757
495,-757
496,-757
497,-757
498,-757
499,-757
500,-757
501,-758
502,-758
503,-758
504,-758
505,-758
506,-759
506,-760
507,-760
508,-760
509,-760
510,-761
511,-761
512,-762
512,-763
513,-763
514,-764
515,-765
516,-765
517,-766
518,-766
519,-766
520,-766
521,-767
522,-767
523,-767
524,-767
525,-767
526,-767
527,-767
528,-767
529,-767
530,-767
531,-767
532,-767
533,-767
534,-767
535,-767
536,-768
537,-768
538,-768
539,-768
540,-769
541,-769
542,-769
543,-770
544,-771
545,-771
546,-772
547,-773
548,-773
549,-774
549,-775
550,-775
551,-776
552,-777
553,-777
554,-778
555,-778
556,-779
556,-780
556,-781
557,-782
558,-782
559,-782
560,-783
561,-784
562,-785
562,-786
563,-787
564,-787
565,-788
566,-789
566,-790
567,-790
568,-790
569,-791
570,-792
570,-793
571,-793
572,-794
573,-795
574,-795
575,-796
576,-797
576,-798
577,-799
578,-799
579,-799
580,-800
581,-801
582,-802
583,-803
584,-804
585,-804
586,-805
587,-805
588,-806
589,-807
590,-807
591,-808
592,-809
593,-809
594,-810
594,-811
595,-811
596,-812
596,-813
597,-813
598,-813
599,-814
600,-814
601,-814
602,-815
602,-816
603,-817
604,-818
604,-819
605,-819
606,-819
607,-820
607,-821
608,-821
609,-821
610,-821
611,-821
612,-821
613,-821
614,-822
614,-823
614,-824
615,-824
616,-824
617,-824
618,-825
618,-826
618,-827
619,-827
620,-827
621,-827
622,-827
623,-827
624,-827
625,-827
626,-827
627,-827
628,-828
628,-829
628,-830
628,-831
629,-831
630,-831
631,-832
631,-833
632,-834
633,-834
634,-834
635,-834
636,-835
636,-836
636,-837
637,-837
638,-837
639,-837
640,-837
641,-837
642,-837
643,-837
644,-837
645,-837
646,-837
647,-838
647,-839
647,-840
648,-841
648,-842
649,-842
650,-842
651,-843
652,-843
653,-843
654,-843
655,-843
656,-843
657,-843
658,-843
659,-843
660,-843
661,-844
662,-845
663,-845
664,-846
664,-847
665,-848
666,-848
667,-848
668,-848
669,-848
670,-849
671,-849
672,-850
672,-851
673,-851
674,-851
675,-851
676,-852
677,-852
678,-852
679,-852
680,-852
681,-853
682,-853
683,-853
684,-854
684,-855
685,-855
686,-855
687,-856
688,-856
689,-856
690,-856
691,-857
692,-857
693,-857
694,-857
695,-858
696,-859
697,-859
698,-859
699,-859
700,-859
701,-860
702,-860
703,-860
704,-860
705,-860
706,-860
707,-861
708,-861
709,-861
710,-861
711,-861
712,-861
713,-861
714,-861
715,-862
716,-862
717,-862
718,-862
719,-863
720,-863
721,-863
722,-864
723,-864
724,-864
725,-864
726,-864
727,-865
728,-865
729,-865
730,-865
731,-865
732,-866
733,-866
734,-866
735,-866
736,-866
737,-866
738,-866
739,-866
740,-866
741,-866
742,-866
743,-866
744,-866
745,-866
746,-866
747,-866
748,-866
749,-866
750,-866
751,-866
752,-866
753,-866
754,-866
755,-866
756,-866
757,-867
758,-867
759,-867
760,-867
761,-867
762,-867
763,-866
764,-866
765,-866
766,-866
767,-866
768,-866
769,-866
770,-866
771,-865
772,-865
773,-865
774,-865
775,-865
776,-865
777,-865
778,-865
779,-865
780,-865
781,-865
782,-865
783,-865
784,-865
785,-865
786,-865
787,-865
788,-865
789,-865
790,-865
791,-865
792,-865
793,-865
794,-865
795,-864
796,-864
797,-864
798,-865
799,-865
800,-865
801,-865
802,-865
803,-865
804,-865
805,-864
806,-864
807,-864
808,-864
809,-863
810,-862
811,-862
812,-862
813,-862
814,-862
815,-862
816,-862
817,-861
818,-861
819,-861
820,-861
821,-861
822,-861
823,-861
824,-861
825,-861
826,-861
827,-861
828,-861
829,-860
830,-860
831,-859
832,-859
833,-859
834,-859
835,-858
836,-858
837,-858
838,-858
839,-858
840,-858
841,-858
842,-858
843,-857
844,-857
845,-857
846,-857
847,-857
848,-856
849,-856
850,-856
851,-856
851,-855
851,-854
852,-853
853,-853
854,-853
855,-853
856,-853
857,-853
858,-853
859,-853
860,-853
861,-853
862,-853
863,-852
864,-852
865,-852
866,-851
866,-850
867,-849
868,-849
869,-849
870,-849
871,-849
872,-849
873,-849
874,-849
875,-848
876,-848
877,-848
878,-848
879,-847
880,-847
881,-846
882,-845
883,-845
884,-845
885,-845
886,-845
887,-845
887,-844
887,-843
888,-842
889,-842
890,-842
891,-842
892,-842
893,-842
894,-842
895,-842
896,-842
897,-842
898,-842
899,-841
900,-841
901,-841
902,-840
903,-840
904,-840
905,-839
906,-839
907,-838
908,-838
909,-838
910,-838
911,-837
912,-837
913,-837
914,-837
915,-836
916,-836
917,-836
918,-835
919,-834
920,-834
921,-834
922,-834
923,-833
924,-833
925,-832
926,-832
927,-832
928,-831
929,-831
930,-831
931,-830
932,-830
933,-829
934,-829
935,-829
936,-829
937,-828
938,-828
939,-827
940,-827
941,-827
942,-826
943,-826
944,-825
945,-825
946,-825
947,-824
948,-824
949,-823
950,-823
951,-823
952,-822
953,-822
954,-822
955,-822
956,-822
957,-821
958,-821
959,-821
960,-821
960,-820
961,-819
962,-819
963,-819
964,-818
965,-818
966,-818
967,-818
967,-817
968,-816
969,-815
970,-815
971,-815
972,-815
973,-814
974,-814
975,-814
976,-814
977,-814
978,-813
979,-813
980,-812
981,-812
982,-811
983,-811
984,-811
985,-810
986,-810
987,-809
988,-809
989,-809
990,-809
991,-808
992,-808
993,-808
994,-808
995,-808
996,-807
997,-806
998,-806
999,-806
1000,-806
1001,-806
1002,-806
1003,-806
1004,-806
1005,-806
1006,-805
1007,-805
1008,-804
1009,-804
1010,-804
1011,-803
1012,-803
1013,-803
1014,-803
1015,-803
1016,-803
1016,-802
1017,-801
1018,-800
1019,-800
1020,-800
1021,-799
1022,-799
1023,-798
1024,-798
1025,-798
1026,-798
1027,-797
1028,-797
1029,-796
1030,-795
1031,-795
1031,-794
1032,-793
1033,-792
1034,-792
1035,-792
1036,-792
1037,-792
1038,-791
1038,-790
1038,-789
1038,-788
1039,-787
1040,-787
1041,-787
1041,-786
1042,-785
1042,-784
1042,-783
1042,-782
1042,-781
1042,-780
1042,-779
1042,-778
1041,-778
1040,-778
1039,-777
1039,-776
1039,-775
1040,-774
1041,-774
1042,-773
1042,-772
1043,-771
1043,-770
1043,-769
1043,-768
1043,-767
1042,-766
1041,-765
1040,-765
1039,-764
1038,-763
1037,-763
1036,-762
1035,-762
1034,-761
1033,-761
1032,-760
1031,-760
1030,-759
1029,-759
1028,-759
1027,-758
1026,-757
1025,-757
1024,-756
1023,-756
1022,-755
1021,-754
1020,-754
1019,-753
1018,-752
1017,-752
1016,-751
1015,-750
1014,-750
1013,-749
1012,-748
1011,-747
1010,-747
1009,-747
1008,-746
1007,-746
1006,-745
1006,-744
1005,-744
1004,-743
1003,-742
1002,-741
1001,-741
1000,-740
999,-739
998,-739
997,-738
996,-738
995,-737
994,-737
993,-736
992,-736
991,-735
990,-734
989,-733
988,-733
987,-732
986,-731
985,-730
984,-730
983,-729
982,-728
981,-728
980,-727
979,-726
978,-725
977,-724
976,-724
975,-723
974,-722
973,-721
972,-721
971,-721
970,-720
969,-720
968,-719
967,-718
966,-717
965,-717
964,-717
963,-716
962,-716
961,-715
960,-714
960,-713
959,-713
958,-712
957,-712
956,-712
955,-711
954,-710
953,-709
952,-708
951,-708
950,-708
949,-707
948,-706
947,-706
946,-705
945,-705
944,-704
943,-704
942,-703
941,-702
940,-701
939,-701
938,-700
937,-700
936,-699
935,-699
934,-698
933,-697
932,-697
931,-696
930,-696
929,-695
928,-694
927,-694
926,-693
925,-693
924,-692
923,-692
922,-691
921,-691
920,-690
919,-689
918,-689
917,-688
916,-688
915,-687
914,-687
913,-687
912,-686
911,-685
910,-685
909,-684
908,-684
907,-683
906,-683
905,-682
904,-682
903,-681
902,-680
901,-680
900,-679
899,-679
898,-678
897,-678
896,-678
895,-677
894,-677
893,-676
892,-676
891,-675
890,-674
889,-674
888,-674
887,-673
886,-673
885,-673
884,-672
883,-672
882,-671
881,-671
880,-670
879,-670
878,-669
877,-669
876,-669
875,-668
874,-668
873,-668
872,-667
871,-667
870,-666
869,-665
868,-665
867,-665
866,-664
865,-664
864,-664
863,-663
862,-663
861,-662
860,-662
859,-661
858,-661
857,-660
856,-660
855,-660
854,-659
853,-659
852,-659
851,-659
850,-659
849,-658
848,-658
847,-657
846,-657
845,-657
844,-657
843,-656
842,-656
841,-656
840,-655
839,-655
838,-654
837,-654
836,-653
835,-653
834,-653
833,-653
832,-653
831,-652
830,-652
829,-652
828,-651
827,-651
826,-651
825,-650
824,-650
823,-650
822,-650
821,-650
820,-649
819,-649
818,-648
817,-648
816,-648
815,-648
814,-647
813,-647
812,-647
811,-647
810,-647
809,-647
808,-646
807,-646
806,-646
805,-645
804,-645
803,-645
802,-645
801,-645
800,-645
799,-644
798,-644
797,-644
796,-643
795,-643
794,-643
793,-643
792,-642
791,-642
790,-642
789,-641
788,-640
787,-640
786,-640
785,-640
784,-640
783,-640
782,-640
781,-640
780,-640
779,-640
778,-639
778,-638
777,-638
776,-638
775,-638
774,-638
773,-638
772,-638
771,-638
770,-638
769,-638
768,-638
767,-638
766,-637
765,-637
764,-637
763,-637
762,-637
761,-637
760,-637
759,-637
758,-637
757,-636
756,-636
755,-636
754,-636
753,-636
752,-636
751,-636
750,-636
749,-636
748,-636
747,-636
746,-636
745,-636
744,-636
743,-636
742,-636
741,-636
740,-636
739,-636
738,-636
737,-636
736,-635
735,-635
734,-635
733,-635
732,-635
731,-634
730,-634
729,-634
728,-634
727,-634
726,-634
725,-634
724,-634
723,-634
722,-634
721,-634
720,-634
719,-634
718,-634
717,-634
716,-634
715,-634
714,-634
713,-634
712,-634
711,-635
710,-635
709,-635
708,-635
707,-635
706,-635
705,-635
704,-635
703,-635
702,-635
701,-635
700,-635
699,-635
698,-635
697,-635
696,-635
695,-636
694,-636
693,-636
692,-637
691,-637
690,-637
689,-637
688,-637
687,-637
686,-637
685,-637
684,-637
683,-637
682,-638
681,-638
680,-638
679,-638
678,-639
677,-639
676,-639
675,-639
674,-640
673,-640
672,-640
671,-640
670,-641
669,-641
668,-641
667,-641
666,-641
665,-642
664,-642
663,-642
662,-642
661,-642
660,-642
659,-642
658,-642
657,-643
656,-644
655,-644
654,-644
653,-644
652,-644
651,-645
650,-645
649,-645
648,-645
647,-645
646,-646
645,-646
644,-646
643,-647
642,-648
641,-648
640,-648
639,-648
638,-648
637,-648
636,-648
636,-649
635,-650
634,-651
633,-651
632,-651
631,-652
630,-652
629,-653
628,-653
627,-653
626,-654
625,-654
624,-654
623,-655
622,-655
621,-655
620,-655
619,-655
618,-656
617,-656
616,-657
615,-657
614,-657
613,-658
612,-658
611,-658
610,-658
610,-659
609,-660
608,-660
607,-660
606,-660
605,-661
604,-661
603,-662
602,-663
601,-663
600,-663
599,-664
598,-664
597,-664
596,-664
596,-665
595,-666
594,-666
593,-667
592,-667
591,-668
590,-668
589,-669
588,-669
587,-670
586,-670
585,-671
584,-672
583,-672
582,-673
581,-674
580,-674
579,-674
578,-674
577,-674
577,-675
577,-676
576,-677
575,-677
574,-678
573,-678
572,-679
571,-680
570,-680
569,-680
568,-681
567,-682
566,-682
565,-683
564,-684
563,-684
562,-685
561,-685
560,-686
559,-687
558,-687
557,-688
556,-689
555,-689
554,-689
553,-690
552,-691
551,-692
550,-692
549,-692
548,-693
547,-694
546,-695
545,-696
544,-697
543,-698
542,-699
541,-699
540,-700
539,-700
538,-701
537,-701
536,-702
535,-702
534,-702
533,-702
532,-703
531,-703
530,-704
529,-704
528,-705
527,-705
526,-705
525,-705
524,-705
523,-705
522,-705
521,-705
520,-705
519,-705
518,-705
517,-705
516,-705
515,-705
514,-706
513,-706
512,-706
511,-706
510,-707
509,-707
508,-707
507,-707
506,-708
505,-708
504,-708
503,-708
502,-708
501,-708
500,-709
499,-709
498,-709
497,-709
496,-709
495,-709
494,-709
493,-709
492,-709
491,-709
490,-709
489,-709
488,-709
487,-710
486,-710
485,-710
484,-710
483,-710
482,-710
481,-710
480,-710
479,-710
478,-710
477,-710
476,-710
475,-710
474,-710
473,-710
472,-710
471,-710
470,-710
469,-710
468,-710
467,-710
466,-710
465,-710
464,-710
463,-710
462,-710
461,-710
460,-710
459,-711
