479,-685
479,-686
479,-687
479,-688
479,-689
480,-690
480,-691
480,-692
481,-693
482,-694
482,-695
482,-696
482,-697
483,-698
483,-699
484,-699
485,-700
486,-701
486,-702
487,-702
488,-703
488,-704
488,-705
489,-705
490,-705
491,-705
492,-706
492,-707
492,-708
493,-708
494,-709
494,-710
495,-710
496,-711
496,-712
497,-713
498,-713
499,-714
500,-715
500,-716
501,-716
502,-716
503,-717
503,-718
504,-719
505,-720
505,-721
506,-721
507,-722
508,-723
509,-724
510,-725
511,-726
512,-727
513,-727
514,-728
515,-729
516,-730
517,-731
518,-731
519,-732
520,-733
521,-733
522,-734
523,-735
523,-736
524,-737
525,-737
526,-738
527,-739
528,-740
528,-741
529,-741
530,-742
530,-743
531,-743
532,-744
533,-745
533,-746
534,-746
535,-747
536,-748
536,-749
537,-749
538,-750
538,-751
539,-751
540,-752
541,-753
542,-754
543,-755
544,-756
545,-757
546,-758
546,-759
547,-759
548,-760
549,-761
550,-762
551,-763
552,-764
553,-765
554,-765
555,-766
556,-767
557,-768
558,-769
559,-769
560,-770
561,-771
561,-772
562,-773
563,-773
564,-774
565,-774
566,-774
567,-775
567,-776
568,-776
569,-777
569,-778
570,-778
571,-779
571,-780
572,-780
573,-781
574,-781
575,-782
576,-783
577,-784
578,-785
579,-785
580,-786
581,-787
582,-788
583,-789
584,-790
585,-790
586,-790
587,-791
588,-792
589,-793
590,-793
591,-793
592,-794
592,-795
593,-795
594,-796
595,-797
596,-797
597,-798
598,-799
599,-799
600,-799
601,-800
602,-801
603,-801
604,-802
604,-803
605,-804
606,-805
607,-806
608,-806
609,-806
610,-807
611,-808
612,-808
613,-809
614,-809
615,-809
616,-810
616,-811
617,-811
618,-812
619,-813
620,-813
621,-813
622,-814
623,-815
623,-816
624,-816
625,-816
626,-816
627,-817
628,-818
629,-818
630,-819
631,-819
632,-819
633,-820
634,-821
635,-821
636,-821
637,-822
638,-822
639,-823
640,-823
641,-824
642,-825
643,-825
644,-826
645,-826
646,-826
647,-826
648,-826
649,-827
650,-827
651,-828
652,-828
653,-829
654,-829
655,-830
656,-830
657,-830
658,-831
659,-831
660,-832
661,-832
662,-832
663,-832
664,-833
665,-833
666,-833
667,-834
668,-834
669,-835
670,-835
671,-835
672,-836
673,-836
674,-836
675,-837
676,-837
677,-837
678,-838
679,-838
680,-838
681,-838
682,-839
683,-839
684,-840
685,-840
686,-840
687,-841
688,-841
689,-841
690,-842
691,-842
692,-842
693,-842
694,-843
695,-843
696,-843
697,-844
698,-844
699,-845
700,-845
701,-845
702,-845
703,-845
704,-845
705,-845
706,-846
707,-846
708,-846
709,-846
710,-847
710,-848
711,-848
712,-848
713,-848
714,-848
715,-849
716,-849
717,-849
718,-849
719,-849
720,-849
721,-849
722,-849
723,-849
724,-849
725,-850
725,-851
725,-852
725,-853
726,-853
727,-853
728,-854
729,-854
730,-854
731,-854
732,-854
733,-855
734,-855
735,-855
736,-856
737,-856
738,-856
739,-857
740,-857
741,-857
742,-857
743,-857
744,-857
745,-857
746,-857
747,-857
748,-857
749,-858
750,-859
751,-859
752,-859
753,-859
754,-859
755,-859
756,-859
757,-859
758,-859
759,-859
760,-858
761,-858
762,-858
763,-858
764,-858
765,-858
766,-858
767,-858
768,-858
769,-858
770,-858
771,-858
772,-857
773,-857
774,-857
775,-857
776,-856
777,-856
778,-856
779,-856
780,-856
781,-855
782,-855
783,-855
784,-854
785,-854
786,-853
787,-853
788,-852
789,-851
790,-851
791,-851
792,-850
793,-850
794,-850
795,-849
796,-849
797,-849
798,-849
799,-848
800,-848
801,-847
802,-847
803,-847
804,-847
805,-846
806,-846
807,-845
808,-845
809,-845
810,-845
811,-844
812,-844
813,-844
814,-843
815,-843
816,-843
817,-842
818,-842
819,-842
820,-842
821,-841
822,-841
823,-841
824,-840
825,-840
826,-840
827,-840
828,-839
829,-839
830,-839
831,-838
832,-838
833,-838
834,-837
835,-837
836,-837
837,-836
838,-836
839,-836
840,-835
841,-835
842,-835
843,-835
844,-835
845,-834
846,-834
847,-834
848,-834
849,-834
850,-833
851,-833
852,-833
853,-833
854,-833
855,-833
856,-833
857,-833
858,-832
859,-832
860,-832
861,-832
862,-832
863,-832
864,-832
865,-832
866,-832
867,-831
868,-831
869,-831
870,-830
871,-829
872,-829
873,-828
874,-828
875,-828
876,-828
877,-828
878,-827
879,-826
880,-826
881,-826
882,-825
883,-825
884,-825
885,-825
886,-824
887,-824
888,-824
889,-824
890,-824
891,-824
892,-824
893,-824
894,-824
895,-824
896,-823
897,-823
898,-823
899,-823
900,-823
901,-823
902,-823
903,-823
904,-823
905,-823
906,-823
907,-823
908,-823
909,-823
910,-823
911,-823
912,-823
913,-823
914,-823
915,-823
916,-823
917,-823
918,-823
919,-823
920,-823
921,-823
922,-823
923,-823
924,-824
925,-824
926,-824
927,-824
928,-824
929,-824
930,-824
931,-824
932,-824
933,-824
934,-824
935,-824
936,-825
937,-825
938,-825
939,-825
940,-825
941,-825
942,-825
943,-826
944,-826
945,-826
946,-826
947,-826
948,-827
949,-827
950,-827
951,-827
952,-827
953,-827
954,-828
955,-828
956,-828
957,-828
958,-828
959,-828
960,-829
961,-829
962,-829
963,-829
964,-829
965,-829
966,-830
967,-830
968,-830
969,-830
970,-831
971,-831
972,-831
973,-832
974,-832
975,-832
976,-832
977,-832
978,-833
979,-833
980,-834
981,-834
982,-834
983,-835
984,-835
985,-836
986,-836
987,-836
988,-836
989,-837
990,-838
991,-838
992,-839
993,-840
994,-840
995,-840
996,-840
997,-840
998,-840
999,-840
1000,-840
1001,-840
1002,-841
1002,-842
1003,-842
1004,-842
1005,-842
1006,-842
1007,-842
1008,-842
1009,-842
1010,-842
1011,-842
1011,-841
1012,-840
1013,-840
1014,-839
1015,-839
1015,-838
1015,-837
1016,-836
1016,-835
1017,-834
1018,-834
1018,-833
1018,-832
1018,-831
1018,-830
1019,-829
1019,-828
1019,-827
1019,-826
1019,-825
1019,-824
1019,-823
1019,-822
1020,-821
1021,-820
1022,-819
1022,-818
1022,-817
1022,-816
1022,-815
1022,-814
1022,-813
1022,-812
1022,-811
1022,-810
1021,-809
1020,-809
1019,-808
1018,-808
1017,-808
1016,-808
1015,-807
1014,-807
1013,-807
1012,-806
1011,-806
1010,-806
1009,-806
1008,-806
1007,-806
1006,-805
1005,-804
1004,-804
1003,-804
1002,-804
1001,-803
1000,-803
999,-802
998,-802
997,-802
996,-801
995,-801
994,-801
993,-800
992,-800
991,-800
990,-800
989,-800
988,-800
987,-800
986,-799
986,-798
985,-797
984,-797
983,-797
982,-796
981,-796
980,-796
979,-795
978,-795
977,-795
976,-794
975,-794
974,-793
973,-793
972,-792
971,-792
970,-792
969,-792
968,-791
967,-791
966,-791
965,-791
964,-790
963,-790
962,-790
961,-789
960,-789
959,-789
958,-788
957,-788
956,-788
955,-787
954,-787
953,-787
952,-786
951,-786
950,-786
949,-785
948,-785
947,-785
946,-784
945,-784
944,-783
943,-783
942,-783
941,-782
940,-782
939,-782
938,-781
937,-781
936,-781
935,-781
934,-780
933,-779
932,-779
931,-779
930,-779
929,-778
928,-777
927,-777
926,-777
925,-776
924,-776
923,-776
922,-776
921,-775
920,-775
919,-774
918,-773
917,-772
916,-772
915,-771
914,-771
913,-770
912,-769
911,-768
910,-768
909,-767
908,-767
907,-766
906,-765
905,-765
904,-764
903,-764
902,-763
901,-762
900,-761
899,-761
898,-760
897,-759
896,-759
895,-758
894,-757
893,-757
892,-756
891,-755
890,-754
889,-753
888,-752
887,-751
886,-750
885,-749
885,-748
884,-747
883,-746
882,-745
882,-744
881,-743
880,-742
879,-741
878,-740
878,-739
877,-738
876,-737
876,-736
875,-736
874,-735
874,-734
873,-733
872,-732
872,-731
871,-730
870,-729
869,-728
869,-727
868,-726
867,-725
866,-724
866,-723
865,-722
864,-721
863,-720
862,-719
861,-718
861,-717
860,-717
859,-716
858,-715
858,-714
857,-713
856,-713
855,-712
854,-711
854,-710
853,-709
852,-709
851,-708
850,-707
849,-706
848,-705
847,-704
846,-703
845,-702
844,-701
843,-701
842,-700
842,-699
841,-699
840,-698
839,-697
838,-696
837,-695
836,-695
835,-694
834,-693
833,-692
832,-692
831,-691
830,-690
829,-690
828,-689
827,-689
826,-688
825,-688
824,-687
823,-687
822,-686
821,-685
820,-685
819,-684
818,-684
817,-683
816,-683
815,-682
814,-681
813,-681
812,-681
811,-680
810,-680
809,-679
808,-679
807,-678
806,-678
805,-677
804,-677
803,-677
802,-676
801,-676
800,-675
799,-674
798,-674
797,-673
796,-673
795,-673
794,-672
793,-672
792,-671
791,-670
790,-670
789,-669
788,-669
787,-668
786,-668
785,-668
784,-667
783,-666
782,-666
781,-665
780,-665
779,-664
778,-664
777,-664
776,-664
775,-663
774,-662
773,-662
772,-661
771,-661
770,-661
769,-661
768,-661
767,-660
766,-660
765,-660
764,-659
763,-659
762,-659
761,-658
760,-658
759,-657
758,-657
757,-657
756,-657
755,-657
754,-657
753,-656
752,-655
751,-655
750,-655
749,-655
748,-655
747,-654
746,-654
745,-653
744,-653
743,-653
742,-653
741,-653
740,-653
739,-653
738,-652
737,-652
736,-652
735,-651
734,-650
733,-650
732,-650
731,-650
730,-649
729,-649
728,-649
727,-649
726,-649
725,-649
724,-648
723,-648
722,-648
721,-648
720,-648
719,-647
718,-647
717,-647
716,-647
715,-647
714,-647
713,-647
712,-647
711,-647
710,-647
709,-647
708,-647
707,-647
706,-647
705,-646
704,-646
703,-646
702,-646
701,-646
700,-646
699,-645
698,-645
697,-645
696,-645
695,-645
694,-645
693,-644
692,-644
691,-644
690,-644
689,-644
688,-643
687,-643
686,-643
685,-643
684,-643
683,-643
682,-643
681,-643
680,-643
679,-643
678,-642
677,-642
676,-642
675,-642
674,-642
673,-642
672,-642
671,-642
670,-642
669,-642
668,-642
667,-642
666,-642
665,-642
664,-642
663,-642
662,-642
661,-642
660,-642
659,-642
658,-642
657,-642
656,-642
655,-642
654,-642
653,-642
652,-643
651,-643
650,-643
649,-643
648,-643
647,-643
646,-643
645,-643
644,-643
643,-643
642,-643
641,-643
640,-643
639,-643
638,-643
637,-643
636,-643
635,-643
634,-643
633,-643
632,-643
631,-643
630,-643
629,-643
628,-643
627,-643
626,-643
625,-643
624,-643
623,-643
622,-643
621,-643
620,-644
619,-644
618,-644
617,-644
616,-644
615,-644
614,-644
613,-644
612,-644
611,-644
610,-644
609,-644
608,-645
607,-645
606,-645
605,-645
604,-645
603,-646
602,-646
601,-646
600,-646
599,-646
598,-646
597,-646
596,-647
595,-647
594,-647
593,-647
592,-648
591,-648
590,-648
589,-648
588,-648
587,-648
586,-649
585,-649
584,-649
583,-649
582,-649
581,-649
580,-649
579,-649
578,-650
577,-650
576,-650
575,-650
574,-651
573,-651
572,-651
571,-651
570,-652
569,-652
568,-652
567,-652
566,-653
565,-653
564,-653
563,-653
562,-653
561,-654
560,-654
559,-654
558,-654
557,-655
556,-655
555,-655
554,-655
553,-656
552,-656
551,-656
550,-656
549,-657
548,-657
547,-657
546,-657
545,-658
544,-658
543,-658
542,-658
541,-658
540,-659
539,-659
538,-659
537,-660
536,-660
535,-660
534,-660
533,-661
532,-661
531,-661
530,-661
529,-661
528,-661
527,-662
526,-662
525,-662
524,-662
523,-663
522,-663
521,-663
520,-664
519,-664
518,-665
517,-665
516,-665
515,-666
514,-666
513,-666
512,-667
511,-667
510,-667
509,-668
508,-668
507,-669
506,-669
505,-669
504,-670
503,-670
502,-671
501,-671
500,-671
499,-672
498,-672
497,-673
496,-673
495,-673
494,-674
493,-674
492,-675
491,-675
490,-676
489,-676
488,-676
487,-677
486,-677
485,-678
484,-679
483,-680
482,-681
481,-682
480,-683
480,-684
479,-685
