390,-738
390,-739
390,-740
390,-741
390,-742
391,-743
391,-744
391,-745
391,-746
391,-747
392,-747
393,-748
393,-749
393,-750
394,-751
395,-752
395,-753
396,-753
397,-754
397,-755
397,-756
398,-756
399,-756
400,-757
401,-758
402,-758
403,-759
404,-760
405,-760
406,-761
407,-762
408,-763
409,-763
410,-763
411,-764
412,-764
413,-764
414,-764
415,-765
416,-766
417,-766
418,-767
418,-768
419,-768
420,-768
421,-769
422,-769
423,-770
423,-771
424,-771
425,-772
426,-772
427,-773
428,-773
429,-774
430,-774
431,-775
432,-776
433,-776
434,-777
435,-777
436,-778
437,-778
438,-779
439,-779
440,-780
441,-780
442,-781
443,-781
444,-781
445,-782
445,-783
446,-783
447,-784
448,-784
449,-785
450,-785
451,-786
452,-787
453,-787
454,-788
455,-789
456,-790
457,-791
458,-792
459,-792
460,-793
461,-793
462,-794
462,-795
463,-795
464,-796
465,-797
466,-798
467,-798
468,-799
469,-800
470,-801
471,-801
472,-802
473,-803
474,-804
474,-805
475,-805
476,-805
477,-806
477,-807
478,-808
479,-808
480,-809
480,-810
481,-810
482,-811
483,-812
484,-813
485,-813
486,-814
487,-815
488,-816
489,-816
490,-817
491,-818
491,-819
492,-819
493,-819
494,-820
495,-821
496,-822
497,-822
498,-822
499,-823
499,-824
500,-824
501,-825
502,-826
503,-827
504,-827
505,-827
506,-828
507,-829
508,-829
509,-830
510,-831
511,-831
512,-832
512,-833
513,-833
514,-833
515,-834
516,-835
517,-836
518,-836
519,-836
520,-837
521,-837
522,-838
523,-839
524,-840
525,-840
526,-841
527,-842
528,-842
529,-843
530,-843
531,-843
532,-844
532,-845
532,-846
533,-847
534,-848
535,-849
536,-849
537,-849
538,-849
539,-849
540,-850
540,-851
541,-852
542,-853
543,-854
544,-854
545,-854
546,-854
547,-854
548,-854
549,-854
550,-855
550,-856
551,-856
552,-856
553,-857
553,-858
554,-858
555,-858
556,-858
557,-858
558,-858
559,-859
559,-860
560,-860
561,-860
562,-860
563,-860
564,-861
564,-862
564,-863
564,-864
565,-864
566,-864
567,-865
568,-865
569,-866
570,-866
571,-866
572,-866
573,-866
574,-866
575,-867
576,-868
577,-868
578,-868
579,-868
580,-868
581,-868
582,-869
583,-870
584,-870
585,-870
586,-870
587,-870
588,-870
589,-870
590,-871
590,-872
591,-872
592,-872
593,-873
594,-874
595,-874
596,-874
597,-874
598,-874
599,-874
600,-875
601,-875
602,-875
603,-875
604,-876
605,-876
606,-876
607,-877
608,-878
609,-878
610,-879
611,-879
612,-879
613,-880
614,-880
615,-880
616,-881
617,-881
618,-882
619,-883
620,-883
621,-883
622,-883
623,-884
623,-885
624,-885
625,-885
626,-885
627,-886
628,-886
629,-886
630,-886
631,-886
632,-886
633,-886
634,-887
634,-888
635,-888
636,-888
637,-888
638,-888
639,-889
639,-890
639,-891
640,-891
641,-891
642,-891
643,-891
644,-891
645,-891
646,-891
647,-892
648,-893
649,-893
650,-893
651,-894
652,-894
653,-894
654,-894
655,-895
656,-896
657,-897
658,-897
659,-897
660,-897
661,-897
662,-897
663,-897
664,-897
665,-897
666,-898
667,-899
668,-899
669,-899
670,-899
671,-899
672,-900
673,-900
674,-900
675,-900
676,-900
677,-900
678,-900
679,-899
680,-899
681,-899
682,-898
683,-897
684,-896
684,-895
685,-894
686,-893
687,-893
688,-893
689,-893
690,-893
691,-894
691,-895
691,-896
691,-897
691,-898
692,-898
693,-898
694,-898
695,-898
696,-898
697,-898
698,-898
699,-898
700,-898
701,-898
702,-898
703,-897
704,-897
705,-897
706,-896
707,-896
708,-896
709,-896
710,-896
711,-896
712,-896
713,-896
714,-896
715,-896
716,-895
717,-895
718,-895
719,-895
720,-895
721,-895
722,-895
723,-895
724,-895
725,-894
726,-894
727,-893
728,-893
729,-893
730,-893
731,-893
732,-893
733,-893
734,-892
735,-892
736,-892
737,-892
738,-891
739,-891
740,-891
741,-891
742,-891
743,-891
744,-890
745,-890
746,-890
747,-890
748,-889
749,-889
750,-889
751,-889
752,-889
753,-889
754,-889
755,-888
756,-888
757,-887
758,-887
759,-887
760,-887
761,-887
762,-887
763,-887
764,-886
764,-885
765,-884
766,-884
767,-884
768,-884
769,-884
770,-884
771,-884
772,-883
773,-883
774,-882
775,-882
776,-882
777,-881
778,-881
779,-881
780,-881
781,-881
782,-881
783,-881
784,-881
785,-881
786,-881
787,-881
788,-880
788,-879
789,-878
790,-877
791,-877
792,-876
793,-876
794,-876
795,-876
796,-876
797,-875
798,-875
799,-875
800,-874
801,-874
802,-874
802,-873
803,-872
804,-872
805,-872
806,-871
807,-871
808,-871
809,-871
810,-871
811,-871
812,-870
813,-870
813,-869
814,-868
815,-868
816,-868
816,-867
817,-866
818,-866
819,-865
820,-865
821,-865
822,-864
823,-863
824,-863
825,-863
826,-862
827,-862
828,-861
829,-860
830,-860
831,-860
832,-860
833,-860
833,-859
834,-858
835,-858
836,-857
837,-856
838,-856
839,-856
839,-855
840,-854
841,-854
842,-854
843,-854
843,-853
844,-852
845,-852
846,-852
847,-851
848,-851
849,-850
850,-849
851,-849
852,-849
853,-848
854,-847
855,-847
856,-846
857,-846
858,-845
859,-845
860,-844
861,-844
862,-843
863,-842
864,-842
865,-841
866,-840
867,-840
868,-839
869,-839
869,-838
870,-837
871,-837
872,-837
873,-837
874,-836
875,-835
876,-834
877,-834
878,-833
879,-832
880,-831
881,-831
882,-830
883,-829
884,-829
885,-829
886,-828
887,-827
888,-826
889,-826
889,-825
890,-824
891,-824
892,-823
893,-823
893,-822
894,-821
895,-821
896,-820
897,-819
898,-818
898,-817
899,-816
899,-815
899,-814
900,-813
901,-813
902,-812
903,-812
904,-812
905,-811
906,-810
907,-810
908,-809
908,-808
909,-807
910,-806
911,-805
912,-804
913,-804
914,-803
915,-802
916,-801
917,-800
918,-799
919,-799
920,-798
920,-797
921,-796
922,-796
922,-795
923,-794
924,-794
925,-793
926,-793
927,-792
928,-792
929,-792
930,-792
931,-791
932,-791
933,-791
934,-791
935,-791
936,-791
936,-790
936,-789
937,-788
938,-788
939,-787
939,-786
940,-785
941,-785
942,-784
943,-783
943,-782
944,-781
945,-780
946,-780
946,-779
946,-778
947,-777
948,-777
948,-776
949,-775
949,-774
950,-773
951,-773
951,-772
952,-771
953,-771
953,-770
954,-769
955,-769
956,-768
957,-768
958,-767
959,-766
960,-766
961,-765
962,-765
963,-765
964,-764
965,-764
966,-764
967,-764
968,-763
969,-763
970,-763
971,-763
972,-763
973,-762
974,-762
975,-762
976,-762
977,-762
978,-761
979,-761
980,-761
981,-761
982,-761
983,-761
984,-761
985,-761
986,-761
987,-761
988,-761
989,-760
990,-760
991,-760
992,-760
993,-760
994,-760
995,-760
996,-760
997,-760
998,-760
999,-760
1000,-760
1001,-760
1002,-759
1003,-759
1004,-759
1005,-759
1006,-759
1007,-759
1008,-759
1009,-759
1010,-759
1011,-759
1012,-758
1013,-758
1014,-758
1015,-758
1016,-758
1017,-758
1018,-758
1019,-758
1020,-757
1021,-757
1022,-757
1023,-757
1024,-756
1025,-756
1026,-756
1027,-756
1028,-756
1029,-756
1030,-755
1031,-755
1032,-755
1033,-755
1034,-755
1035,-754
1036,-754
1037,-754
1038,-754
1039,-754
1040,-754
1041,-754
1042,-754
1043,-753
1044,-753
1045,-753
1046,-753
1047,-753
1048,-753
1049,-753
1050,-753
1051,-753
1052,-752
1053,-752
1054,-752
1055,-752
1056,-751
1057,-751
1058,-751
1059,-751
1060,-751
1061,-751
1062,-751
1063,-750
1064,-750
1065,-750
1066,-750
1067,-750
1068,-750
1069,-750
1070,-749
1071,-749
1072,-749
1073,-749
1074,-749
1075,-749
1076,-749
1077,-749
1078,-749
1079,-749
1080,-749
1081,-748
1082,-748
1083,-748
1084,-748
1085,-748
1086,-748
1087,-748
1088,-747
1089,-747
1090,-747
1091,-747
1092,-747
1093,-747
1094,-747
1095,-747
1096,-747
1097,-747
1098,-747
1099,-747
1100,-747
1101,-747
1102,-747
1103,-746
1104,-746
1105,-746
1106,-746
1107,-746
1108,-745
1108,-744
1108,-743
1108,-742
1108,-741
1108,-740
1108,-739
1109,-738
1109,-737
1109,-736
1109,-735
1109,-734
1109,-733
1109,-732
1109,-731
1109,-730
1109,-729
1110,-728
1110,-727
1110,-726
1111,-725
1111,-724
1111,-723
1111,-722
1111,-721
1111,-720
1111,-719
1111,-718
1111,-717
1110,-716
1110,-715
1110,-714
1110,-713
1110,-712
1110,-711
1110,-710
1110,-709
1110,-708
1110,-707
1110,-706
1110,-705
1110,-704
1110,-703
1110,-702
1109,-701
1109,-700
1109,-699
1109,-698
1109,-697
1109,-696
1109,-695
1110,-694
1110,-693
1110,-692
1110,-691
1110,-690
1110,-689
1110,-688
1110,-687
1110,-686
1110,-685
1110,-684
1110,-683
1110,-682
1110,-681
1109,-680
1109,-679
1109,-678
1109,-677
1109,-676
1108,-675
1108,-674
1107,-673
1107,-672
1106,-672
1105,-672
1104,-672
1103,-672
1102,-672
1101,-672
1100,-672
1099,-673
1098,-673
1097,-673
1096,-674
1095,-674
1094,-674
1093,-675
1092,-675
1091,-675
1091,-676
1090,-677
1089,-677
1088,-677
1087,-677
1086,-677
1085,-677
1084,-677
1083,-677
1082,-677
1081,-678
1080,-678
1079,-678
1078,-678
1077,-678
1076,-679
1075,-680
1074,-680
1073,-680
1072,-680
1071,-680
1070,-681
1069,-681
1068,-681
1067,-681
1066,-681
1065,-682
1064,-682
1063,-683
1062,-684
1061,-684
1060,-684
1059,-685
1058,-685
1057,-685
1056,-686
1055,-686
1054,-686
1053,-686
1052,-686
1051,-686
1050,-686
1049,-686
1048,-686
1047,-686
1046,-686
1045,-686
1044,-687
1043,-687
1042,-687
1041,-687
1040,-688
1039,-688
1038,-688
1037,-688
1036,-688
1035,-689
1034,-689
1033,-689
1032,-689
1031,-689
1030,-689
1029,-689
1028,-690
1027,-690
1026,-690
1025,-690
1024,-690
1023,-690
1022,-690
1021,-690
1020,-691
1019,-691
1018,-691
1017,-691
1016,-691
1015,-691
1014,-691
1013,-692
1012,-692
1011,-692
1010,-692
1009,-692
1008,-692
1007,-692
1006,-692
1005,-692
1004,-692
1003,-693
1002,-693
1001,-693
1000,-693
999,-693
998,-693
997,-693
996,-693
995,-693
994,-692
993,-692
992,-692
991,-692
990,-692
989,-692
988,-692
987,-692
986,-692
985,-692
984,-692
983,-692
982,-692
981,-692
980,-692
979,-692
978,-692
977,-692
976,-692
975,-692
974,-692
973,-692
972,-692
971,-692
970,-692
969,-691
968,-691
967,-691
966,-691
965,-691
964,-691
963,-691
962,-691
961,-691
960,-691
959,-691
958,-691
957,-691
956,-691
955,-691
954,-691
953,-691
952,-691
951,-691
950,-691
949,-691
948,-691
947,-691
946,-691
945,-690
944,-690
943,-690
942,-690
941,-689
940,-689
939,-689
938,-689
937,-689
936,-688
935,-688
934,-688
933,-688
932,-688
931,-688
930,-688
929,-688
928,-688
927,-688
926,-687
925,-686
924,-686
923,-685
923,-684
922,-684
921,-683
920,-683
919,-682
918,-681
918,-680
917,-680
916,-680
915,-679
915,-678
914,-678
913,-677
912,-676
911,-675
910,-674
910,-673
909,-673
908,-672
907,-671
906,-671
905,-670
904,-669
903,-668
902,-667
901,-666
900,-665
899,-664
898,-664
897,-663
896,-663
895,-662
895,-661
894,-660
893,-660
892,-660
891,-659
890,-658
889,-657
888,-657
887,-656
886,-655
885,-655
884,-654
883,-653
882,-652
881,-652
880,-651
879,-650
878,-649
877,-648
876,-648
875,-647
874,-646
873,-645
872,-645
871,-644
870,-644
869,-643
868,-643
867,-643
866,-642
865,-641
864,-641
863,-640
862,-640
861,-639
860,-639
859,-638
858,-637
857,-637
856,-636
855,-636
854,-635
853,-635
852,-635
851,-634
850,-633
849,-633
848,-633
847,-632
846,-631
845,-631
844,-631
843,-631
842,-631
841,-631
840,-630
840,-629
839,-628
838,-628
837,-627
836,-627
835,-627
834,-627
833,-626
832,-626
831,-626
830,-625
829,-625
828,-624
827,-624
826,-624
825,-623
824,-623
823,-622
823,-621
822,-620
821,-620
820,-620
819,-620
818,-620
817,-619
816,-619
815,-619
814,-618
814,-617
813,-617
812,-617
811,-617
810,-617
809,-616
808,-616
807,-615
806,-615
805,-615
804,-615
803,-614
802,-614
801,-614
800,-614
799,-613
798,-613
797,-612
796,-612
795,-612
794,-612
793,-611
792,-611
791,-611
790,-611
789,-611
788,-611
787,-610
786,-610
785,-610
784,-610
783,-610
782,-609
781,-609
780,-609
779,-609
778,-609
777,-608
776,-608
775,-608
774,-608
773,-608
772,-608
771,-607
770,-607
769,-607
768,-607
767,-607
766,-607
765,-607
764,-607
763,-607
762,-607
761,-607
760,-606
759,-605
758,-605
757,-605
756,-605
755,-604
754,-604
753,-604
752,-604
751,-604
750,-604
749,-604
748,-604
747,-604
746,-604
745,-604
744,-604
743,-604
742,-604
741,-604
740,-604
739,-603
738,-603
737,-603
736,-603
735,-603
734,-603
733,-603
732,-603
731,-602
730,-602
729,-602
728,-602
727,-602
726,-602
725,-602
724,-602
723,-602
722,-602
721,-602
720,-601
719,-601
718,-601
717,-601
716,-601
715,-601
714,-601
713,-601
712,-601
711,-601
710,-601
709,-601
708,-601
707,-601
706,-601
705,-601
704,-601
703,-601
702,-601
701,-601
700,-601
699,-601
698,-601
697,-601
696,-601
695,-601
694,-601
693,-601
692,-601
691,-601
690,-601
689,-601
688,-601
687,-601
686,-601
685,-601
684,-601
683,-602
682,-602
681,-602
680,-602
679,-602
678,-602
677,-602
676,-602
675,-602
674,-602
673,-602
672,-602
671,-602
670,-602
669,-602
668,-602
667,-602
666,-602
665,-602
664,-602
663,-602
662,-602
661,-603
660,-603
659,-603
658,-603
657,-603
656,-603
655,-603
654,-603
653,-603
652,-604
651,-604
650,-604
649,-604
648,-604
647,-604
646,-604
645,-604
644,-604
643,-604
642,-604
641,-605
640,-605
639,-605
638,-605
637,-606
636,-606
635,-607
634,-607
633,-607
632,-607
631,-607
630,-608
629,-608
628,-608
627,-608
626,-608
625,-609
624,-609
623,-610
622,-610
621,-610
620,-610
619,-611
618,-611
617,-611
616,-611
615,-612
614,-612
613,-612
612,-612
611,-613
610,-613
609,-613
608,-613
607,-614
606,-614
605,-615
604,-615
603,-615
602,-616
601,-616
600,-616
599,-617
598,-617
597,-617
596,-618
595,-618
594,-618
593,-618
592,-619
591,-619
590,-620
589,-620
588,-620
587,-620
586,-620
585,-621
584,-621
583,-622
582,-622
581,-623
580,-623
579,-623
578,-623
577,-624
576,-624
575,-624
574,-625
573,-625
572,-626
571,-626
570,-626
569,-627
568,-627
567,-627
566,-628
565,-628
564,-629
563,-630
562,-630
561,-630
560,-631
559,-631
558,-632
557,-632
556,-632
555,-633
554,-633
553,-633
552,-634
551,-635
550,-635
549,-636
548,-636
547,-636
546,-636
545,-637
544,-638
543,-638
542,-639
541,-639
540,-639
539,-640
538,-640
537,-640
536,-641
535,-642
534,-642
533,-643
532,-643
531,-644
530,-645
529,-645
528,-646
527,-647
526,-647
525,-648
524,-648
523,-649
522,-649
521,-650
520,-651
519,-651
518,-652
517,-652
516,-653
515,-654
514,-655
513,-655
512,-656
511,-656
510,-657
509,-658
508,-659
507,-659
506,-660
505,-660
505,-661
504,-662
503,-663
502,-663
501,-663
500,-664
499,-665
498,-666
497,-667
496,-667
495,-668
494,-668
493,-669
492,-670
491,-671
490,-671
489,-672
488,-672
487,-673
486,-674
485,-675
484,-675
483,-676
482,-677
481,-678
480,-678
479,-679
478,-680
477,-680
476,-681
475,-682
474,-682
473,-683
472,-684
471,-684
470,-685
469,-686
468,-687
467,-688
466,-688
465,-689
464,-690
463,-690
462,-691
461,-692
460,-692
459,-693
458,-694
457,-695
456,-696
455,-696
454,-696
454,-697
453,-698
452,-698
451,-699
450,-699
449,-700
448,-701
447,-701
446,-702
445,-703
444,-704
443,-704
442,-704
441,-705
440,-706
439,-707
438,-707
437,-707
436,-708
435,-709
434,-709
433,-710
432,-711
431,-711
430,-712
429,-712
428,-713
427,-713
426,-714
425,-714
424,-715
423,-716
422,-716
421,-717
420,-717
419,-718
418,-719
417,-720
416,-720
415,-721
414,-721
413,-722
412,-722
411,-723
410,-724
409,-724
408,-725
407,-726
406,-727
405,-727
404,-728
403,-729
402,-729
401,-730
400,-730
399,-731
398,-731
397,-732
396,-733
395,-733
394,-734
393,-735
392,-736
391,-736
391,-737
390,-738
