509,-517
509,-518
509,-519
509,-520
509,-521
509,-522
509,-523
509,-524
509,-525
509,-526
509,-527
509,-528
509,-529
509,-530
509,-531
509,-532
509,-533
509,-534
509,-535
509,-536
509,-537
509,-538
509,-539
509,-540
509,-541
509,-542
509,-543
509,-544
509,-545
509,-546
509,-547
509,-548
509,-549
509,-550
509,-551
509,-552
509,-553
510,-554
510,-555
510,-556
510,-557
510,-558
510,-559
510,-560
510,-561
510,-562
510,-563
510,-564
511,-565
511,-566
511,-567
511,-568
511,-569
511,-570
511,-571
511,-572
511,-573
511,-574
511,-575
511,-576
511,-577
512,-578
512,-579
512,-580
512,-581
513,-582
513,-583
513,-584
513,-585
513,-586
514,-587
514,-588
514,-589
514,-590
514,-591
514,-592
514,-593
514,-594
515,-595
515,-596
515,-597
515,-598
515,-599
515,-600
515,-601
515,-602
516,-603
516,-604
516,-605
517,-606
517,-607
517,-608
517,-609
517,-610
517,-611
518,-612
518,-613
518,-614
518,-615
518,-616
519,-617
519,-618
519,-619
519,-620
520,-621
520,-622
520,-623
520,-624
521,-625
521,-626
522,-627
522,-628
522,-629
522,-630
522,-631
523,-632
523,-633
523,-634
523,-635
524,-636
524,-637
525,-638
525,-639
525,-640
525,-641
526,-642
526,-643
526,-644
527,-645
527,-646
527,-647
528,-648
528,-649
529,-650
529,-651
529,-652
530,-653
530,-654
530,-655
530,-656
531,-657
531,-658
531,-659
531,-660
532,-661
533,-662
533,-663
533,-664
534,-665
534,-666
534,-667
535,-668
535,-669
535,-670
536,-671
536,-672
536,-673
537,-674
537,-675
537,-676
538,-677
538,-678
539,-679
539,-680
540,-681
540,-682
540,-683
541,-684
541,-685
542,-686
542,-687
542,-688
543,-689
543,-690
544,-691
544,-692
545,-693
545,-694
546,-695
546,-696
547,-697
547,-698
548,-699
548,-700
549,-701
549,-702
550,-703
550,-704
551,-705
551,-706
552,-707
553,-708
553,-709
554,-710
554,-711
554,-712
555,-713
556,-714
557,-715
557,-716
558,-717
558,-718
559,-719
559,-720
560,-721
561,-722
561,-723
561,-724
562,-724
563,-725
563,-726
563,-727
564,-728
565,-729
566,-730
567,-731
567,-732
567,-733
568,-734
569,-735
569,-736
570,-737
571,-738
572,-739
572,-740
573,-741
574,-742
575,-743
575,-744
576,-745
577,-746
577,-747
578,-748
578,-749
579,-750
580,-751
581,-752
582,-753
582,-754
582,-755
583,-756
584,-757
584,-758
585,-759
586,-759
587,-759
588,-760
588,-761
589,-762
589,-763
590,-764
590,-765
591,-766
591,-767
592,-768
593,-769
594,-770
594,-771
595,-772
596,-773
596,-774
597,-775
598,-776
599,-777
599,-778
600,-779
601,-779
602,-779
603,-779
604,-780
604,-781
604,-782
605,-783
605,-784
605,-785
606,-786
606,-787
607,-787
608,-787
609,-788
609,-789
609,-790
610,-791
611,-792
611,-793
612,-793
613,-794
613,-795
613,-796
614,-796
615,-797
615,-798
615,-799
616,-800
617,-800
618,-801
618,-802
619,-803
619,-804
620,-804
621,-805
622,-806
622,-807
623,-808
624,-808
625,-809
625,-810
626,-811
627,-812
627,-813
628,-813
629,-814
630,-815
631,-816
632,-816
633,-817
634,-818
635,-818
636,-819
637,-820
638,-821
639,-822
640,-823
641,-823
642,-823
643,-824
643,-825
644,-826
644,-827
645,-827
646,-827
647,-828
648,-829
649,-830
650,-830
651,-831
652,-831
653,-832
653,-833
654,-833
655,-833
656,-834
657,-835
657,-836
658,-836
659,-837
660,-837
661,-838
662,-839
663,-840
664,-840
665,-841
666,-842
667,-842
668,-843
669,-844
670,-844
671,-845
671,-846
672,-846
673,-847
674,-848
675,-849
676,-849
677,-850
678,-851
679,-852
680,-852
681,-853
681,-854
682,-854
683,-855
684,-856
685,-856
686,-857
687,-858
688,-858
689,-859
690,-859
691,-859
692,-859
693,-860
693,-861
693,-862
694,-863
694,-864
695,-864
696,-865
697,-865
698,-865
699,-865
700,-865
701,-866
701,-867
701,-868
701,-869
701,-870
702,-870
703,-871
704,-872
705,-873
706,-874
707,-874
708,-874
709,-874
710,-874
711,-874
712,-874
713,-875
713,-876
713,-877
713,-878
714,-879
715,-880
716,-881
717,-881
718,-881
719,-881
720,-882
721,-882
722,-882
723,-882
724,-882
725,-882
726,-883
726,-884
726,-885
726,-886
726,-887
727,-888
728,-889
729,-889
730,-889
731,-889
732,-889
733,-889
734,-889
735,-889
736,-889
737,-890
737,-891
737,-892
737,-893
738,-894
739,-894
740,-894
741,-894
742,-895
743,-896
743,-897
744,-898
745,-898
746,-899
747,-900
748,-901
748,-902
749,-903
750,-903
751,-903
752,-903
753,-904
754,-904
755,-904
756,-905
756,-906
757,-907
758,-908
758,-909
758,-910
758,-911
758,-912
758,-913
759,-914
760,-915
760,-916
760,-917
760,-918
761,-919
762,-920
762,-921
763,-922
764,-923
764,-924
764,-925
765,-926
766,-927
767,-928
767,-929
767,-930
768,-931
769,-932
769,-933
770,-934
771,-935
772,-936
772,-937
773,-938
773,-939
774,-940
774,-941
775,-941
776,-942
777,-942
778,-943
778,-944
778,-945
778,-946
779,-947
779,-948
780,-948
781,-949
781,-950
781,-951
782,-952
783,-953
783,-954
783,-955
783,-956
784,-956
785,-957
786,-958
786,-959
787,-960
788,-961
789,-962
790,-963
790,-964
790,-965
791,-966
792,-967
793,-968
793,-969
793,-970
794,-970
795,-970
796,-970
797,-971
797,-972
797,-973
797,-974
797,-975
798,-975
799,-976
799,-977
799,-978
800,-979
801,-980
802,-981
803,-982
804,-983
805,-984
806,-985
807,-986
807,-987
807,-988
808,-989
809,-990
809,-991
810,-992
811,-993
811,-994
812,-994
813,-995
814,-996
815,-997
815,-998
816,-999
816,-1000
816,-1001
816,-1002
817,-1002
818,-1002
819,-1003
819,-1004
819,-1005
819,-1006
820,-1007
821,-1008
822,-1008
823,-1009
824,-1010
824,-1011
825,-1012
825,-1013
826,-1014
826,-1015
827,-1016
828,-1017
829,-1018
830,-1019
831,-1020
832,-1021
832,-1022
832,-1023
833,-1023
834,-1024
835,-1025
836,-1026
836,-1027
837,-1028
837,-1029
838,-1030
839,-1031
840,-1032
840,-1033
840,-1034
841,-1034
842,-1035
842,-1036
843,-1037
844,-1037
845,-1038
845,-1039
845,-1040
845,-1041
845,-1042
845,-1043
846,-1043
847,-1043
848,-1044
849,-1044
850,-1045
851,-1045
852,-1046
852,-1047
852,-1048
852,-1049
853,-1050
853,-1051
854,-1051
855,-1052
856,-1053
856,-1054
856,-1055
857,-1056
857,-1057
857,-1058
858,-1058
859,-1058
860,-1058
861,-1059
861,-1060
861,-1061
862,-1062
863,-1063
864,-1064
865,-1065
866,-1065
867,-1066
867,-1067
868,-1068
869,-1068
870,-1069
870,-1070
870,-1071
870,-1072
870,-1073
871,-1073
872,-1073
873,-1073
874,-1074
874,-1075
874,-1076
875,-1076
876,-1076
877,-1077
877,-1078
877,-1079
878,-1079
879,-1079
880,-1080
880,-1081
880,-1082
880,-1083
880,-1084
880,-1085
881,-1085
882,-1085
883,-1085
884,-1086
885,-1086
886,-1087
887,-1088
888,-1089
888,-1090
889,-1090
890,-1091
890,-1092
890,-1093
891,-1093
892,-1094
892,-1095
892,-1096
892,-1097
892,-1098
893,-1098
894,-1098
895,-1098
896,-1099
897,-1099
898,-1100
899,-1101
899,-1102
899,-1103
900,-1103
901,-1103
902,-1103
903,-1104
903,-1105
903,-1106
903,-1107
904,-1108
905,-1109
906,-1109
907,-1109
908,-1110
908,-1111
908,-1112
908,-1113
908,-1114
908,-1115
909,-1115
910,-1115
911,-1116
911,-1117
911,-1118
911,-1119
912,-1119
913,-1119
914,-1119
915,-1120
915,-1121
915,-1122
915,-1123
915,-1124
915,-1125
915,-1126
915,-1127
914,-1128
914,-1129
914,-1130
914,-1131
914,-1132
914,-1133
914,-1134
914,-1135
914,-1136
914,-1137
914,-1138
914,-1139
915,-1139
916,-1139
917,-1139
918,-1139
919,-1139
920,-1139
921,-1139
922,-1140
922,-1141
922,-1142
922,-1143
922,-1144
921,-1145
921,-1146
921,-1147
921,-1148
921,-1149
921,-1150
920,-1151
919,-1152
918,-1152
917,-1152
917,-1153
917,-1154
917,-1155
917,-1156
916,-1157
915,-1157
914,-1157
914,-1158
914,-1159
914,-1160
914,-1161
915,-1161
916,-1162
917,-1162
918,-1162
919,-1163
919,-1164
920,-1165
920,-1166
920,-1167
921,-1167
922,-1167
923,-1167
924,-1167
925,-1167
926,-1168
927,-1168
928,-1168
929,-1169
930,-1170
931,-1170
932,-1170
933,-1170
934,-1170
935,-1170
936,-1170
937,-1170
938,-1169
939,-1168
939,-1167
939,-1166
939,-1165
939,-1164
938,-1164
937,-1163
937,-1162
937,-1161
937,-1160
937,-1159
937,-1158
938,-1157
938,-1156
939,-1155
940,-1155
941,-1155
942,-1155
943,-1155
944,-1155
945,-1155
946,-1156
947,-1156
948,-1156
949,-1156
950,-1156
950,-1155
951,-1154
952,-1153
953,-1153
954,-1152
955,-1152
955,-1151
956,-1150
956,-1149
957,-1148
958,-1147
958,-1146
959,-1145
960,-1144
961,-1143
962,-1143
963,-1142
964,-1142
965,-1141
966,-1141
967,-1141
968,-1140
969,-1140
970,-1140
971,-1139
972,-1139
973,-1139
974,-1139
975,-1139
976,-1139
977,-1139
978,-1139
979,-1139
980,-1139
981,-1139
982,-1139
983,-1139
984,-1139
985,-1139
986,-1138
987,-1138
988,-1138
989,-1137
990,-1136
991,-1135
992,-1134
992,-1133
992,-1132
992,-1131
992,-1130
992,-1129
992,-1128
992,-1127
992,-1126
991,-1125
990,-1124
989,-1123
988,-1123
987,-1122
986,-1122
985,-1122
984,-1122
983,-1122
982,-1122
981,-1122
981,-1123
981,-1124
981,-1125
981,-1126
982,-1126
983,-1127
984,-1128
984,-1129
984,-1130
984,-1131
983,-1132
982,-1132
981,-1132
980,-1132
979,-1132
978,-1132
977,-1132
976,-1132
975,-1132
974,-1131
973,-1130
972,-1129
972,-1128
972,-1127
972,-1126
971,-1125
970,-1124
969,-1123
968,-1122
967,-1121
967,-1120
966,-1119
966,-1118
965,-1117
965,-1116
965,-1115
966,-1114
967,-1114
968,-1114
969,-1114
970,-1114
971,-1114
972,-1114
973,-1114
974,-1114
975,-1114
976,-1114
977,-1114
978,-1115
979,-1115
980,-1115
981,-1116
982,-1116
983,-1116
984,-1116
985,-1116
986,-1116
987,-1116
988,-1116
989,-1115
989,-1114
989,-1113
989,-1112
989,-1111
989,-1110
988,-1109
987,-1108
986,-1107
986,-1106
986,-1105
987,-1104
988,-1103
988,-1102
989,-1101
989,-1100
989,-1099
990,-1098
990,-1097
990,-1096
990,-1095
990,-1094
990,-1093
990,-1092
989,-1091
988,-1090
987,-1090
986,-1090
985,-1090
984,-1090
984,-1091
984,-1092
984,-1093
984,-1094
984,-1095
983,-1096
983,-1097
983,-1098
982,-1099
981,-1100
980,-1100
979,-1101
978,-1102
977,-1102
976,-1102
975,-1101
974,-1100
973,-1099
973,-1098
972,-1097
972,-1096
972,-1095
971,-1094
971,-1093
970,-1093
969,-1092
968,-1092
967,-1092
966,-1092
965,-1092
964,-1093
964,-1094
964,-1095
964,-1096
964,-1097
964,-1098
965,-1099
965,-1100
966,-1101
967,-1102
968,-1103
968,-1104
969,-1105
969,-1106
969,-1107
968,-1108
967,-1108
966,-1108
965,-1108
964,-1108
963,-1108
962,-1108
961,-1108
960,-1107
959,-1107
958,-1107
957,-1106
957,-1105
956,-1104
955,-1103
955,-1102
954,-1101
953,-1100
952,-1099
952,-1098
951,-1097
950,-1096
950,-1095
949,-1094
948,-1093
947,-1092
947,-1091
946,-1091
945,-1090
945,-1089
944,-1088
943,-1087
942,-1086
941,-1085
941,-1084
940,-1083
939,-1082
938,-1081
937,-1080
936,-1079
936,-1078
935,-1077
934,-1076
933,-1075
932,-1074
932,-1073
931,-1072
930,-1071
930,-1070
929,-1069
928,-1068
927,-1067
926,-1066
925,-1065
925,-1064
924,-1063
923,-1062
922,-1061
922,-1060
921,-1059
920,-1058
919,-1057
919,-1056
918,-1055
917,-1054
916,-1053
916,-1052
915,-1051
914,-1050
913,-1049
912,-1048
912,-1047
911,-1046
911,-1045
910,-1044
909,-1043
908,-1042
907,-1041
907,-1040
906,-1039
905,-1038
905,-1037
904,-1036
903,-1035
902,-1034
901,-1033
901,-1032
900,-1031
900,-1030
899,-1029
898,-1028
898,-1027
897,-1026
896,-1025
895,-1024
895,-1023
894,-1022
893,-1021
893,-1020
892,-1019
891,-1018
890,-1017
890,-1016
889,-1015
888,-1014
888,-1013
887,-1012
887,-1011
886,-1010
885,-1009
885,-1008
884,-1007
884,-1006
883,-1005
882,-1004
882,-1003
881,-1002
881,-1001
880,-1000
880,-999
879,-998
879,-997
878,-996
878,-995
877,-994
876,-993
876,-992
876,-991
875,-990
874,-989
874,-988
874,-987
873,-986
872,-985
872,-984
871,-983
871,-982
870,-981
870,-980
869,-979
868,-978
868,-977
868,-976
867,-975
866,-974
866,-973
866,-972
865,-971
864,-970
864,-969
863,-968
863,-967
862,-966
861,-965
861,-964
860,-963
860,-962
859,-961
858,-960
858,-959
857,-958
857,-957
856,-956
856,-955
855,-954
855,-953
854,-952
853,-951
853,-950
852,-949
851,-948
851,-947
850,-946
850,-945
849,-944
849,-943
848,-942
848,-941
847,-940
846,-939
846,-938
845,-937
845,-936
844,-935
844,-934
843,-933
842,-932
842,-931
841,-930
841,-929
840,-928
840,-927
839,-926
839,-925
838,-924
838,-923
837,-922
837,-921
836,-920
836,-919
835,-918
835,-917
834,-916
834,-915
833,-914
833,-913
833,-912
832,-912
831,-911
831,-910
831,-909
830,-908
830,-907
829,-906
829,-905
828,-904
828,-903
828,-902
827,-901
827,-900
826,-899
826,-898
825,-897
825,-896
825,-895
824,-894
824,-893
823,-892
823,-891
822,-890
822,-889
822,-888
822,-887
821,-886
821,-885
820,-884
820,-883
819,-882
819,-881
819,-880
819,-879
818,-878
818,-877
818,-876
817,-875
817,-874
817,-873
817,-872
817,-871
816,-870
816,-869
816,-868
816,-867
815,-866
815,-865
815,-864
815,-863
814,-862
814,-861
814,-860
814,-859
813,-858
812,-857
812,-856
812,-855
812,-854
811,-853
811,-852
810,-851
810,-850
810,-849
810,-848
809,-847
809,-846
809,-845
809,-844
809,-843
809,-842
809,-841
809,-840
809,-839
810,-838
810,-837
810,-836
810,-835
811,-834
811,-833
812,-832
812,-831
812,-830
812,-829
812,-828
812,-827
812,-826
812,-825
813,-824
813,-823
813,-822
813,-821
814,-820
814,-819
814,-818
815,-817
816,-816
816,-815
816,-814
816,-813
816,-812
817,-811
818,-810
818,-809
818,-808
818,-807
818,-806
819,-805
819,-804
819,-803
819,-802
820,-801
820,-800
820,-799
821,-798
821,-797
821,-796
822,-795
822,-794
822,-793
822,-792
823,-791
823,-790
824,-789
824,-788
824,-787
825,-786
825,-785
825,-784
825,-783
825,-782
825,-781
825,-780
826,-779
827,-778
827,-777
827,-776
827,-775
828,-774
828,-773
828,-772
828,-771
828,-770
828,-769
828,-768
828,-767
829,-766
830,-766
830,-765
830,-764
831,-763
831,-762
831,-761
831,-760
831,-759
831,-758
831,-757
831,-756
832,-755
832,-754
832,-753
832,-752
832,-751
832,-750
833,-749
833,-748
833,-747
833,-746
833,-745
833,-744
834,-743
834,-742
834,-741
834,-740
834,-739
834,-738
834,-737
834,-736
834,-735
834,-734
834,-733
834,-732
834,-731
834,-730
834,-729
834,-728
834,-727
834,-726
834,-725
834,-724
834,-723
834,-722
834,-721
834,-720
834,-719
834,-718
834,-717
834,-716
833,-715
833,-714
833,-713
833,-712
832,-711
832,-710
832,-709
832,-708
832,-707
832,-706
832,-705
831,-704
831,-703
831,-702
831,-701
831,-700
831,-699
831,-698
831,-697
831,-696
831,-695
831,-694
830,-693
830,-692
830,-691
830,-690
830,-689
830,-688
830,-687
829,-686
829,-685
829,-684
829,-683
829,-682
829,-681
829,-680
828,-679
828,-678
828,-677
828,-676
828,-675
828,-674
828,-673
827,-672
827,-671
827,-670
827,-669
826,-668
826,-667
826,-666
826,-665
826,-664
825,-663
825,-662
825,-661
824,-660
824,-659
824,-658
824,-657
823,-656
823,-655
823,-654
823,-653
823,-652
822,-651
822,-650
822,-649
822,-648
822,-647
821,-646
821,-645
820,-644
820,-643
820,-642
819,-641
819,-640
819,-639
819,-638
819,-637
818,-636
818,-635
818,-634
818,-633
817,-632
816,-631
816,-630
816,-629
815,-628
815,-627
814,-626
814,-625
814,-624
813,-623
813,-622
812,-621
812,-620
812,-619
811,-618
811,-617
811,-616
811,-615
810,-614
810,-613
809,-612
809,-611
808,-610
808,-609
808,-608
807,-607
807,-606
806,-605
806,-604
806,-603
805,-602
805,-601
804,-600
804,-599
804,-598
804,-597
803,-596
802,-595
802,-594
801,-593
801,-592
800,-591
800,-590
800,-589
799,-588
799,-587
798,-586
798,-585
798,-584
797,-583
797,-582
796,-581
796,-580
795,-579
795,-578
794,-577
794,-576
794,-575
793,-574
792,-573
792,-572
791,-571
791,-570
791,-569
790,-568
789,-567
789,-566
788,-565
788,-564
787,-563
787,-562
786,-561
786,-560
785,-559
785,-558
784,-557
784,-556
783,-555
783,-554
782,-553
782,-552
781,-551
780,-550
780,-549
779,-548
778,-547
778,-546
777,-545
776,-544
776,-543
775,-542
775,-541
774,-540
774,-539
773,-538
772,-537
772,-536
771,-535
771,-534
770,-533
769,-532
769,-531
768,-530
767,-529
767,-528
766,-527
765,-526
765,-525
764,-524
763,-523
762,-522
762,-521
761,-520
760,-519
760,-518
759,-517
759,-516
758,-515
757,-514
756,-513
755,-512
754,-511
753,-510
753,-509
752,-508
751,-507
750,-506
749,-505
748,-504
748,-503
747,-502
747,-501
746,-500
745,-500
744,-499
744,-498
743,-497
742,-496
742,-495
741,-494
740,-493
739,-492
738,-491
738,-490
737,-489
736,-488
735,-487
734,-486
733,-485
733,-484
732,-483
731,-482
730,-481
729,-480
728,-479
727,-478
726,-477
726,-476
725,-476
724,-475
723,-474
722,-473
721,-472
720,-471
720,-470
719,-469
718,-468
717,-467
716,-466
716,-465
715,-464
714,-463
713,-462
712,-461
712,-460
711,-460
710,-459
709,-458
708,-457
707,-456
706,-455
705,-454
704,-453
703,-452
702,-451
701,-450
700,-449
699,-448
698,-447
697,-446
696,-446
695,-445
694,-444
693,-443
692,-442
691,-441
690,-441
689,-440
689,-439
688,-438
687,-437
686,-437
685,-436
684,-435
683,-434
682,-433
681,-432
680,-431
679,-430
678,-430
677,-429
676,-428
675,-427
674,-426
673,-425
672,-425
671,-424
670,-423
669,-422
668,-421
667,-421
666,-420
665,-419
664,-418
663,-417
662,-416
661,-416
660,-415
659,-414
658,-413
657,-412
656,-411
655,-411
654,-410
653,-409
652,-408
651,-408
650,-407
649,-406
648,-405
647,-404
646,-403
645,-403
644,-402
643,-401
642,-401
641,-400
640,-399
639,-399
638,-398
637,-397
636,-396
635,-396
634,-395
633,-394
632,-394
631,-393
630,-393
629,-392
628,-392
627,-391
626,-390
625,-390
624,-389
623,-388
622,-387
621,-387
620,-386
619,-385
618,-384
617,-384
616,-384
615,-383
614,-383
613,-382
612,-381
611,-380
610,-380
609,-379
608,-379
607,-378
606,-378
605,-377
604,-376
603,-376
602,-375
601,-374
600,-374
599,-373
598,-372
597,-371
596,-371
595,-370
594,-370
593,-369
592,-369
591,-368
590,-367
589,-367
588,-366
587,-365
586,-364
585,-364
584,-363
583,-362
582,-361
581,-361
580,-360
579,-359
578,-359
577,-358
576,-357
575,-356
574,-356
573,-355
572,-354
571,-353
570,-352
569,-352
568,-351
567,-350
566,-349
565,-349
564,-348
563,-347
562,-346
561,-345
560,-344
559,-343
558,-342
557,-341
556,-340
555,-340
554,-339
553,-338
552,-337
551,-337
550,-336
549,-335
548,-334
547,-333
546,-332
545,-332
544,-332
543,-331
542,-331
541,-331
540,-331
539,-331
538,-331
537,-331
536,-331
535,-332
535,-333
534,-334
534,-335
533,-336
533,-337
533,-338
532,-339
531,-340
531,-341
531,-342
531,-343
531,-344
530,-345
530,-346
530,-347
530,-348
530,-349
529,-350
529,-351
529,-352
529,-353
529,-354
529,-355
529,-356
529,-357
529,-358
528,-359
528,-360
528,-361
528,-362
527,-363
527,-364
527,-365
527,-366
526,-367
526,-368
526,-369
526,-370
526,-371
526,-372
525,-373
525,-374
525,-375
525,-376
525,-377
525,-378
525,-379
524,-380
524,-381
524,-382
524,-383
524,-384
523,-385
523,-386
523,-387
523,-388
523,-389
523,-390
523,-391
523,-392
522,-393
522,-394
522,-395
522,-396
522,-397
522,-398
522,-399
522,-400
522,-401
522,-402
522,-403
522,-404
522,-405
522,-406
521,-407
521,-408
521,-409
520,-410
520,-411
519,-412
519,-413
519,-414
519,-415
519,-416
519,-417
519,-418
519,-419
518,-420
518,-421
518,-422
518,-423
518,-424
518,-425
518,-426
518,-427
518,-428
518,-429
517,-430
517,-431
517,-432
517,-433
517,-434
517,-435
517,-436
516,-437
516,-438
516,-439
516,-440
516,-441
516,-442
516,-443
515,-444
515,-445
515,-446
515,-447
515,-448
515,-449
515,-450
514,-451
514,-452
514,-453
514,-454
514,-455
514,-456
514,-457
514,-458
514,-459
514,-460
514,-461
514,-462
514,-463
514,-464
513,-465
513,-466
513,-467
513,-468
513,-469
513,-470
513,-471
513,-472
512,-473
512,-474
512,-475
512,-476
512,-477
512,-478
512,-479
512,-480
512,-481
512,-482
512,-483
511,-484
511,-485
511,-486
511,-487
511,-488
511,-489
511,-490
511,-491
511,-492
511,-493
511,-494
511,-495
511,-496
511,-497
511,-498
510,-499
510,-500
510,-501
510,-502
510,-503
510,-504
510,-505
510,-506
510,-507
510,-508
510,-509
510,-510
510,-511
510,-512
510,-513
510,-514
510,-515
510,-516
509,-517
