545,-576
545,-577
545,-578
545,-579
545,-580
546,-581
546,-582
546,-583
547,-584
547,-585
547,-586
547,-587
547,-588
547,-589
547,-590
548,-590
549,-590
550,-590
551,-591
551,-592
551,-593
552,-594
552,-595
553,-596
554,-597
555,-598
555,-599
556,-600
556,-601
556,-602
556,-603
556,-604
557,-604
558,-605
558,-606
559,-607
559,-608
559,-609
560,-609
561,-610
561,-611
561,-612
561,-613
562,-614
563,-615
563,-616
563,-617
564,-617
565,-618
565,-619
566,-620
567,-621
567,-622
567,-623
567,-624
568,-625
568,-626
569,-627
569,-628
570,-629
571,-630
571,-631
571,-632
572,-633
572,-634
573,-634
574,-635
575,-636
575,-637
575,-638
575,-639
575,-640
576,-641
577,-642
577,-643
578,-644
578,-645
579,-646
580,-647
580,-648
581,-649
581,-650
581,-651
582,-651
583,-652
583,-653
584,-654
584,-655
585,-655
586,-656
587,-657
587,-658
587,-659
588,-660
589,-661
589,-662
590,-663
591,-664
591,-665
591,-666
592,-666
593,-667
594,-668
595,-669
595,-670
595,-671
595,-672
595,-673
595,-674
596,-674
597,-675
598,-675
599,-675
600,-675
601,-676
601,-677
601,-678
601,-679
601,-680
601,-681
601,-682
601,-683
602,-684
602,-685
603,-685
604,-686
604,-687
605,-687
606,-687
607,-688
607,-689
607,-690
607,-691
607,-692
607,-693
608,-694
609,-695
609,-696
609,-697
610,-697
611,-698
611,-699
611,-700
612,-701
612,-702
613,-703
614,-703
615,-704
615,-705
615,-706
615,-707
615,-708
616,-709
617,-710
618,-711
618,-712
618,-713
619,-713
620,-713
621,-714
621,-715
621,-716
621,-717
621,-718
622,-719
623,-720
623,-721
623,-722
623,-723
624,-723
625,-723
626,-724
627,-725
627,-726
627,-727
628,-727
629,-727
630,-728
630,-729
630,-730
630,-731
631,-732
631,-733
632,-733
633,-734
634,-734
635,-735
635,-736
636,-737
637,-738
637,-739
638,-740
638,-741
639,-741
640,-742
640,-743
640,-744
641,-744
642,-744
643,-745
643,-746
644,-747
644,-748
645,-748
646,-749
646,-750
647,-751
648,-751
649,-752
649,-753
650,-754
650,-755
651,-756
652,-756
653,-757
653,-758
654,-758
655,-759
655,-760
656,-760
657,-761
658,-761
659,-762
659,-763
660,-764
661,-765
661,-766
662,-766
663,-766
664,-767
665,-767
666,-768
666,-769
667,-770
667,-771
668,-771
669,-771
670,-772
671,-773
672,-774
673,-774
674,-775
675,-776
676,-776
677,-777
678,-778
679,-778
680,-779
681,-780
682,-780
683,-781
683,-782
684,-782
685,-783
686,-784
687,-785
687,-786
688,-786
689,-787
690,-787
691,-788
692,-789
693,-789
694,-790
695,-790
696,-790
697,-791
698,-791
699,-791
700,-792
701,-793
702,-794
702,-795
703,-795
704,-796
705,-796
706,-797
707,-797
708,-798
709,-798
710,-798
711,-799
712,-800
713,-801
713,-802
713,-803
714,-803
715,-803
716,-803
717,-803
718,-803
719,-803
720,-803
721,-804
722,-805
722,-806
722,-807
723,-807
724,-807
725,-807
726,-807
727,-807
728,-808
728,-809
728,-810
729,-810
730,-810
731,-810
732,-810
733,-810
734,-811
735,-811
736,-811
737,-812
738,-813
738,-814
738,-815
739,-815
740,-815
741,-815
742,-815
743,-815
744,-816
744,-817
745,-817
746,-817
747,-818
748,-818
749,-819
750,-819
751,-819
752,-820
753,-820
754,-820
755,-820
756,-821
757,-821
758,-822
759,-822
760,-823
761,-823
762,-823
763,-823
764,-824
765,-824
766,-824
767,-824
768,-825
769,-825
770,-825
771,-826
772,-826
773,-826
774,-826
775,-826
776,-826
777,-827
778,-828
779,-828
780,-828
781,-829
782,-829
783,-829
784,-829
785,-829
786,-829
787,-830
788,-830
789,-830
790,-831
791,-831
792,-831
793,-831
794,-832
795,-832
796,-832
797,-832
798,-833
799,-833
800,-833
801,-833
802,-834
803,-834
804,-834
805,-835
805,-836
806,-836
807,-836
808,-836
809,-837
810,-838
811,-839
811,-840
811,-841
812,-841
813,-841
814,-841
815,-841
816,-841
817,-842
817,-843
817,-844
818,-844
819,-845
820,-846
820,-847
820,-848
821,-848
822,-849
823,-849
824,-850
825,-850
826,-851
827,-852
827,-853
828,-854
828,-855
829,-855
830,-855
831,-856
832,-856
833,-856
834,-857
834,-858
835,-859
836,-859
837,-859
838,-860
838,-861
838,-862
839,-863
839,-864
840,-864
841,-865
842,-866
843,-867
844,-868
845,-868
846,-869
846,-870
847,-871
848,-871
849,-871
850,-872
850,-873
851,-874
852,-874
853,-874
854,-875
854,-876
854,-877
854,-878
855,-878
856,-879
857,-879
858,-879
859,-880
859,-881
859,-882
859,-883
860,-883
861,-883
862,-883
863,-884
863,-885
863,-886
864,-887
865,-888
865,-889
866,-889
867,-890
868,-890
869,-890
870,-891
870,-892
870,-893
871,-893
872,-893
873,-894
873,-895
873,-896
874,-896
875,-896
876,-896
877,-897
877,-898
877,-899
877,-900
878,-900
879,-901
880,-902
881,-903
881,-904
882,-904
883,-905
884,-905
885,-905
886,-906
886,-907
886,-908
887,-909
888,-909
889,-909
890,-910
890,-911
891,-912
892,-913
893,-914
894,-914
895,-915
895,-916
895,-917
896,-917
897,-918
898,-918
899,-918
900,-918
901,-919
901,-920
901,-921
902,-921
903,-921
904,-922
904,-923
904,-924
905,-925
906,-925
907,-926
908,-927
908,-928
909,-928
910,-928
911,-928
912,-929
912,-930
913,-930
914,-930
915,-930
916,-931
917,-932
917,-933
918,-933
919,-933
920,-934
921,-935
922,-936
923,-936
924,-936
925,-936
926,-936
927,-936
928,-936
929,-935
929,-934
930,-933
931,-933
932,-933
933,-933
934,-933
935,-933
936,-932
937,-932
938,-932
939,-932
940,-933
940,-934
940,-935
941,-935
942,-935
943,-935
944,-935
944,-934
944,-933
944,-932
945,-931
946,-931
947,-931
948,-930
948,-929
948,-928
949,-927
950,-926
951,-926
951,-925
952,-924
953,-924
953,-923
953,-922
953,-921
953,-920
954,-919
954,-918
955,-917
956,-917
956,-916
957,-915
957,-914
957,-913
957,-912
957,-911
956,-911
955,-911
954,-911
953,-911
952,-912
951,-912
950,-912
949,-911
949,-910
949,-909
949,-908
949,-907
949,-906
949,-905
949,-904
948,-903
947,-902
946,-901
946,-900
946,-899
947,-898
947,-897
947,-896
947,-895
947,-894
947,-893
947,-892
947,-891
946,-890
945,-889
944,-889
943,-888
942,-887
941,-887
940,-886
940,-885
939,-885
938,-884
937,-883
936,-883
935,-882
935,-881
935,-880
934,-879
933,-879
932,-878
932,-877
931,-876
930,-875
929,-874
928,-873
927,-873
926,-872
925,-871
925,-870
924,-869
923,-869
922,-868
922,-867
921,-866
920,-865
920,-864
919,-864
918,-863
917,-862
916,-861
915,-860
914,-859
913,-858
912,-857
912,-856
911,-855
910,-854
909,-853
908,-852
907,-851
906,-850
905,-849
904,-848
903,-847
902,-846
901,-845
900,-844
899,-843
898,-842
897,-841
896,-840
896,-839
895,-838
894,-837
893,-836
892,-835
891,-834
890,-833
889,-832
889,-831
888,-830
887,-829
886,-828
885,-827
884,-826
883,-825
882,-824
881,-823
880,-822
879,-821
879,-820
878,-819
877,-818
876,-817
875,-816
874,-815
873,-814
872,-813
871,-812
870,-811
869,-810
869,-809
868,-808
867,-807
867,-806
866,-806
865,-805
865,-804
864,-803
863,-802
863,-801
862,-800
861,-799
860,-798
859,-797
858,-796
858,-795
857,-794
857,-793
856,-792
856,-791
855,-790
855,-789
854,-788
854,-787
853,-786
853,-785
852,-784
852,-783
852,-782
851,-781
851,-780
851,-779
850,-778
850,-777
850,-776
849,-775
849,-774
849,-773
848,-772
848,-771
847,-770
847,-769
847,-768
846,-767
846,-766
846,-765
845,-764
845,-763
845,-762
844,-761
844,-760
844,-759
843,-758
843,-757
843,-756
843,-755
842,-754
842,-753
842,-752
841,-751
840,-750
840,-749
840,-748
840,-747
839,-746
838,-745
838,-744
838,-743
837,-742
837,-741
836,-740
836,-739
835,-738
835,-737
834,-736
834,-735
833,-734
833,-733
832,-732
832,-731
831,-730
831,-729
830,-728
830,-727
830,-726
829,-725
828,-724
828,-723
827,-722
826,-721
826,-720
826,-719
825,-718
824,-717
824,-716
823,-715
823,-714
822,-713
821,-712
821,-711
820,-710
819,-709
819,-708
818,-707
818,-706
817,-705
816,-704
816,-703
815,-702
814,-701
814,-700
813,-699
812,-698
812,-697
811,-696
811,-695
810,-694
809,-693
808,-692
807,-691
807,-690
806,-689
805,-688
804,-687
804,-686
803,-685
802,-684
802,-683
801,-682
800,-681
799,-680
799,-679
798,-678
797,-678
796,-677
796,-676
795,-675
794,-674
793,-673
792,-672
791,-671
790,-670
789,-669
789,-668
788,-668
787,-667
786,-666
785,-665
784,-664
783,-663
782,-662
781,-662
780,-661
779,-660
778,-659
777,-658
776,-657
775,-656
774,-655
773,-655
772,-654
771,-653
771,-652
770,-651
769,-651
768,-651
767,-650
766,-649
765,-648
764,-647
763,-646
762,-646
761,-645
760,-644
759,-643
758,-642
757,-642
756,-641
756,-640
755,-640
754,-639
753,-639
752,-638
751,-637
750,-636
749,-636
748,-635
747,-634
746,-634
745,-633
745,-632
744,-631
743,-631
742,-630
741,-630
740,-629
739,-628
738,-627
737,-627
736,-626
735,-626
734,-625
733,-624
732,-624
731,-623
730,-623
729,-622
728,-621
727,-621
726,-620
725,-620
724,-619
723,-619
722,-618
721,-618
720,-617
719,-616
718,-616
717,-616
716,-615
715,-615
714,-615
713,-614
712,-613
711,-612
710,-612
709,-611
708,-611
707,-611
706,-610
705,-609
704,-609
703,-608
702,-608
701,-607
700,-607
699,-606
698,-606
697,-606
696,-605
695,-605
694,-604
693,-604
692,-603
691,-603
690,-602
689,-602
688,-601
687,-601
686,-600
685,-600
684,-599
683,-599
682,-599
681,-598
680,-598
679,-598
678,-597
677,-596
676,-596
675,-595
674,-595
673,-595
672,-595
671,-594
670,-594
669,-593
668,-593
667,-592
666,-592
665,-592
664,-591
663,-591
662,-591
661,-590
660,-590
659,-590
658,-589
657,-589
656,-588
655,-588
654,-588
653,-587
652,-587
651,-587
650,-587
649,-586
648,-586
647,-586
646,-585
645,-585
644,-585
643,-585
642,-584
641,-584
640,-584
639,-584
638,-583
637,-583
636,-583
635,-582
634,-582
633,-582
632,-581
631,-581
630,-581
629,-581
628,-580
627,-580
626,-580
625,-580
624,-579
623,-579
622,-579
621,-578
620,-578
619,-578
618,-577
617,-577
616,-577
615,-576
614,-576
613,-576
612,-575
611,-575
610,-574
609,-574
608,-574
607,-574
606,-574
605,-574
604,-573
603,-573
602,-573
601,-572
600,-572
599,-572
598,-572
597,-571
596,-571
595,-571
594,-571
593,-570
592,-570
591,-570
590,-569
589,-569
588,-569
587,-569
586,-569
585,-569
584,-568
583,-568
582,-568
581,-568
580,-567
579,-567
578,-567
577,-567
576,-567
575,-567
574,-567
573,-567
572,-567
571,-567
570,-566
569,-566
568,-566
567,-566
566,-566
565,-566
564,-566
563,-566
562,-566
561,-566
560,-566
559,-566
558,-566
557,-566
556,-566
555,-566
554,-566
553,-566
552,-566
551,-567
550,-567
549,-567
548,-567
548,-568
548,-569
548,-570
548,-571
548,-572
548,-573
547,-574
546,-574
546,-575
545,-576
