521,-342
521,-343
521,-344
521,-345
521,-346
521,-347
521,-348
521,-349
521,-350
521,-351
521,-352
521,-353
521,-354
521,-355
521,-356
521,-357
521,-358
521,-359
521,-360
521,-361
521,-362
521,-363
521,-364
522,-365
522,-366
522,-367
522,-368
522,-369
522,-370
522,-371
522,-372
522,-373
523,-374
523,-375
523,-376
523,-377
523,-378
523,-379
523,-380
523,-381
523,-382
523,-383
523,-384
523,-385
523,-386
523,-387
523,-388
523,-389
523,-390
523,-391
524,-392
524,-393
524,-394
524,-395
524,-396
524,-397
524,-398
524,-399
524,-400
524,-401
524,-402
524,-403
523,-404
523,-405
523,-406
523,-407
523,-408
523,-409
523,-410
523,-411
523,-412
523,-413
523,-414
523,-415
523,-416
523,-417
523,-418
523,-419
523,-420
523,-421
523,-422
523,-423
523,-424
523,-425
523,-426
523,-427
523,-428
522,-429
522,-430
522,-431
522,-432
522,-433
522,-434
522,-435
522,-436
522,-437
522,-438
522,-439
521,-440
521,-441
521,-442
521,-443
521,-444
521,-445
521,-446
521,-447
522,-448
522,-449
522,-450
522,-451
522,-452
522,-453
522,-454
522,-455
522,-456
522,-457
522,-458
522,-459
522,-460
522,-461
522,-462
522,-463
522,-464
522,-465
522,-466
522,-467
522,-468
523,-469
523,-470
523,-471
523,-472
523,-473
523,-474
523,-475
523,-476
523,-477
523,-478
523,-479
523,-480
523,-481
524,-482
524,-483
524,-484
524,-485
524,-486
524,-487
524,-488
524,-489
524,-490
524,-491
524,-492
524,-493
524,-494
525,-495
525,-496
525,-497
525,-498
525,-499
525,-500
525,-501
525,-502
525,-503
525,-504
525,-505
525,-506
525,-507
525,-508
525,-509
525,-510
525,-511
526,-512
526,-513
526,-514
526,-515
526,-516
526,-517
527,-518
527,-519
527,-520
527,-521
527,-522
527,-523
527,-524
527,-525
527,-526
527,-527
527,-528
528,-529
528,-530
528,-531
528,-532
528,-533
528,-534
528,-535
528,-536
528,-537
528,-538
528,-539
529,-540
529,-541
529,-542
529,-543
529,-544
530,-545
530,-546
530,-547
530,-548
530,-549
530,-550
531,-551
531,-552
531,-553
531,-554
531,-555
532,-556
532,-557
532,-558
532,-559
532,-560
532,-561
532,-562
533,-563
533,-564
533,-565
533,-566
534,-567
534,-568
534,-569
534,-570
534,-571
535,-572
535,-573
535,-574
536,-575
536,-576
536,-577
536,-578
536,-579
536,-580
537,-581
537,-582
537,-583
538,-584
538,-585
538,-586
539,-587
539,-588
539,-589
539,-590
539,-591
540,-592
540,-593
540,-594
540,-595
540,-596
541,-597
541,-598
541,-599
542,-600
542,-601
542,-602
543,-603
543,-604
543,-605
544,-606
544,-607
544,-608
545,-609
545,-610
545,-611
545,-612
546,-613
546,-614
546,-615
547,-616
547,-617
548,-618
548,-619
548,-620
548,-621
549,-622
549,-623
549,-624
550,-625
550,-626
550,-627
550,-628
551,-629
551,-630
551,-631
551,-632
552,-633
553,-634
553,-635
553,-636
553,-637
554,-638
554,-639
555,-640
555,-641
556,-642
556,-643
557,-644
557,-645
557,-646
557,-647
558,-648
558,-649
559,-650
559,-651
560,-652
560,-653
560,-654
561,-654
562,-655
562,-656
562,-657
563,-658
563,-659
564,-660
565,-661
565,-662
565,-663
566,-664
566,-665
566,-666
566,-667
567,-668
568,-669
568,-670
568,-671
569,-672
569,-673
570,-673
571,-673
572,-673
573,-674
574,-674
575,-675
575,-676
575,-677
575,-678
575,-679
575,-680
575,-681
575,-682
575,-683
575,-684
576,-685
576,-686
577,-687
577,-688
578,-688
579,-688
580,-688
581,-688
582,-688
583,-687
584,-687
585,-687
586,-688
586,-689
586,-690
586,-691
585,-692
584,-692
583,-692
583,-693
583,-694
583,-695
583,-696
583,-697
583,-698
584,-699
585,-699
586,-699
587,-699
588,-700
589,-701
589,-702
589,-703
589,-704
589,-705
589,-706
589,-707
589,-708
589,-709
590,-710
591,-711
591,-712
592,-712
593,-713
593,-714
594,-714
595,-714
596,-714
597,-715
597,-716
597,-717
597,-718
597,-719
597,-720
597,-721
598,-722
599,-723
599,-724
600,-725
600,-726
601,-727
602,-727
603,-727
604,-727
605,-727
606,-728
606,-729
606,-730
606,-731
606,-732
606,-733
606,-734
606,-735
607,-736
607,-737
608,-738
609,-739
609,-740
610,-741
611,-741
612,-741
613,-741
614,-742
615,-743
615,-744
615,-745
615,-746
615,-747
615,-748
616,-748
617,-749
617,-750
617,-751
618,-752
619,-753
619,-754
620,-755
621,-755
622,-756
622,-757
623,-758
623,-759
624,-759
625,-760
626,-761
626,-762
627,-763
628,-764
629,-765
629,-766
630,-767
631,-767
632,-768
632,-769
632,-770
633,-771
633,-772
634,-773
635,-773
636,-774
636,-775
637,-776
638,-776
639,-777
639,-778
639,-779
640,-779
641,-779
642,-780
643,-781
644,-782
645,-783
645,-784
645,-785
646,-786
647,-787
647,-788
648,-788
649,-788
650,-789
650,-790
650,-791
651,-791
652,-791
653,-791
654,-792
655,-793
655,-794
656,-794
657,-795
657,-796
657,-797
657,-798
657,-799
657,-800
658,-800
659,-800
660,-801
661,-802
661,-803
661,-804
662,-804
663,-804
664,-804
665,-805
666,-805
667,-805
668,-805
669,-806
670,-807
671,-808
672,-809
672,-810
673,-810
674,-810
675,-810
676,-811
676,-812
677,-812
678,-813
678,-814
679,-815
680,-815
681,-815
682,-816
682,-817
683,-817
684,-818
685,-818
686,-819
687,-820
688,-820
689,-820
690,-821
690,-822
690,-823
690,-824
691,-824
692,-824
693,-824
694,-824
695,-824
696,-824
697,-824
698,-825
699,-825
700,-825
701,-825
702,-825
703,-825
704,-826
704,-827
704,-828
704,-829
705,-829
706,-829
707,-829
708,-830
709,-831
710,-831
711,-832
711,-833
711,-834
712,-834
713,-834
714,-834
715,-834
716,-834
717,-834
718,-835
719,-836
720,-836
721,-836
722,-836
723,-837
723,-838
723,-839
724,-839
725,-840
726,-840
727,-841
728,-841
729,-841
730,-842
731,-842
732,-842
733,-842
734,-842
735,-842
736,-842
737,-842
738,-842
739,-842
740,-842
741,-842
742,-843
743,-843
744,-843
745,-844
746,-844
747,-845
748,-845
749,-846
750,-846
751,-847
752,-847
753,-847
754,-847
755,-847
756,-847
757,-847
758,-848
759,-848
760,-848
761,-849
762,-850
762,-851
762,-852
762,-853
763,-853
764,-853
765,-853
766,-853
767,-854
768,-854
769,-854
770,-854
771,-855
772,-855
773,-855
774,-856
775,-857
776,-857
777,-857
778,-857
779,-857
780,-858
781,-858
782,-858
783,-858
784,-859
785,-859
786,-859
787,-860
788,-860
789,-861
790,-861
791,-862
792,-863
793,-864
793,-865
793,-866
793,-867
793,-868
793,-869
793,-870
793,-871
793,-872
793,-873
793,-874
794,-875
794,-876
794,-877
794,-878
794,-879
794,-880
794,-881
795,-882
796,-882
797,-882
798,-883
798,-884
798,-885
799,-885
800,-885
801,-885
802,-885
803,-885
804,-886
804,-887
804,-888
803,-889
803,-890
803,-891
803,-892
803,-893
803,-894
803,-895
804,-895
805,-895
806,-895
807,-896
808,-897
808,-898
808,-899
807,-900
807,-901
807,-902
807,-903
807,-904
807,-905
807,-906
807,-907
808,-908
808,-909
809,-909
810,-910
811,-910
812,-911
812,-912
812,-913
812,-914
812,-915
812,-916
812,-917
813,-917
814,-918
814,-919
815,-920
816,-921
816,-922
816,-923
817,-924
818,-925
819,-925
820,-926
820,-927
820,-928
820,-929
820,-930
820,-931
821,-932
822,-933
822,-934
822,-935
823,-936
824,-936
825,-937
825,-938
825,-939
825,-940
826,-941
826,-942
826,-943
827,-944
828,-945
829,-946
830,-947
830,-948
830,-949
830,-950
830,-951
830,-952
830,-953
831,-953
832,-953
833,-954
833,-955
834,-956
835,-956
836,-957
836,-958
836,-959
837,-959
838,-960
838,-961
838,-962
839,-963
839,-964
839,-965
840,-966
840,-967
841,-968
842,-969
842,-970
843,-970
844,-971
844,-972
845,-973
846,-974
846,-975
846,-976
847,-977
848,-978
848,-979
848,-980
848,-981
849,-982
850,-983
851,-983
852,-984
852,-985
852,-986
852,-987
852,-988
853,-989
853,-990
854,-990
855,-991
856,-992
856,-993
856,-994
857,-995
858,-996
858,-997
858,-998
858,-999
859,-1000
859,-1001
860,-1002
861,-1003
861,-1004
862,-1005
863,-1006
863,-1007
864,-1008
865,-1009
865,-1010
866,-1011
866,-1012
866,-1013
867,-1013
868,-1014
868,-1015
869,-1016
869,-1017
870,-1018
870,-1019
871,-1020
872,-1021
872,-1022
872,-1023
873,-1024
874,-1025
875,-1025
876,-1026
876,-1027
876,-1028
876,-1029
876,-1030
877,-1031
878,-1032
879,-1033
880,-1034
880,-1035
881,-1036
881,-1037
881,-1038
882,-1039
882,-1040
883,-1041
884,-1041
885,-1042
885,-1043
885,-1044
885,-1045
885,-1046
886,-1046
887,-1047
887,-1048
887,-1049
888,-1050
888,-1051
888,-1052
888,-1053
889,-1054
890,-1055
890,-1056
891,-1057
891,-1058
892,-1059
892,-1060
893,-1060
894,-1061
894,-1062
894,-1063
895,-1064
895,-1065
895,-1066
896,-1067
896,-1068
897,-1068
898,-1069
898,-1070
898,-1071
898,-1072
899,-1073
900,-1073
901,-1074
901,-1075
901,-1076
901,-1077
901,-1078
902,-1079
902,-1080
902,-1081
903,-1082
903,-1083
904,-1084
905,-1085
905,-1086
906,-1087
907,-1088
907,-1089
907,-1090
908,-1091
908,-1092
909,-1093
909,-1094
909,-1095
910,-1095
911,-1096
911,-1097
911,-1098
912,-1099
912,-1100
913,-1101
914,-1102
915,-1103
915,-1104
915,-1105
916,-1106
916,-1107
917,-1108
917,-1109
917,-1110
918,-1110
919,-1111
919,-1112
920,-1113
920,-1114
920,-1115
921,-1116
921,-1117
922,-1118
922,-1119
923,-1120
923,-1121
924,-1122
925,-1123
926,-1124
926,-1125
926,-1126
927,-1127
927,-1128
928,-1129
929,-1130
929,-1131
930,-1132
930,-1133
930,-1134
930,-1135
931,-1136
932,-1137
933,-1138
933,-1139
933,-1140
934,-1141
934,-1142
935,-1142
936,-1143
936,-1144
936,-1145
937,-1146
937,-1147
938,-1148
939,-1149
939,-1150
939,-1151
940,-1151
941,-1152
941,-1153
941,-1154
941,-1155
942,-1156
942,-1157
943,-1158
943,-1159
944,-1160
945,-1161
945,-1162
945,-1163
946,-1163
947,-1163
948,-1163
949,-1163
950,-1163
951,-1163
952,-1163
953,-1163
953,-1162
953,-1161
953,-1160
954,-1159
955,-1159
956,-1158
957,-1158
957,-1157
957,-1156
958,-1155
959,-1154
960,-1154
960,-1153
960,-1152
961,-1151
962,-1151
963,-1151
963,-1150
964,-1149
964,-1148
965,-1147
966,-1146
967,-1145
967,-1144
968,-1143
969,-1142
970,-1141
971,-1140
972,-1139
973,-1139
973,-1138
974,-1137
975,-1136
976,-1136
977,-1135
978,-1134
979,-1134
980,-1133
981,-1133
981,-1132
981,-1131
981,-1130
981,-1129
981,-1128
981,-1127
980,-1126
980,-1125
980,-1124
979,-1123
979,-1122
978,-1121
978,-1120
977,-1119
977,-1118
976,-1117
976,-1116
975,-1115
974,-1114
974,-1113
974,-1112
973,-1111
973,-1110
972,-1109
972,-1108
971,-1107
971,-1106
970,-1105
970,-1104
969,-1103
969,-1102
968,-1101
968,-1100
968,-1099
967,-1098
966,-1097
966,-1096
965,-1095
965,-1094
965,-1093
964,-1092
964,-1091
963,-1090
962,-1089
962,-1088
962,-1087
961,-1086
961,-1085
960,-1084
960,-1083
959,-1082
959,-1081
958,-1080
958,-1079
958,-1078
957,-1077
957,-1076
957,-1075
956,-1074
955,-1073
955,-1072
955,-1071
954,-1070
954,-1069
954,-1068
953,-1067
953,-1066
952,-1065
952,-1064
951,-1063
951,-1062
951,-1061
950,-1060
950,-1059
949,-1058
949,-1057
949,-1056
948,-1055
948,-1054
947,-1053
946,-1052
946,-1051
945,-1050
945,-1049
945,-1048
945,-1047
944,-1046
943,-1045
943,-1044
942,-1043
942,-1042
942,-1041
941,-1040
941,-1039
941,-1038
940,-1037
940,-1036
939,-1035
939,-1034
938,-1033
938,-1032
938,-1031
937,-1030
937,-1029
936,-1028
936,-1027
935,-1026
935,-1025
935,-1024
934,-1023
934,-1022
933,-1021
933,-1020
932,-1019
932,-1018
931,-1017
931,-1016
930,-1015
930,-1014
930,-1013
929,-1012
929,-1011
928,-1010
928,-1009
928,-1008
927,-1007
927,-1006
926,-1005
926,-1004
925,-1003
925,-1002
925,-1001
924,-1000
924,-999
923,-998
923,-997
922,-996
922,-995
922,-994
921,-993
921,-992
920,-991
920,-990
919,-989
919,-988
919,-987
918,-986
918,-985
917,-984
917,-983
917,-982
916,-981
915,-980
915,-979
915,-978
914,-977
914,-976
913,-975
913,-974
913,-973
912,-972
912,-971
911,-970
910,-969
910,-968
910,-967
909,-966
909,-965
908,-964
908,-963
908,-962
907,-961
907,-960
906,-959
906,-958
905,-957
905,-956
904,-955
904,-954
903,-953
903,-952
903,-951
902,-950
902,-949
901,-948
901,-947
901,-946
900,-945
900,-944
900,-943
899,-942
899,-941
899,-940
898,-939
898,-938
898,-937
897,-936
896,-935
896,-934
896,-933
895,-932
895,-931
894,-930
894,-929
893,-928
893,-927
893,-926
892,-925
892,-924
891,-923
891,-922
891,-921
890,-920
890,-919
889,-918
889,-917
888,-916
888,-915
888,-914
887,-913
887,-912
886,-911
886,-910
886,-909
886,-908
885,-907
885,-906
884,-905
884,-904
884,-903
883,-902
883,-901
883,-900
882,-899
882,-898
881,-897
881,-896
881,-895
880,-894
880,-893
879,-892
879,-891
879,-890
878,-889
878,-888
877,-887
877,-886
877,-885
877,-884
876,-883
876,-882
875,-881
875,-880
874,-879
874,-878
874,-877
874,-876
873,-875
873,-874
873,-873
872,-872
872,-871
872,-870
871,-869
871,-868
870,-867
870,-866
870,-865
870,-864
870,-863
869,-862
869,-861
869,-860
868,-859
867,-858
867,-857
867,-856
867,-855
867,-854
866,-853
866,-852
865,-851
865,-850
864,-849
863,-848
863,-847
863,-846
863,-845
863,-844
862,-843
862,-842
861,-841
861,-840
860,-839
860,-838
860,-837
859,-836
859,-835
859,-834
858,-833
857,-832
856,-832
855,-831
854,-830
854,-829
853,-829
852,-829
851,-829
850,-829
850,-830
849,-831
848,-831
847,-831
846,-831
845,-831
844,-830
843,-830
842,-830
841,-830
840,-829
840,-828
840,-827
840,-826
840,-825
840,-824
839,-823
838,-822
837,-821
837,-820
836,-819
836,-818
835,-817
835,-816
835,-815
835,-814
834,-813
834,-812
834,-811
834,-810
833,-809
833,-808
832,-807
832,-806
831,-805
831,-804
831,-803
831,-802
831,-801
830,-800
830,-799
830,-798
830,-797
829,-796
829,-795
829,-794
829,-793
829,-792
829,-791
830,-790
831,-790
832,-790
833,-790
834,-790
835,-791
836,-791
837,-792
837,-793
838,-793
839,-794
839,-795
839,-796
838,-797
838,-798
838,-799
838,-800
838,-801
838,-802
839,-802
840,-802
841,-802
842,-802
843,-802
844,-802
845,-802
846,-802
847,-802
848,-803
848,-804
848,-805
848,-806
849,-806
850,-806
851,-806
852,-806
852,-805
852,-804
852,-803
853,-802
853,-801
853,-800
853,-799
853,-798
854,-797
854,-796
854,-795
854,-794
855,-793
855,-792
855,-791
855,-790
856,-789
856,-788
856,-787
856,-786
856,-785
856,-784
856,-783
857,-782
857,-781
857,-780
857,-779
857,-778
857,-777
857,-776
857,-775
858,-774
858,-773
858,-772
858,-771
858,-770
858,-769
858,-768
859,-767
859,-766
859,-765
859,-764
859,-763
860,-762
860,-761
860,-760
860,-759
860,-758
860,-757
860,-756
860,-755
860,-754
861,-753
861,-752
861,-751
861,-750
861,-749
861,-748
861,-747
861,-746
861,-745
861,-744
861,-743
861,-742
860,-741
860,-740
860,-739
860,-738
860,-737
860,-736
860,-735
860,-734
860,-733
860,-732
860,-731
860,-730
860,-729
860,-728
860,-727
860,-726
860,-725
860,-724
859,-723
859,-722
859,-721
859,-720
859,-719
859,-718
859,-717
859,-716
859,-715
859,-714
858,-713
858,-712
858,-711
858,-710
858,-709
858,-708
858,-707
857,-706
857,-705
857,-704
857,-703
857,-702
857,-701
856,-700
856,-699
856,-698
856,-697
856,-696
856,-695
856,-694
856,-693
855,-692
855,-691
855,-690
854,-689
854,-688
854,-687
854,-686
853,-685
853,-684
853,-683
853,-682
853,-681
853,-680
853,-679
853,-678
852,-677
852,-676
852,-675
852,-674
852,-673
851,-672
851,-671
851,-670
851,-669
850,-668
850,-667
849,-666
849,-665
849,-664
849,-663
849,-662
849,-661
848,-660
848,-659
848,-658
847,-657
847,-656
846,-655
846,-654
846,-653
845,-652
845,-651
845,-650
845,-649
844,-648
844,-647
843,-646
843,-645
843,-644
842,-643
842,-642
842,-641
842,-640
841,-639
841,-638
841,-637
840,-636
840,-635
840,-634
840,-633
839,-632
839,-631
838,-630
838,-629
837,-628
837,-627
837,-626
836,-625
836,-624
835,-623
835,-622
835,-621
834,-620
834,-619
834,-618
833,-617
833,-616
832,-615
832,-614
832,-613
831,-612
831,-611
830,-610
830,-609
830,-608
829,-607
829,-606
828,-605
828,-604
827,-603
827,-602
826,-601
826,-600
825,-599
825,-598
825,-597
824,-596
824,-595
824,-594
823,-593
822,-592
822,-591
822,-590
821,-589
821,-588
820,-587
820,-586
819,-585
819,-584
818,-583
818,-582
818,-581
817,-580
817,-579
816,-578
816,-577
815,-576
815,-575
814,-574
813,-573
813,-572
812,-571
812,-570
811,-569
810,-568
810,-567
809,-566
809,-565
808,-564
808,-563
807,-562
806,-561
806,-560
806,-559
806,-558
805,-557
805,-556
804,-555
804,-554
803,-553
803,-552
802,-551
802,-550
801,-549
801,-548
800,-547
800,-546
800,-545
799,-544
799,-543
798,-542
798,-541
797,-540
797,-539
797,-538
796,-537
796,-536
796,-535
795,-534
795,-533
795,-532
795,-531
794,-530
794,-529
793,-528
793,-527
792,-526
792,-525
791,-524
791,-523
790,-522
790,-521
789,-520
789,-519
789,-518
788,-517
788,-516
788,-515
787,-515
786,-514
786,-513
785,-512
785,-511
785,-510
784,-509
784,-508
783,-508
782,-507
782,-506
782,-505
781,-504
781,-503
780,-502
779,-501
779,-500
778,-499
777,-498
776,-497
776,-496
775,-496
774,-495
774,-494
773,-493
773,-492
772,-491
771,-490
770,-489
769,-488
768,-487
767,-486
766,-485
766,-484
765,-483
764,-482
763,-481
762,-480
761,-479
760,-478
760,-477
759,-477
758,-476
757,-475
756,-474
756,-473
755,-473
754,-472
753,-471
752,-470
751,-469
750,-468
749,-467
748,-466
747,-465
746,-464
745,-463
744,-462
743,-461
742,-460
741,-459
740,-458
739,-457
738,-456
737,-456
736,-455
735,-454
734,-453
733,-452
732,-452
731,-451
730,-450
729,-449
728,-448
727,-448
726,-447
725,-446
724,-446
723,-445
722,-444
721,-444
720,-443
719,-442
718,-442
717,-441
717,-440
716,-440
715,-439
714,-438
713,-437
712,-437
711,-437
710,-436
709,-435
708,-434
707,-433
706,-433
705,-432
704,-431
703,-431
702,-430
701,-429
700,-429
699,-428
698,-427
697,-427
696,-426
695,-425
694,-425
693,-424
692,-424
691,-423
690,-422
689,-422
688,-421
687,-421
686,-420
685,-420
684,-419
683,-418
682,-417
681,-417
680,-416
679,-416
678,-415
677,-414
676,-414
675,-413
674,-413
673,-412
672,-412
671,-411
670,-410
669,-410
668,-409
667,-408
666,-408
665,-408
664,-407
663,-406
662,-406
661,-405
660,-404
659,-404
658,-403
657,-403
656,-402
655,-402
654,-401
653,-401
652,-400
651,-399
650,-399
649,-398
648,-397
647,-397
646,-396
645,-396
644,-395
643,-394
642,-394
641,-393
640,-393
639,-393
638,-392
637,-391
636,-391
635,-390
634,-390
633,-389
632,-389
631,-388
630,-387
629,-387
628,-386
627,-385
626,-385
625,-384
624,-384
623,-384
622,-383
621,-382
620,-382
619,-381
618,-381
617,-380
616,-380
615,-379
614,-378
613,-378
612,-377
611,-377
610,-376
609,-376
608,-376
607,-375
606,-374
605,-373
604,-373
603,-373
602,-372
601,-372
600,-371
599,-371
598,-370
597,-369
596,-369
595,-368
594,-368
593,-367
592,-367
591,-366
590,-365
589,-365
588,-365
587,-364
586,-364
585,-363
584,-363
583,-362
582,-361
581,-361
580,-360
579,-360
578,-359
577,-359
576,-358
575,-358
574,-357
573,-357
572,-356
571,-355
570,-355
569,-355
568,-354
567,-354
566,-353
565,-353
564,-352
563,-352
562,-352
561,-351
560,-351
559,-350
558,-350
557,-350
556,-349
555,-349
554,-349
553,-348
552,-348
551,-347
550,-346
549,-346
548,-345
547,-345
546,-344
545,-344
544,-343
543,-343
542,-342
541,-342
540,-341
539,-341
538,-340
537,-340
536,-340
535,-340
534,-339
533,-339
532,-339
531,-338
530,-338
529,-338
528,-338
527,-338
526,-338
525,-338
524,-338
523,-338
522,-339
522,-340
522,-341
521,-342
