446,-922
446,-923
446,-924
446,-925
446,-926
446,-927
446,-928
447,-929
447,-930
447,-931
447,-932
447,-933
448,-934
448,-935
448,-936
448,-937
448,-938
449,-938
450,-938
451,-938
452,-938
453,-938
454,-938
455,-938
456,-937
457,-937
458,-937
459,-936
460,-936
461,-936
462,-936
463,-935
464,-935
465,-934
466,-934
467,-934
468,-934
469,-933
470,-933
471,-932
472,-932
473,-932
474,-932
475,-932
476,-931
477,-931
478,-931
479,-931
480,-930
481,-930
482,-930
483,-930
484,-930
485,-930
486,-930
487,-930
488,-929
489,-928
490,-928
491,-928
492,-928
493,-928
494,-928
495,-928
496,-928
497,-928
498,-928
499,-928
500,-928
501,-927
502,-927
503,-927
504,-927
505,-927
506,-927
507,-926
508,-926
509,-926
510,-926
511,-926
512,-926
513,-925
514,-925
515,-925
516,-925
517,-925
518,-925
519,-925
520,-925
521,-925
522,-924
523,-924
524,-924
525,-924
526,-924
527,-924
528,-924
529,-923
530,-923
531,-923
532,-923
533,-923
534,-923
535,-923
536,-922
537,-922
538,-921
539,-921
540,-921
541,-921
542,-921
543,-921
544,-920
545,-920
546,-920
547,-919
548,-919
549,-919
550,-919
551,-919
552,-919
553,-919
554,-919
555,-919
556,-919
557,-919
558,-918
559,-918
560,-918
561,-918
562,-918
563,-918
564,-918
565,-918
566,-918
567,-918
568,-918
569,-918
570,-918
571,-918
572,-918
573,-917
574,-917
575,-917
576,-917
577,-917
578,-917
579,-917
580,-917
581,-917
582,-917
583,-917
584,-917
585,-917
586,-916
587,-916
588,-916
589,-916
590,-916
591,-916
592,-916
593,-916
594,-916
595,-915
596,-915
597,-915
598,-915
599,-915
600,-915
601,-915
602,-915
603,-914
604,-914
605,-914
606,-914
607,-914
608,-914
609,-914
610,-914
611,-914
612,-913
613,-913
614,-913
615,-913
616,-913
617,-912
618,-912
619,-912
620,-911
621,-911
622,-911
623,-911
624,-911
625,-911
626,-911
627,-911
628,-910
629,-910
630,-910
631,-910
632,-910
633,-910
634,-910
635,-909
636,-909
637,-909
638,-909
639,-909
640,-908
641,-908
642,-908
643,-908
644,-907
645,-907
646,-906
647,-906
648,-906
649,-906
650,-906
651,-906
652,-905
653,-905
654,-905
655,-905
655,-904
656,-903
657,-903
658,-903
659,-903
660,-903
661,-902
662,-902
663,-902
664,-902
665,-902
666,-901
667,-901
668,-900
669,-900
670,-900
671,-899
672,-898
673,-898
674,-898
675,-898
676,-897
677,-896
678,-896
679,-896
680,-895
681,-894
682,-894
683,-894
684,-894
685,-894
686,-893
687,-893
688,-892
689,-892
690,-891
691,-891
692,-891
693,-891
694,-890
695,-890
696,-889
697,-889
698,-889
699,-889
699,-888
699,-887
700,-886
701,-885
702,-885
703,-885
704,-885
705,-884
706,-884
706,-883
707,-882
708,-882
709,-882
710,-882
711,-882
712,-882
713,-882
714,-881
715,-881
716,-881
717,-881
718,-881
719,-881
719,-880
719,-879
720,-878
721,-878
722,-878
723,-877
724,-877
725,-877
725,-876
725,-875
726,-874
727,-873
728,-873
729,-873
730,-873
731,-873
732,-872
733,-872
734,-871
735,-870
736,-870
736,-869
737,-868
738,-867
739,-867
740,-867
740,-866
741,-865
742,-864
743,-864
744,-864
745,-863
746,-862
747,-862
748,-862
749,-861
750,-860
751,-860
751,-859
752,-858
753,-857
754,-857
755,-856
756,-856
757,-855
758,-855
759,-855
759,-854
760,-853
761,-853
762,-853
763,-852
764,-851
764,-850
765,-849
766,-849
767,-849
768,-848
769,-848
770,-847
770,-846
771,-845
772,-845
773,-844
773,-843
774,-842
775,-842
775,-841
776,-840
777,-840
778,-840
779,-840
779,-839
780,-838
781,-838
782,-837
782,-836
783,-835
784,-835
784,-834
785,-833
786,-832
787,-831
788,-831
789,-831
789,-830
790,-829
791,-829
792,-828
793,-827
794,-827
795,-826
795,-825
795,-824
796,-823
797,-823
798,-822
799,-821
800,-820
801,-820
801,-819
802,-818
803,-818
804,-817
804,-816
804,-815
805,-814
806,-814
807,-814
807,-813
807,-812
807,-811
808,-810
809,-810
810,-810
810,-809
810,-808
811,-807
812,-807
813,-807
813,-806
814,-805
814,-804
814,-803
815,-802
816,-801
817,-800
818,-799
819,-798
819,-797
819,-796
820,-795
821,-795
821,-794
821,-793
821,-792
821,-791
822,-790
823,-790
824,-790
825,-789
825,-788
825,-787
825,-786
826,-785
827,-785
828,-785
829,-784
829,-783
829,-782
829,-781
830,-780
831,-779
831,-778
832,-777
833,-777
833,-776
833,-775
834,-774
834,-773
834,-772
835,-771
836,-770
836,-769
837,-768
837,-767
838,-766
838,-765
839,-764
839,-763
839,-762
840,-761
840,-760
841,-759
841,-758
842,-757
842,-756
842,-755
843,-754
843,-753
844,-752
844,-751
845,-750
845,-749
845,-748
846,-747
846,-746
846,-745
846,-744
847,-743
847,-742
848,-741
848,-740
848,-739
849,-738
849,-737
849,-736
849,-735
849,-734
849,-733
849,-732
849,-731
850,-730
851,-730
851,-729
851,-728
851,-727
851,-726
851,-725
852,-724
852,-723
852,-722
852,-721
853,-720
853,-719
854,-718
854,-717
854,-716
855,-715
855,-714
855,-713
856,-712
857,-712
858,-712
859,-712
860,-712
861,-711
862,-711
863,-711
864,-711
865,-711
866,-711
867,-711
868,-711
869,-711
870,-711
871,-710
872,-709
873,-709
874,-709
875,-709
876,-709
877,-709
878,-708
879,-708
880,-707
881,-707
882,-707
883,-707
884,-706
885,-706
886,-706
887,-706
887,-705
887,-704
888,-703
888,-702
889,-701
890,-701
890,-700
891,-699
892,-699
893,-699
894,-699
895,-699
896,-699
897,-699
898,-699
898,-698
899,-697
900,-697
901,-697
902,-697
902,-696
902,-695
903,-694
904,-694
905,-694
906,-694
907,-694
908,-694
908,-693
908,-692
908,-691
909,-690
910,-690
911,-689
911,-688
911,-687
912,-686
913,-686
914,-686
915,-686
916,-686
916,-685
916,-684
917,-683
918,-683
919,-683
920,-683
921,-683
921,-682
921,-681
921,-680
922,-679
923,-679
923,-678
923,-677
923,-676
924,-675
925,-674
926,-674
927,-674
928,-674
929,-674
930,-673
931,-673
932,-673
932,-672
932,-671
933,-670
934,-670
935,-670
935,-669
935,-668
936,-667
937,-667
937,-666
938,-665
939,-665
939,-664
940,-663
941,-663
942,-662
942,-661
942,-660
942,-659
942,-658
942,-657
942,-656
943,-655
944,-655
945,-655
946,-655
947,-655
948,-655
949,-655
950,-655
951,-655
952,-655
953,-655
954,-655
955,-655
955,-654
955,-653
955,-652
955,-651
955,-650
955,-649
956,-648
957,-648
958,-647
959,-647
960,-647
961,-646
962,-646
963,-646
963,-645
964,-644
965,-644
966,-643
967,-643
968,-643
969,-643
970,-643
970,-642
971,-641
972,-641
972,-640
973,-639
974,-639
975,-639
976,-639
977,-639
978,-639
979,-639
980,-639
981,-639
982,-639
983,-639
984,-639
985,-639
986,-639
986,-638
987,-637
987,-636
987,-635
988,-634
989,-633
990,-633
991,-632
991,-631
992,-630
993,-629
994,-628
995,-628
996,-628
997,-627
998,-626
999,-626
1000,-625
1001,-625
1002,-625
1003,-625
1004,-625
1005,-625
1006,-624
1006,-623
1007,-622
1008,-622
1009,-621
1010,-620
1011,-619
1012,-619
1012,-618
1013,-617
1014,-617
1015,-617
1016,-616
1017,-616
1017,-615
1017,-614
1018,-613
1019,-613
1020,-613
1021,-613
1022,-613
1022,-612
1023,-611
1024,-611
1025,-611
1025,-610
1026,-609
1027,-609
1028,-609
1029,-608
1030,-608
1031,-607
1032,-607
1033,-607
1034,-607
1035,-607
1035,-606
1036,-605
1037,-605
1038,-605
1038,-604
1039,-603
1039,-602
1040,-601
1041,-601
1042,-601
1043,-601
1044,-601
1044,-600
1045,-599
1045,-598
1045,-597
1046,-596
1047,-596
1048,-596
1049,-596
1049,-595
1049,-594
1049,-593
1049,-592
1050,-591
1050,-590
1051,-589
1052,-589
1053,-589
1054,-588
1054,-587
1054,-586
1054,-585
1055,-584
1055,-583
1055,-582
1055,-581
1055,-580
1055,-579
1054,-579
1053,-579
1052,-579
1051,-579
1050,-578
1050,-577
1050,-576
1050,-575
1050,-574
1049,-573
1049,-572
1049,-571
1048,-570
1048,-569
1048,-568
1048,-567
1048,-566
1048,-565
1048,-564
1048,-563
1047,-563
1046,-563
1045,-563
1044,-563
1043,-564
1042,-565
1041,-565
1040,-566
1039,-566
1038,-566
1037,-567
1036,-567
1035,-568
1034,-569
1033,-569
1032,-570
1031,-571
1030,-572
1029,-573
1028,-574
1027,-574
1026,-574
1025,-575
1024,-576
1023,-576
1022,-576
1021,-576
1020,-575
1019,-575
1018,-575
1017,-575
1016,-575
1016,-576
1015,-577
1014,-577
1013,-577
1012,-578
1011,-578
1010,-578
1009,-578
1008,-578
1007,-579
1006,-579
1005,-579
1004,-580
1003,-581
1002,-581
1001,-582
1000,-583
999,-583
998,-583
997,-584
996,-584
996,-585
996,-586
995,-587
994,-587
993,-587
992,-587
992,-588
991,-589
990,-589
989,-589
988,-589
987,-589
986,-588
985,-588
984,-588
983,-588
982,-588
981,-588
980,-588
979,-587
979,-586
979,-585
979,-584
979,-583
979,-582
979,-581
979,-580
979,-579
980,-578
981,-578
982,-578
983,-577
983,-576
983,-575
983,-574
984,-573
985,-573
986,-572
986,-571
986,-570
986,-569
986,-568
986,-567
986,-566
985,-566
984,-566
983,-566
982,-566
981,-566
980,-566
979,-566
978,-567
977,-567
976,-568
975,-568
974,-569
973,-570
972,-571
971,-571
970,-571
970,-572
969,-573
968,-573
967,-573
967,-574
966,-575
965,-575
964,-575
963,-576
962,-576
961,-577
960,-577
960,-578
960,-579
960,-580
959,-581
958,-581
957,-582
956,-582
955,-582
954,-582
953,-582
952,-583
951,-583
951,-584
950,-585
949,-586
948,-586
948,-587
947,-588
946,-589
945,-589
944,-589
943,-589
942,-589
941,-589
941,-590
940,-591
939,-591
938,-591
937,-591
937,-592
936,-593
936,-594
935,-595
934,-595
933,-595
932,-595
931,-596
930,-597
929,-597
928,-597
927,-597
926,-598
925,-598
924,-599
923,-600
922,-600
921,-601
920,-602
919,-602
918,-602
917,-603
916,-604
915,-604
914,-604
913,-605
912,-606
911,-606
910,-607
909,-608
908,-608
907,-608
906,-609
905,-609
904,-609
904,-610
903,-611
902,-611
902,-612
902,-613
902,-614
901,-615
900,-615
899,-615
898,-615
897,-615
896,-616
895,-616
894,-616
893,-616
892,-617
891,-617
890,-618
889,-619
888,-619
887,-619
886,-619
885,-620
884,-621
883,-621
882,-622
881,-622
880,-623
879,-623
878,-624
877,-625
876,-625
875,-626
874,-626
873,-627
872,-627
871,-628
870,-629
869,-629
868,-630
867,-630
866,-631
865,-631
864,-632
863,-632
862,-633
861,-634
860,-634
859,-634
858,-635
857,-635
856,-636
855,-636
854,-637
853,-638
852,-638
851,-638
850,-638
849,-639
848,-639
847,-639
846,-639
845,-639
844,-640
843,-640
842,-640
841,-641
840,-641
839,-642
838,-642
837,-642
836,-642
835,-643
834,-643
833,-643
832,-643
831,-643
830,-643
829,-644
828,-644
827,-644
826,-644
825,-644
824,-644
823,-644
822,-645
821,-645
820,-645
819,-645
818,-645
817,-645
816,-645
815,-645
814,-644
813,-644
812,-644
811,-644
810,-644
809,-643
808,-643
807,-643
806,-643
805,-643
804,-642
803,-642
802,-642
801,-642
800,-642
799,-642
798,-642
797,-642
796,-641
795,-641
794,-641
793,-641
792,-641
791,-640
790,-640
789,-639
788,-639
787,-639
786,-639
785,-638
784,-638
783,-638
782,-638
781,-638
780,-638
779,-638
778,-638
777,-638
776,-637
775,-637
774,-637
773,-637
772,-636
771,-636
770,-636
769,-636
768,-636
767,-636
766,-636
765,-636
764,-636
763,-636
762,-636
761,-636
760,-636
759,-636
758,-636
757,-636
756,-636
755,-636
754,-636
753,-636
752,-636
751,-636
750,-636
749,-636
748,-636
747,-636
746,-636
745,-636
744,-636
743,-636
742,-637
741,-637
740,-637
739,-637
738,-637
737,-637
736,-637
735,-637
734,-637
733,-637
732,-638
731,-638
730,-638
729,-638
728,-639
727,-639
726,-639
725,-639
724,-639
723,-640
722,-640
721,-640
720,-640
719,-640
718,-640
717,-641
716,-641
715,-641
714,-641
713,-641
712,-641
711,-642
710,-642
709,-642
708,-642
707,-642
706,-643
705,-643
704,-643
703,-643
702,-643
701,-644
700,-644
699,-644
698,-644
697,-644
696,-645
695,-645
694,-646
693,-646
692,-646
691,-646
690,-646
689,-647
688,-647
687,-648
686,-648
685,-649
684,-649
683,-649
682,-649
681,-650
680,-650
679,-650
678,-650
677,-651
676,-651
675,-652
674,-652
673,-653
672,-653
671,-653
670,-654
669,-654
668,-654
667,-655
666,-656
665,-656
664,-656
663,-657
662,-657
661,-658
660,-658
659,-659
658,-659
657,-660
656,-660
655,-661
654,-661
653,-662
652,-662
651,-662
650,-663
649,-664
648,-664
647,-665
646,-665
645,-666
644,-666
643,-666
642,-667
641,-667
640,-668
639,-669
638,-669
637,-669
636,-670
635,-671
634,-671
633,-672
632,-672
631,-673
630,-673
629,-674
628,-675
627,-675
626,-676
625,-677
624,-677
623,-678
622,-678
621,-678
620,-679
619,-680
618,-680
617,-681
616,-682
615,-682
614,-683
613,-683
612,-684
611,-685
610,-686
609,-686
608,-687
607,-688
606,-689
605,-689
604,-690
603,-691
602,-692
601,-693
600,-693
599,-694
598,-695
597,-695
597,-696
596,-697
595,-697
594,-697
593,-698
592,-699
591,-700
590,-700
589,-701
588,-702
587,-703
586,-704
585,-705
584,-705
583,-706
582,-707
581,-707
581,-708
580,-709
579,-710
578,-710
578,-711
577,-712
576,-712
575,-713
574,-714
573,-715
572,-716
571,-716
570,-717
569,-718
568,-719
567,-720
566,-721
565,-722
564,-723
563,-724
562,-725
561,-726
560,-726
560,-727
559,-728
558,-729
557,-730
556,-731
555,-732
554,-733
553,-734
552,-735
551,-736
550,-737
549,-738
548,-739
548,-740
547,-741
546,-742
545,-743
544,-744
543,-744
542,-745
541,-746
540,-747
540,-748
540,-749
539,-750
538,-751
537,-752
536,-753
535,-754
535,-755
534,-756
533,-757
533,-758
532,-759
531,-760
530,-761
529,-762
528,-763
528,-764
527,-765
526,-766
525,-767
525,-768
524,-769
523,-770
522,-771
522,-772
521,-773
520,-773
520,-774
519,-775
518,-776
517,-777
517,-778
516,-779
515,-780
514,-781
514,-782
513,-783
512,-784
511,-785
511,-786
510,-787
509,-788
508,-789
507,-789
507,-790
507,-791
507,-792
506,-793
505,-794
505,-795
504,-796
504,-797
503,-798
502,-799
502,-800
501,-801
501,-802
500,-803
500,-804
499,-805
499,-806
498,-807
497,-808
497,-809
496,-810
496,-811
495,-812
494,-813
494,-814
494,-815
493,-816
493,-817
492,-818
491,-819
490,-820
489,-821
489,-822
489,-823
488,-824
488,-825
487,-826
487,-827
487,-828
486,-829
486,-830
485,-831
484,-831
484,-832
484,-833
483,-834
482,-835
482,-836
481,-837
481,-838
480,-839
480,-840
479,-841
479,-842
478,-843
478,-844
477,-845
477,-846
476,-847
476,-848
475,-849
475,-850
474,-851
473,-852
473,-853
473,-854
472,-855
472,-856
471,-857
471,-858
471,-859
470,-860
470,-861
469,-862
469,-863
469,-864
468,-865
467,-866
467,-867
467,-868
466,-869
465,-870
465,-871
465,-872
464,-873
464,-874
463,-875
463,-876
463,-877
463,-878
462,-879
461,-880
461,-881
460,-882
460,-883
460,-884
459,-885
458,-886
458,-887
458,-888
458,-889
457,-890
456,-890
456,-891
456,-892
456,-893
456,-894
455,-895
455,-896
455,-897
454,-898
454,-899
454,-900
453,-901
452,-902
452,-903
452,-904
452,-905
451,-906
450,-907
449,-908
448,-908
448,-909
448,-910
448,-911
448,-912
448,-913
448,-914
448,-915
448,-916
448,-917
448,-918
447,-919
447,-920
447,-921
446,-922
