493,-992
493,-993
493,-994
493,-995
493,-996
493,-997
493,-998
493,-999
493,-1000
494,-1001
495,-1002
496,-1002
497,-1002
498,-1002
499,-1002
500,-1002
501,-1002
502,-1002
503,-1003
504,-1003
505,-1003
506,-1003
507,-1003
508,-1003
509,-1003
510,-1003
511,-1002
512,-1002
513,-1002
514,-1002
515,-1001
516,-1001
517,-1001
518,-1001
519,-1001
520,-1001
521,-1001
522,-1000
523,-999
524,-999
525,-999
526,-998
527,-998
528,-998
529,-997
530,-997
531,-997
532,-996
533,-996
534,-995
535,-995
536,-995
537,-995
538,-994
539,-994
540,-993
541,-993
542,-993
543,-993
544,-993
545,-992
546,-992
547,-991
548,-991
549,-990
550,-990
551,-989
552,-989
553,-989
554,-988
555,-988
556,-988
557,-987
558,-987
559,-987
560,-986
561,-986
562,-985
563,-985
564,-985
565,-985
566,-985
567,-984
568,-984
569,-983
570,-983
571,-982
572,-982
573,-982
574,-981
575,-981
576,-981
577,-980
578,-979
579,-978
580,-978
581,-978
582,-977
583,-977
584,-976
585,-976
586,-975
587,-975
588,-974
589,-974
590,-973
591,-973
592,-972
593,-972
594,-971
595,-971
596,-971
597,-971
597,-970
598,-969
599,-969
600,-969
601,-969
602,-969
603,-968
604,-967
605,-967
606,-966
607,-966
608,-966
609,-965
610,-965
611,-965
612,-964
613,-964
614,-964
615,-963
616,-963
617,-963
618,-962
619,-961
620,-961
621,-961
622,-961
623,-961
624,-960
625,-960
626,-960
627,-959
628,-959
629,-958
630,-957
631,-957
632,-957
633,-956
634,-956
635,-956
636,-955
637,-954
638,-953
639,-953
640,-953
641,-953
642,-952
643,-952
644,-951
645,-951
646,-950
647,-949
648,-949
649,-949
650,-949
651,-948
651,-947
651,-946
652,-945
653,-945
654,-945
655,-945
656,-945
657,-945
658,-944
658,-943
659,-942
660,-941
661,-940
662,-940
663,-939
664,-939
665,-938
666,-937
667,-937
668,-937
669,-937
670,-937
671,-936
672,-935
673,-935
674,-935
675,-935
676,-934
677,-934
677,-933
677,-932
677,-931
678,-930
679,-930
680,-930
681,-929
682,-928
683,-928
684,-928
684,-927
684,-926
685,-925
686,-925
687,-925
688,-924
689,-924
689,-923
690,-922
691,-922
692,-922
692,-921
693,-920
694,-919
695,-919
696,-918
697,-917
698,-917
699,-916
700,-916
701,-915
701,-914
702,-913
703,-913
704,-912
705,-911
706,-910
707,-909
708,-909
709,-908
710,-907
711,-906
712,-905
713,-904
714,-903
715,-903
716,-902
717,-901
718,-900
719,-900
720,-899
721,-898
721,-897
722,-896
723,-895
724,-895
725,-894
726,-893
727,-892
728,-891
729,-891
730,-890
731,-889
731,-888
732,-887
733,-887
733,-886
734,-885
735,-885
736,-884
737,-883
737,-882
738,-881
739,-880
740,-880
740,-879
741,-878
742,-877
742,-876
743,-875
744,-875
745,-875
745,-874
746,-873
747,-872
748,-872
748,-871
749,-870
750,-869
751,-869
751,-868
752,-867
753,-867
753,-866
753,-865
754,-864
755,-864
755,-863
756,-862
757,-861
758,-861
758,-860
758,-859
759,-858
760,-857
761,-856
762,-855
763,-855
763,-854
763,-853
763,-852
764,-851
765,-851
766,-850
766,-849
767,-848
768,-848
768,-847
769,-846
770,-845
770,-844
771,-843
772,-843
772,-842
772,-841
773,-840
774,-840
774,-839
774,-838
775,-837
776,-836
777,-835
778,-834
779,-833
780,-832
780,-831
780,-830
781,-829
782,-828
782,-827
783,-826
783,-825
784,-824
785,-823
786,-822
786,-821
787,-820
787,-819
788,-818
789,-817
789,-816
790,-815
790,-814
791,-813
791,-812
792,-811
793,-810
794,-809
794,-808
795,-807
795,-806
796,-805
796,-804
797,-803
798,-802
799,-801
799,-800
799,-799
800,-798
800,-797
800,-796
801,-795
802,-794
802,-793
803,-792
803,-791
803,-790
804,-789
805,-788
805,-787
805,-786
806,-785
806,-784
807,-783
807,-782
808,-781
808,-780
809,-779
809,-778
809,-777
809,-776
810,-775
810,-774
811,-773
811,-772
811,-771
812,-770
812,-769
812,-768
813,-767
813,-766
814,-765
814,-764
814,-763
814,-762
814,-761
815,-760
815,-759
815,-758
816,-757
816,-756
817,-755
817,-754
817,-753
817,-752
818,-751
818,-750
818,-749
819,-748
819,-747
819,-746
819,-745
820,-744
820,-743
820,-742
820,-741
820,-740
820,-739
821,-738
821,-737
821,-736
822,-735
822,-734
822,-733
822,-732
822,-731
823,-730
823,-729
823,-728
823,-727
823,-726
823,-725
824,-724
824,-723
824,-722
824,-721
824,-720
824,-719
824,-718
825,-717
825,-716
825,-715
825,-714
825,-713
825,-712
826,-711
826,-710
826,-709
826,-708
826,-707
826,-706
826,-705
826,-704
826,-703
826,-702
826,-701
826,-700
826,-699
826,-698
826,-697
826,-696
826,-695
826,-694
826,-693
826,-692
826,-691
826,-690
826,-689
826,-688
826,-687
826,-686
825,-685
825,-684
825,-683
825,-682
825,-681
825,-680
825,-679
825,-678
825,-677
825,-676
825,-675
825,-674
826,-673
827,-673
828,-672
828,-671
828,-670
828,-669
828,-668
828,-667
829,-666
830,-665
831,-665
831,-664
832,-663
833,-662
833,-661
833,-660
834,-659
834,-658
835,-657
836,-656
837,-656
837,-655
837,-654
838,-653
839,-652
839,-651
840,-650
841,-649
841,-648
842,-647
843,-647
843,-646
843,-645
844,-644
845,-644
846,-643
847,-642
848,-641
849,-640
850,-639
850,-638
850,-637
851,-636
852,-636
852,-635
853,-634
853,-633
854,-632
855,-632
856,-631
857,-630
858,-629
859,-629
860,-628
861,-627
862,-626
863,-626
863,-625
863,-624
864,-623
865,-623
865,-622
866,-621
867,-621
868,-620
869,-620
870,-619
870,-618
871,-617
872,-616
873,-615
874,-614
875,-613
876,-612
877,-612
878,-611
879,-610
880,-609
881,-608
881,-607
882,-606
883,-605
884,-605
885,-605
885,-604
886,-603
887,-602
888,-601
889,-600
890,-600
891,-600
892,-599
893,-598
894,-598
895,-597
896,-596
897,-595
897,-594
898,-593
899,-593
899,-592
900,-591
901,-591
902,-590
903,-590
904,-589
905,-588
906,-588
907,-587
907,-586
908,-585
908,-584
909,-583
910,-583
911,-583
912,-583
912,-582
913,-581
914,-581
914,-580
915,-579
916,-579
917,-579
917,-578
918,-577
919,-577
920,-577
920,-576
921,-575
922,-575
922,-574
923,-573
924,-573
925,-572
926,-571
927,-571
927,-570
928,-569
929,-568
930,-568
931,-568
932,-567
933,-567
933,-566
933,-565
934,-564
935,-564
936,-563
937,-563
938,-562
939,-562
940,-562
940,-561
941,-560
942,-559
943,-558
944,-558
945,-558
946,-558
947,-558
948,-558
949,-557
949,-556
950,-555
950,-554
951,-553
952,-552
953,-551
954,-551
955,-550
956,-550
957,-549
958,-549
959,-549
960,-549
961,-549
961,-548
961,-547
962,-546
962,-545
963,-544
964,-543
965,-542
966,-542
967,-541
968,-540
969,-540
970,-539
971,-539
972,-539
972,-538
972,-537
973,-536
974,-536
975,-536
976,-536
976,-535
977,-534
978,-533
979,-532
980,-532
981,-531
982,-530
983,-530
984,-529
985,-528
986,-528
987,-528
988,-528
989,-528
989,-527
989,-526
990,-525
991,-525
992,-525
993,-525
994,-524
995,-523
996,-523
997,-523
997,-522
998,-521
999,-521
1000,-521
1001,-521
1002,-521
1002,-520
1002,-519
1002,-518
1002,-517
1003,-516
1004,-516
1004,-515
1005,-514
1006,-514
1007,-513
1008,-513
1008,-512
1008,-511
1008,-510
1008,-509
1007,-508
1006,-507
1006,-506
1006,-505
1007,-504
1007,-503
1007,-502
1007,-501
1007,-500
1007,-499
1006,-499
1005,-499
1004,-499
1003,-499
1002,-500
1001,-500
1000,-500
999,-500
998,-500
998,-501
998,-502
997,-503
996,-504
995,-505
994,-505
993,-505
992,-505
991,-505
990,-505
989,-506
988,-506
987,-506
986,-506
985,-506
984,-506
983,-506
982,-506
982,-507
981,-508
980,-508
979,-508
978,-509
977,-509
976,-509
975,-509
974,-510
973,-511
972,-511
971,-511
970,-511
969,-511
968,-512
967,-513
966,-514
965,-515
965,-516
964,-517
963,-518
962,-518
961,-518
960,-519
959,-520
959,-521
958,-522
957,-523
956,-523
955,-523
954,-523
954,-524
953,-525
952,-525
951,-526
950,-527
949,-528
948,-528
947,-528
946,-529
945,-530
944,-530
943,-530
942,-530
942,-531
941,-532
940,-532
939,-533
939,-534
938,-535
937,-535
936,-535
935,-536
934,-536
934,-537
933,-538
932,-538
931,-539
931,-540
931,-541
930,-542
929,-542
928,-542
928,-543
927,-544
926,-544
925,-545
924,-545
923,-546
922,-547
921,-548
920,-548
919,-548
918,-549
917,-549
916,-549
916,-550
916,-551
915,-552
914,-552
913,-553
912,-554
911,-554
910,-554
909,-553
909,-552
909,-551
909,-550
910,-549
910,-548
911,-547
912,-547
913,-547
914,-547
914,-546
914,-545
915,-544
916,-544
916,-543
916,-542
917,-541
918,-541
919,-541
920,-540
921,-540
922,-540
923,-540
923,-539
923,-538
924,-537
925,-536
926,-535
927,-535
928,-535
928,-534
929,-533
930,-532
931,-532
932,-532
933,-531
934,-531
935,-530
935,-529
935,-528
935,-527
935,-526
935,-525
936,-524
937,-523
937,-522
938,-521
939,-521
939,-520
939,-519
940,-518
941,-517
942,-517
942,-516
942,-515
942,-514
943,-513
944,-513
945,-513
946,-512
947,-511
948,-510
949,-510
950,-510
951,-510
952,-510
953,-510
953,-509
953,-508
953,-507
953,-506
953,-505
954,-504
955,-504
956,-504
957,-504
958,-504
958,-503
958,-502
958,-501
958,-500
958,-499
958,-498
957,-498
956,-498
955,-498
954,-498
953,-499
952,-499
951,-500
950,-500
949,-501
948,-502
947,-502
946,-502
945,-503
944,-504
943,-505
942,-506
941,-507
940,-507
940,-508
939,-509
938,-509
937,-509
936,-510
935,-510
934,-511
933,-512
932,-513
931,-513
930,-514
929,-515
928,-516
927,-517
926,-518
925,-518
924,-519
923,-519
922,-520
921,-521
920,-521
919,-522
919,-523
918,-524
917,-525
916,-525
915,-526
914,-526
913,-526
912,-527
911,-528
910,-529
909,-529
908,-530
907,-531
906,-531
905,-532
904,-532
903,-533
902,-534
901,-535
900,-536
899,-536
898,-536
898,-537
897,-538
896,-538
895,-539
894,-540
893,-541
892,-541
891,-542
890,-543
889,-544
888,-544
887,-545
886,-546
885,-546
884,-547
883,-548
882,-549
881,-550
880,-550
879,-551
878,-551
877,-552
876,-553
875,-554
874,-555
873,-555
872,-556
871,-557
870,-557
869,-558
868,-559
867,-560
866,-560
865,-561
864,-562
863,-563
862,-563
861,-564
860,-565
859,-565
858,-566
857,-566
856,-567
855,-568
854,-569
853,-570
852,-570
851,-571
850,-571
849,-571
849,-572
848,-573
847,-574
846,-574
845,-575
844,-576
843,-577
842,-577
841,-578
840,-579
839,-580
838,-580
837,-581
836,-582
835,-583
834,-583
833,-584
832,-585
831,-585
830,-586
829,-587
828,-587
827,-588
826,-589
825,-589
824,-590
823,-591
822,-591
821,-592
820,-593
819,-594
818,-594
817,-594
816,-595
815,-595
814,-596
813,-597
812,-598
811,-598
810,-599
809,-599
808,-600
807,-601
806,-601
805,-602
804,-603
803,-604
802,-604
801,-605
800,-606
799,-607
798,-608
797,-608
796,-609
795,-610
794,-610
793,-610
792,-611
791,-611
791,-612
790,-613
789,-613
788,-613
787,-613
786,-613
785,-614
784,-614
783,-615
782,-615
781,-615
780,-615
779,-615
778,-615
777,-616
776,-616
775,-616
774,-616
773,-617
772,-617
771,-617
770,-617
769,-617
768,-617
767,-617
766,-618
765,-618
764,-618
763,-618
762,-618
761,-619
760,-619
759,-619
758,-619
757,-619
756,-619
755,-620
754,-620
753,-620
752,-620
751,-620
750,-620
749,-620
748,-620
747,-620
746,-620
745,-621
744,-621
743,-621
742,-621
741,-621
740,-621
739,-621
738,-621
737,-622
736,-622
735,-622
734,-622
733,-622
732,-622
731,-622
730,-623
729,-623
728,-623
727,-624
726,-624
725,-624
724,-624
723,-625
722,-625
721,-625
720,-625
719,-626
718,-626
717,-627
716,-627
715,-627
714,-628
713,-628
712,-628
711,-628
710,-628
709,-629
708,-629
707,-630
706,-630
705,-630
704,-631
703,-631
702,-632
701,-632
700,-632
699,-633
698,-633
697,-634
696,-634
695,-635
694,-635
693,-636
692,-636
691,-637
690,-637
689,-638
688,-638
687,-639
686,-639
685,-640
684,-641
683,-641
682,-642
681,-642
680,-643
679,-644
678,-644
677,-644
676,-645
675,-645
674,-646
673,-646
672,-647
671,-647
670,-648
669,-648
668,-649
668,-650
667,-651
666,-651
665,-652
664,-652
663,-653
662,-654
661,-655
660,-656
659,-657
658,-657
657,-658
656,-659
655,-660
654,-660
653,-661
652,-661
651,-662
651,-663
650,-664
649,-664
648,-665
647,-666
646,-666
646,-667
645,-668
644,-669
643,-669
642,-670
641,-671
640,-672
639,-673
638,-674
637,-674
636,-675
636,-676
635,-677
634,-677
633,-678
633,-679
632,-680
631,-681
630,-682
629,-683
628,-684
627,-685
626,-686
625,-687
624,-688
623,-689
622,-689
621,-690
621,-691
620,-692
619,-693
618,-694
617,-695
616,-696
615,-697
614,-698
614,-699
613,-700
612,-701
612,-702
611,-703
610,-703
609,-704
609,-705
608,-706
607,-707
606,-708
605,-709
604,-710
604,-711
603,-712
602,-713
601,-714
600,-715
599,-716
598,-717
597,-718
597,-719
596,-720
595,-721
595,-722
594,-723
594,-724
593,-725
592,-726
592,-727
591,-728
590,-728
589,-729
589,-730
588,-731
588,-732
588,-733
587,-734
586,-735
585,-736
584,-737
584,-738
583,-739
582,-740
581,-741
580,-742
580,-743
580,-744
579,-745
578,-746
577,-747
577,-748
576,-749
576,-750
575,-751
574,-752
574,-753
573,-754
573,-755
572,-756
571,-756
571,-757
571,-758
570,-759
569,-760
568,-761
568,-762
568,-763
567,-764
567,-765
566,-766
566,-767
565,-768
564,-769
564,-770
563,-771
562,-772
562,-773
562,-774
561,-775
560,-776
560,-777
560,-778
559,-779
558,-780
558,-781
558,-782
557,-783
556,-784
556,-785
556,-786
555,-787
555,-788
554,-789
553,-789
553,-790
553,-791
553,-792
552,-793
551,-794
551,-795
550,-796
550,-797
549,-798
549,-799
549,-800
548,-801
548,-802
547,-803
547,-804
546,-805
546,-806
546,-807
546,-808
545,-809
545,-810
545,-811
544,-812
543,-813
543,-814
543,-815
542,-816
542,-817
541,-818
541,-819
540,-820
540,-821
540,-822
539,-823
538,-824
538,-825
538,-826
537,-827
537,-828
537,-829
537,-830
536,-831
536,-832
536,-833
536,-834
536,-835
535,-836
535,-837
534,-838
534,-839
534,-840
534,-841
534,-842
533,-843
533,-844
533,-845
532,-846
532,-847
532,-848
532,-849
532,-850
531,-851
531,-852
531,-853
530,-854
530,-855
529,-856
529,-857
529,-858
529,-859
529,-860
528,-861
528,-862
528,-863
528,-864
528,-865
527,-866
527,-867
527,-868
527,-869
526,-870
526,-871
526,-872
526,-873
525,-874
525,-875
525,-876
525,-877
524,-878
524,-879
524,-880
524,-881
524,-882
524,-883
523,-884
523,-885
523,-886
523,-887
522,-888
522,-889
522,-890
521,-891
521,-892
521,-893
521,-894
520,-895
520,-896
520,-897
519,-898
518,-899
518,-900
518,-901
518,-902
517,-903
517,-904
517,-905
516,-906
516,-907
515,-908
515,-909
515,-910
514,-911
514,-912
514,-913
514,-914
514,-915
513,-916
512,-917
512,-918
512,-919
512,-920
512,-921
512,-922
512,-923
511,-924
511,-925
511,-926
511,-927
510,-928
510,-929
510,-930
510,-931
510,-932
509,-933
509,-934
509,-935
509,-936
508,-937
508,-938
508,-939
508,-940
508,-941
507,-942
507,-943
507,-944
507,-945
507,-946
506,-947
505,-948
505,-949
505,-950
505,-951
505,-952
505,-953
505,-954
504,-955
504,-956
504,-957
504,-958
504,-959
504,-960
503,-961
503,-962
503,-963
503,-964
503,-965
502,-966
502,-967
502,-968
501,-969
501,-970
501,-971
500,-972
499,-973
499,-974
499,-975
499,-976
499,-977
499,-978
498,-979
498,-980
497,-981
497,-982
497,-983
496,-984
495,-985
495,-986
495,-987
495,-988
494,-989
494,-990
494,-991
493,-992
