468,-1039
468,-1040
468,-1041
468,-1042
468,-1043
468,-1044
468,-1045
468,-1046
469,-1046
470,-1046
471,-1046
472,-1046
473,-1046
474,-1046
475,-1046
476,-1046
477,-1046
478,-1046
479,-1046
480,-1046
481,-1046
482,-1046
483,-1046
484,-1046
485,-1046
486,-1046
487,-1045
488,-1045
489,-1045
490,-1045
491,-1045
492,-1045
493,-1045
494,-1045
495,-1045
496,-1044
497,-1044
497,-1043
498,-1042
499,-1041
500,-1041
501,-1041
502,-1040
503,-1040
504,-1040
505,-1040
506,-1040
507,-1039
507,-1038
508,-1037
509,-1037
510,-1037
510,-1036
511,-1035
512,-1035
513,-1034
514,-1034
514,-1033
515,-1032
516,-1032
516,-1031
517,-1030
518,-1030
518,-1029
519,-1028
520,-1027
521,-1026
522,-1026
522,-1025
522,-1024
523,-1023
524,-1022
525,-1021
526,-1020
527,-1020
528,-1019
529,-1018
530,-1018
530,-1017
531,-1016
532,-1015
533,-1014
533,-1013
534,-1012
535,-1011
536,-1011
537,-1011
537,-1010
538,-1009
539,-1009
539,-1008
539,-1007
539,-1006
540,-1005
541,-1005
542,-1004
543,-1004
544,-1003
545,-1002
546,-1001
547,-1000
548,-1000
549,-1000
550,-999
551,-998
551,-997
552,-996
553,-996
553,-995
554,-994
555,-993
556,-993
557,-992
557,-991
558,-990
559,-990
560,-989
561,-988
562,-987
562,-986
563,-985
564,-984
565,-983
566,-983
567,-983
568,-982
569,-981
570,-980
571,-979
572,-978
573,-977
574,-976
575,-976
576,-975
577,-974
578,-973
578,-972
579,-971
580,-971
581,-970
582,-969
583,-968
584,-967
585,-967
585,-966
586,-965
587,-965
588,-964
589,-964
590,-963
590,-962
591,-961
591,-960
592,-959
593,-958
594,-958
594,-957
595,-956
596,-955
597,-954
598,-954
599,-953
600,-953
600,-952
601,-951
602,-951
602,-950
603,-949
604,-948
605,-948
606,-947
606,-946
607,-945
608,-944
609,-943
610,-942
611,-941
612,-940
613,-939
614,-939
615,-939
615,-938
616,-937
617,-937
618,-937
618,-936
619,-935
619,-934
620,-933
621,-932
622,-931
623,-930
623,-929
624,-928
625,-927
626,-927
626,-926
627,-925
628,-925
628,-924
629,-923
630,-923
631,-923
632,-922
633,-921
634,-920
635,-919
636,-918
637,-918
637,-917
638,-916
639,-915
640,-915
641,-914
642,-913
643,-913
644,-913
644,-912
645,-911
646,-910
647,-909
648,-909
649,-908
650,-907
651,-906
652,-906
653,-905
654,-904
655,-904
656,-904
656,-903
657,-902
658,-901
659,-901
660,-901
660,-900
661,-899
661,-898
662,-897
663,-897
664,-897
665,-896
666,-895
667,-895
668,-895
669,-894
670,-894
671,-893
672,-893
673,-893
674,-893
675,-892
676,-891
677,-891
678,-890
679,-889
680,-889
681,-888
682,-888
683,-887
684,-887
684,-886
685,-885
685,-884
686,-883
687,-882
688,-882
689,-881
689,-880
690,-879
690,-878
690,-877
690,-876
691,-875
692,-874
692,-873
693,-872
693,-871
693,-870
694,-869
694,-868
695,-867
696,-866
697,-865
698,-864
699,-863
700,-863
700,-862
701,-861
702,-861
703,-860
704,-860
705,-860
706,-860
706,-859
706,-858
707,-857
708,-857
709,-857
710,-857
711,-857
712,-857
713,-857
714,-857
715,-857
716,-857
717,-857
718,-857
719,-857
720,-857
721,-857
722,-858
723,-858
724,-859
725,-859
726,-859
727,-860
727,-861
727,-862
728,-862
729,-862
730,-862
731,-863
731,-864
732,-864
733,-864
734,-864
735,-864
736,-865
737,-865
738,-865
739,-865
740,-865
741,-865
742,-866
743,-866
744,-866
745,-866
746,-866
747,-866
748,-866
749,-866
750,-867
751,-867
752,-868
753,-868
754,-868
755,-868
756,-868
757,-868
758,-868
759,-868
760,-868
761,-868
762,-868
763,-868
764,-868
765,-867
766,-867
767,-867
768,-866
769,-866
770,-866
771,-865
772,-865
773,-865
774,-865
775,-865
776,-865
777,-864
778,-864
779,-864
780,-864
781,-863
782,-863
783,-863
783,-862
783,-861
783,-860
783,-859
782,-859
781,-858
781,-857
781,-856
781,-855
781,-854
782,-853
783,-853
784,-853
785,-853
786,-853
786,-852
786,-851
787,-850
788,-850
789,-850
790,-850
791,-850
792,-849
793,-848
794,-848
795,-848
796,-847
797,-847
798,-846
799,-845
800,-845
801,-845
802,-845
802,-844
803,-843
804,-842
805,-841
806,-841
807,-841
808,-840
809,-840
810,-839
811,-838
812,-838
813,-837
814,-837
815,-836
816,-836
817,-835
818,-835
819,-834
820,-834
821,-833
822,-832
823,-832
824,-832
825,-831
826,-830
827,-829
828,-828
829,-827
830,-827
830,-826
831,-825
832,-824
833,-824
834,-824
835,-823
836,-822
837,-821
838,-821
839,-821
840,-820
841,-819
842,-819
842,-818
843,-817
844,-817
845,-816
846,-815
847,-815
848,-814
849,-813
850,-812
850,-811
851,-810
852,-810
853,-810
854,-810
855,-809
856,-808
857,-807
858,-806
859,-805
860,-804
861,-803
862,-802
862,-801
863,-800
864,-800
864,-799
865,-798
866,-797
867,-796
868,-796
868,-795
869,-794
870,-794
871,-794
871,-793
872,-792
873,-791
874,-791
875,-791
875,-790
876,-789
877,-788
878,-788
878,-787
878,-786
879,-785
880,-785
880,-784
880,-783
881,-782
882,-782
883,-781
884,-781
884,-780
885,-779
886,-778
887,-778
888,-777
889,-776
889,-775
889,-774
889,-773
890,-772
891,-772
892,-772
893,-772
894,-772
894,-771
894,-770
894,-769
894,-768
895,-767
896,-767
896,-766
897,-765
898,-765
898,-764
899,-763
900,-762
901,-762
902,-762
902,-761
902,-760
902,-759
902,-758
903,-757
904,-757
905,-757
906,-757
907,-756
907,-755
907,-754
907,-753
907,-752
906,-752
905,-751
905,-750
905,-749
906,-748
907,-747
907,-746
907,-745
907,-744
908,-743
909,-742
910,-742
910,-741
910,-740
911,-739
912,-739
913,-739
914,-739
914,-738
914,-737
914,-736
914,-735
913,-735
912,-735
911,-734
911,-733
911,-732
912,-731
913,-731
914,-731
914,-730
915,-729
915,-728
915,-727
915,-726
915,-725
916,-724
917,-723
918,-723
918,-722
918,-721
919,-720
920,-720
921,-720
922,-719
923,-719
924,-718
925,-718
926,-717
927,-716
928,-716
929,-716
930,-716
930,-715
930,-714
930,-713
930,-712
930,-711
930,-710
930,-709
931,-708
932,-707
932,-706
933,-705
933,-704
934,-703
935,-702
935,-701
936,-700
937,-700
938,-700
939,-699
940,-699
941,-699
941,-698
941,-697
942,-696
943,-696
944,-696
945,-695
945,-694
945,-693
945,-692
945,-691
946,-690
947,-690
947,-689
948,-688
949,-688
950,-688
950,-687
950,-686
950,-685
950,-684
950,-683
950,-682
950,-681
950,-680
950,-679
951,-678
952,-678
953,-678
954,-678
955,-678
955,-677
956,-676
956,-675
957,-674
958,-674
958,-673
958,-672
958,-671
958,-670
957,-669
957,-668
957,-667
958,-666
959,-666
960,-666
961,-666
961,-665
962,-664
962,-663
962,-662
962,-661
963,-660
964,-660
965,-660
965,-659
965,-658
965,-657
965,-656
965,-655
965,-654
966,-653
967,-653
968,-653
968,-652
968,-651
969,-650
970,-650
971,-649
971,-648
971,-647
972,-646
972,-645
973,-644
973,-643
974,-642
974,-641
975,-640
975,-639
976,-638
977,-637
978,-636
978,-635
978,-634
978,-633
978,-632
978,-631
978,-630
978,-629
978,-628
979,-627
980,-627
981,-626
981,-625
982,-624
982,-623
983,-622
983,-621
983,-620
983,-619
984,-618
985,-618
985,-617
985,-616
985,-615
986,-614
986,-613
986,-612
987,-611
987,-610
987,-609
988,-608
988,-607
989,-606
989,-605
989,-604
989,-603
990,-602
991,-601
991,-600
991,-599
991,-598
991,-597
992,-596
992,-595
992,-594
993,-593
994,-592
994,-591
994,-590
994,-589
994,-588
994,-587
995,-586
996,-585
996,-584
996,-583
997,-582
997,-581
998,-580
998,-579
998,-578
998,-577
999,-576
999,-575
1000,-574
1000,-573
1000,-572
1000,-571
1001,-570
1001,-569
1001,-568
1002,-567
1002,-566
1003,-565
1003,-564
1003,-563
1004,-562
1004,-561
1005,-560
1005,-559
1005,-558
1005,-557
1006,-556
1006,-555
1007,-554
1008,-553
1008,-552
1008,-551
1008,-550
1009,-549
1010,-549
1010,-548
1010,-547
1010,-546
1010,-545
1011,-544
1011,-543
1011,-542
1011,-541
1011,-540
1011,-539
1012,-538
1012,-537
1013,-536
1014,-535
1015,-535
1016,-535
1016,-534
1016,-533
1016,-532
1016,-531
1017,-530
1017,-529
1018,-528
1018,-527
1018,-526
1018,-525
1018,-524
1018,-523
1018,-522
1018,-521
1019,-520
1020,-520
1021,-520
1021,-519
1021,-518
1021,-517
1021,-516
1022,-515
1022,-514
1022,-513
1022,-512
1023,-511
1024,-511
1024,-510
1025,-509
1025,-508
1025,-507
1026,-506
1027,-506
1027,-505
1027,-504
1027,-503
1027,-502
1028,-501
1029,-500
1029,-499
1030,-498
1030,-497
1030,-496
1030,-495
1030,-494
1031,-493
1031,-492
1031,-491
1031,-490
1031,-489
1031,-488
1032,-487
1032,-486
1032,-485
1032,-484
1033,-483
1033,-482
1033,-481
1033,-480
1033,-479
1033,-478
1033,-477
1033,-476
1033,-475
1033,-474
1033,-473
1033,-472
1033,-471
1032,-470
1031,-470
1030,-470
1029,-469
1029,-468
1029,-467
1029,-466
1029,-465
1029,-464
1030,-463
1030,-462
1030,-461
1030,-460
1030,-459
1030,-458
1030,-457
1030,-456
1030,-455
1029,-455
1028,-455
1027,-455
1026,-455
1025,-455
1024,-455
1023,-455
1022,-455
1021,-456
1020,-456
1019,-456
1018,-457
1017,-457
1016,-458
1015,-459
1014,-459
1013,-459
1012,-460
1011,-460
1010,-460
1009,-461
1008,-461
1007,-462
1006,-462
1005,-462
1004,-463
1003,-463
1002,-464
1001,-464
1000,-465
999,-465
998,-465
997,-466
996,-466
995,-467
994,-467
993,-467
992,-468
991,-468
990,-468
989,-469
988,-469
987,-469
986,-470
985,-470
984,-471
983,-471
982,-471
981,-471
980,-472
979,-472
978,-473
977,-473
976,-474
975,-474
974,-474
973,-474
972,-475
971,-475
970,-475
969,-476
968,-476
967,-476
966,-477
965,-477
964,-477
963,-478
962,-478
961,-479
960,-479
959,-479
958,-480
957,-480
956,-481
955,-481
954,-481
953,-482
952,-482
951,-482
950,-483
949,-483
948,-483
947,-484
946,-484
945,-484
944,-485
943,-485
942,-486
941,-486
940,-486
939,-487
938,-487
937,-487
936,-488
935,-488
934,-489
933,-489
932,-490
931,-490
930,-490
929,-491
928,-491
927,-491
926,-492
925,-492
924,-493
923,-493
922,-493
921,-494
920,-495
919,-495
918,-495
917,-495
916,-495
915,-495
914,-496
913,-496
912,-497
911,-497
910,-498
909,-498
908,-498
907,-499
906,-500
905,-500
904,-500
903,-500
902,-501
901,-501
900,-502
899,-502
898,-503
897,-503
896,-504
895,-504
894,-505
893,-505
892,-506
891,-506
890,-507
889,-507
888,-507
887,-508
886,-508
885,-508
884,-509
883,-510
882,-510
881,-511
880,-511
879,-511
878,-512
877,-513
876,-513
875,-513
874,-514
873,-514
872,-515
871,-515
870,-516
869,-516
868,-516
867,-517
866,-518
865,-518
864,-519
863,-519
862,-519
861,-520
860,-520
859,-521
858,-521
857,-522
856,-522
855,-523
854,-524
853,-524
852,-524
851,-525
850,-526
849,-526
848,-527
847,-527
846,-528
845,-528
844,-529
843,-529
842,-530
841,-530
840,-531
839,-532
838,-532
837,-532
836,-533
835,-534
834,-534
833,-535
832,-536
831,-536
830,-537
829,-537
828,-538
827,-538
826,-539
825,-540
824,-540
823,-541
822,-541
821,-542
820,-543
819,-543
818,-544
817,-544
816,-545
815,-546
814,-546
813,-547
812,-548
811,-548
810,-549
809,-549
809,-550
808,-551
807,-551
806,-552
805,-552
804,-553
803,-554
802,-555
801,-556
800,-556
799,-557
798,-558
797,-559
796,-559
795,-560
794,-561
793,-561
792,-562
791,-563
790,-564
789,-564
788,-565
787,-566
786,-567
785,-568
784,-568
783,-569
782,-570
781,-571
780,-572
779,-572
779,-573
778,-574
777,-574
776,-575
775,-576
774,-577
773,-577
772,-578
771,-579
770,-580
769,-581
768,-582
767,-583
766,-584
765,-584
764,-585
763,-586
762,-587
761,-588
760,-589
759,-590
758,-590
758,-591
757,-592
756,-593
755,-593
755,-594
754,-595
753,-595
752,-596
751,-597
750,-598
749,-599
748,-600
747,-601
746,-602
745,-603
744,-604
743,-605
743,-606
742,-607
741,-607
740,-608
739,-609
739,-610
739,-611
738,-612
737,-612
736,-613
735,-614
735,-615
734,-616
733,-617
732,-618
732,-619
731,-620
731,-621
730,-622
729,-622
728,-623
727,-624
727,-625
726,-626
725,-627
724,-628
723,-629
723,-630
722,-631
721,-632
720,-633
719,-634
718,-635
718,-636
717,-637
717,-638
716,-639
715,-640
714,-641
713,-642
713,-643
712,-644
712,-645
711,-646
710,-647
710,-648
709,-649
708,-650
707,-651
707,-652
706,-653
705,-654
705,-655
704,-656
703,-657
703,-658
702,-659
701,-660
701,-661
700,-662
699,-663
699,-664
698,-665
698,-666
697,-667
696,-668
696,-669
695,-670
695,-671
695,-672
694,-673
693,-674
692,-675
692,-676
691,-677
691,-678
690,-679
690,-680
689,-681
689,-682
689,-683
688,-684
688,-685
688,-686
688,-687
687,-688
686,-689
685,-690
685,-691
684,-692
684,-693
684,-694
683,-695
683,-696
683,-697
682,-698
681,-699
681,-700
680,-701
680,-702
679,-703
679,-704
679,-705
678,-706
678,-707
678,-708
677,-709
677,-710
676,-711
676,-712
676,-713
676,-714
675,-715
675,-716
674,-717
674,-718
673,-719
673,-720
673,-721
672,-722
672,-723
672,-724
672,-725
671,-726
671,-727
671,-728
671,-729
670,-730
670,-731
669,-732
669,-733
669,-734
668,-735
668,-736
668,-737
668,-738
668,-739
668,-740
667,-741
667,-742
667,-743
667,-744
667,-745
666,-746
665,-747
665,-748
665,-749
665,-750
665,-751
665,-752
664,-753
663,-753
663,-754
663,-755
663,-756
663,-757
662,-758
662,-759
662,-760
662,-761
662,-762
661,-763
661,-764
661,-765
661,-766
661,-767
661,-768
661,-769
661,-770
660,-771
660,-772
660,-773
659,-774
659,-775
659,-776
659,-777
658,-778
658,-779
658,-780
658,-781
658,-782
658,-783
658,-784
658,-785
658,-786
658,-787
658,-788
658,-789
658,-790
657,-791
657,-792
657,-793
657,-794
657,-795
657,-796
657,-797
657,-798
657,-799
656,-800
656,-801
656,-802
656,-803
656,-804
656,-805
655,-806
655,-807
655,-808
655,-809
655,-810
654,-811
654,-812
654,-813
653,-814
653,-815
652,-816
652,-817
651,-818
651,-819
650,-820
650,-821
649,-822
648,-823
648,-824
648,-825
648,-826
647,-827
647,-828
646,-829
645,-830
645,-831
644,-832
644,-833
643,-834
642,-835
642,-836
642,-837
641,-838
640,-839
640,-840
639,-841
639,-842
638,-843
637,-844
636,-845
636,-846
635,-847
634,-848
633,-849
633,-850
632,-851
631,-852
630,-853
630,-854
629,-855
628,-856
627,-856
627,-857
626,-858
625,-859
625,-860
624,-861
623,-861
623,-862
622,-863
621,-864
620,-865
619,-866
618,-867
618,-868
617,-869
616,-870
615,-871
614,-872
613,-873
612,-874
611,-875
610,-876
609,-877
608,-878
608,-879
607,-880
606,-881
605,-882
604,-883
603,-884
602,-885
601,-886
600,-887
599,-888
598,-889
598,-890
597,-891
596,-891
596,-892
595,-893
594,-893
594,-894
593,-895
592,-896
591,-897
590,-898
589,-899
588,-900
587,-901
586,-902
585,-903
584,-904
584,-905
583,-906
582,-906
581,-907
580,-908
579,-909
578,-910
577,-911
576,-912
576,-913
575,-914
574,-914
573,-915
572,-916
571,-917
570,-918
569,-919
568,-920
567,-921
566,-922
565,-923
564,-924
563,-925
562,-926
561,-927
560,-928
559,-929
558,-929
558,-930
557,-931
556,-932
555,-933
554,-934
553,-935
552,-935
551,-936
550,-937
549,-938
548,-939
547,-940
546,-940
545,-941
544,-942
543,-943
542,-944
541,-945
540,-946
539,-947
538,-948
537,-949
536,-950
535,-951
534,-951
533,-952
532,-953
531,-954
531,-955
530,-956
529,-956
528,-957
527,-957
527,-958
526,-959
525,-959
525,-960
524,-961
523,-961
522,-962
521,-962
521,-963
520,-964
519,-965
518,-966
517,-967
516,-968
515,-968
515,-969
514,-970
513,-971
512,-972
511,-973
510,-974
509,-975
508,-975
507,-976
506,-977
505,-977
505,-978
504,-979
503,-979
502,-980
501,-981
500,-982
499,-983
498,-983
498,-984
497,-985
496,-985
495,-986
494,-987
493,-988
492,-989
491,-990
490,-991
489,-992
488,-993
487,-994
486,-995
485,-996
485,-997
484,-998
483,-998
482,-999
481,-1000
480,-1001
479,-1002
478,-1003
477,-1004
476,-1005
476,-1006
476,-1007
476,-1008
476,-1009
477,-1009
478,-1010
478,-1011
478,-1012
477,-1013
477,-1014
476,-1015
475,-1015
475,-1016
474,-1017
474,-1018
474,-1019
474,-1020
474,-1021
475,-1021
476,-1021
477,-1022
477,-1023
477,-1024
477,-1025
477,-1026
477,-1027
477,-1028
477,-1029
476,-1030
476,-1031
476,-1032
475,-1033
474,-1034
473,-1034
473,-1035
472,-1036
471,-1036
470,-1037
469,-1037
469,-1038
468,-1039
