427,-715
427,-716
427,-717
427,-718
427,-719
427,-720
427,-721
428,-721
429,-722
429,-723
429,-724
428,-725
427,-725
427,-726
427,-727
427,-728
427,-729
428,-729
429,-729
430,-730
430,-731
430,-732
430,-733
430,-734
431,-734
432,-734
433,-734
434,-734
435,-735
435,-736
435,-737
436,-737
437,-737
438,-737
439,-737
440,-737
441,-737
442,-737
443,-737
444,-737
445,-737
446,-738
447,-738
448,-738
449,-739
450,-739
451,-739
452,-739
453,-739
454,-739
455,-739
456,-740
457,-741
458,-741
459,-741
460,-742
461,-743
462,-743
463,-744
463,-745
464,-745
465,-745
466,-746
467,-747
468,-748
468,-749
468,-750
469,-750
470,-750
471,-750
472,-751
472,-752
472,-753
472,-754
473,-755
474,-755
475,-755
476,-755
477,-755
478,-755
479,-755
480,-755
481,-755
482,-755
483,-756
484,-756
485,-756
486,-756
487,-756
488,-756
489,-756
490,-756
491,-756
492,-756
493,-756
494,-756
495,-756
496,-756
497,-755
498,-755
499,-754
500,-754
501,-754
502,-754
503,-754
504,-754
505,-754
506,-754
507,-754
508,-754
509,-754
510,-754
511,-754
512,-754
513,-754
514,-753
515,-753
516,-753
517,-753
518,-752
519,-752
520,-752
521,-752
522,-752
523,-752
524,-752
525,-752
526,-752
527,-752
528,-752
529,-752
530,-752
531,-752
532,-752
533,-752
534,-752
535,-752
536,-752
537,-752
538,-752
539,-752
540,-752
541,-752
542,-752
543,-752
544,-752
545,-752
546,-752
547,-753
548,-753
549,-753
550,-753
551,-753
552,-753
553,-754
554,-754
555,-754
556,-755
557,-755
558,-755
559,-755
560,-755
561,-755
562,-755
563,-755
564,-755
565,-755
566,-755
567,-755
568,-755
569,-756
570,-756
571,-756
572,-756
573,-756
574,-756
575,-756
576,-757
577,-757
578,-757
579,-757
580,-757
581,-757
582,-757
583,-758
584,-758
585,-758
586,-758
587,-758
588,-758
589,-758
590,-758
591,-758
592,-758
593,-758
594,-759
595,-759
596,-759
597,-759
598,-759
599,-759
600,-759
601,-759
602,-759
603,-759
604,-759
605,-759
606,-760
607,-760
608,-760
609,-760
610,-760
611,-760
612,-760
613,-760
614,-760
615,-760
616,-760
617,-760
618,-760
619,-760
620,-761
621,-761
622,-761
623,-761
624,-761
625,-761
626,-761
627,-761
628,-761
629,-761
630,-761
631,-761
632,-761
633,-761
634,-761
635,-761
636,-761
637,-761
638,-761
639,-762
640,-762
641,-762
642,-762
643,-762
644,-762
645,-762
646,-763
647,-763
648,-763
649,-763
650,-763
651,-763
652,-763
653,-763
654,-763
655,-763
656,-763
657,-764
658,-764
659,-764
660,-765
661,-765
662,-765
663,-766
664,-767
665,-768
666,-768
667,-769
668,-769
669,-770
670,-770
671,-770
672,-770
673,-770
674,-770
675,-770
676,-771
677,-772
678,-772
679,-772
680,-773
681,-774
682,-775
683,-776
684,-777
685,-778
686,-779
687,-779
688,-779
689,-780
689,-781
690,-781
691,-782
692,-783
692,-784
693,-785
694,-786
694,-787
695,-788
695,-789
696,-790
697,-790
698,-791
698,-792
698,-793
699,-794
700,-794
701,-795
702,-796
703,-796
704,-797
704,-798
705,-798
706,-799
707,-799
708,-800
709,-801
710,-802
711,-803
712,-804
713,-805
713,-806
714,-806
715,-806
716,-807
717,-808
717,-809
718,-809
719,-809
720,-809
721,-810
721,-811
722,-811
723,-812
724,-813
725,-814
726,-814
727,-814
728,-815
728,-816
729,-817
730,-818
731,-819
732,-820
732,-821
733,-821
734,-821
735,-821
736,-822
736,-823
737,-823
738,-824
739,-824
740,-824
741,-825
741,-826
741,-827
741,-828
741,-829
741,-830
742,-831
743,-831
744,-832
745,-832
746,-832
747,-832
748,-833
748,-834
749,-835
750,-835
751,-836
751,-837
752,-837
753,-837
754,-837
755,-837
756,-837
757,-838
758,-838
759,-838
760,-839
761,-839
762,-839
763,-839
764,-840
765,-840
766,-840
767,-840
768,-840
769,-840
770,-840
771,-841
771,-842
772,-842
773,-842
774,-843
774,-844
775,-844
776,-844
777,-844
778,-845
779,-845
780,-845
781,-845
782,-845
783,-845
784,-846
785,-846
786,-846
787,-847
787,-848
788,-848
789,-848
790,-848
791,-849
792,-849
793,-849
794,-849
795,-849
796,-849
797,-850
798,-850
799,-850
800,-850
801,-850
802,-850
803,-851
804,-851
805,-851
806,-851
807,-851
808,-851
809,-851
810,-851
811,-852
812,-852
813,-852
814,-852
815,-852
816,-852
817,-852
818,-852
819,-852
820,-852
821,-852
822,-852
823,-852
824,-852
825,-852
826,-852
827,-852
828,-852
829,-852
830,-852
831,-852
832,-852
833,-852
834,-852
835,-852
836,-852
837,-852
838,-852
839,-852
840,-852
841,-852
842,-852
843,-852
844,-852
845,-852
846,-852
847,-852
848,-852
849,-852
850,-852
851,-851
852,-851
853,-851
854,-851
855,-851
856,-851
857,-851
858,-851
859,-851
860,-851
861,-851
862,-851
863,-850
864,-850
865,-850
866,-850
867,-850
868,-850
869,-850
870,-850
871,-850
872,-850
873,-850
874,-850
875,-850
876,-849
877,-849
878,-849
879,-848
880,-848
881,-848
882,-848
883,-848
884,-848
885,-848
886,-848
887,-848
888,-848
889,-848
890,-847
891,-847
892,-847
893,-847
894,-847
895,-847
896,-847
897,-847
898,-847
899,-847
900,-847
901,-847
902,-847
903,-847
904,-847
905,-847
906,-847
907,-846
908,-846
909,-846
910,-846
911,-846
912,-846
913,-845
914,-845
915,-845
916,-845
917,-845
918,-844
919,-844
920,-844
921,-844
922,-844
923,-844
924,-844
925,-843
926,-843
927,-843
928,-843
929,-843
930,-843
931,-843
932,-842
933,-842
934,-841
935,-841
936,-841
937,-841
938,-840
939,-840
940,-840
941,-840
942,-839
943,-839
944,-839
945,-839
946,-839
947,-839
948,-839
949,-838
950,-838
951,-837
952,-837
953,-837
954,-836
955,-836
956,-836
957,-835
958,-835
959,-835
960,-835
961,-835
962,-835
963,-835
964,-834
965,-834
966,-833
967,-832
968,-832
969,-831
970,-831
971,-831
972,-831
972,-830
972,-829
972,-828
972,-827
972,-826
972,-825
973,-824
974,-824
975,-824
976,-825
977,-825
978,-825
979,-826
980,-827
981,-827
982,-827
983,-827
984,-827
985,-827
986,-827
986,-826
987,-825
988,-825
988,-824
988,-823
989,-822
990,-822
991,-822
992,-822
993,-822
994,-822
995,-821
995,-820
996,-819
997,-819
998,-819
999,-818
1000,-817
1001,-817
1002,-817
1003,-817
1004,-817
1005,-817
1006,-817
1007,-816
1008,-816
1009,-815
1010,-815
1011,-815
1012,-815
1013,-815
1014,-815
1015,-814
1016,-813
1017,-812
1018,-812
1019,-811
1020,-810
1021,-810
1022,-810
1023,-810
1024,-809
1025,-809
1025,-808
1026,-807
1027,-806
1028,-805
1029,-805
1030,-805
1031,-805
1032,-805
1033,-805
1034,-804
1035,-803
1036,-803
1037,-803
1038,-802
1039,-801
1040,-801
1041,-801
1042,-801
1043,-800
1044,-800
1045,-799
1046,-799
1047,-798
1048,-798
1049,-797
1050,-797
1051,-797
1052,-797
1053,-797
1054,-797
1055,-797
1056,-797
1056,-796
1057,-795
1058,-795
1059,-795
1060,-795
1061,-794
1062,-794
1062,-793
1063,-792
1064,-792
1065,-792
1066,-792
1067,-792
1068,-792
1069,-792
1070,-791
1071,-791
1071,-790
1071,-789
1071,-788
1072,-787
1073,-787
1074,-786
1074,-785
1074,-784
1074,-783
1074,-782
1073,-781
1072,-780
1072,-779
1072,-778
1071,-777
1071,-776
1071,-775
1071,-774
1071,-773
1071,-772
1071,-771
1071,-770
1071,-769
1071,-768
1070,-767
1069,-766
1068,-765
1068,-764
1067,-764
1066,-763
1066,-762
1065,-761
1064,-760
1063,-759
1062,-758
1061,-758
1060,-757
1060,-756
1059,-756
1058,-755
1057,-754
1056,-753
1055,-753
1054,-752
1054,-751
1053,-750
1052,-749
1051,-748
1050,-747
1049,-747
1048,-746
1048,-745
1047,-744
1046,-744
1045,-743
1044,-743
1043,-742
1042,-741
1041,-740
1041,-739
1040,-738
1039,-737
1038,-736
1037,-735
1036,-735
1035,-734
1034,-733
1033,-732
1032,-731
1031,-730
1030,-729
1029,-728
1028,-727
1027,-726
1026,-726
1025,-725
1024,-724
1023,-723
1022,-722
1021,-721
1020,-721
1019,-720
1018,-719
1017,-718
1016,-717
1015,-716
1014,-715
1013,-715
1012,-714
1011,-713
1010,-712
1009,-712
1008,-711
1007,-710
1006,-710
1005,-710
1004,-709
1003,-708
1003,-707
1002,-706
1001,-706
1000,-705
999,-705
998,-705
997,-705
996,-704
995,-703
995,-702
995,-701
994,-700
993,-700
992,-699
991,-698
990,-698
989,-697
988,-696
987,-696
986,-695
986,-694
985,-694
984,-693
983,-693
982,-693
981,-692
981,-691
980,-691
979,-690
978,-690
977,-689
976,-689
975,-688
974,-687
973,-687
972,-687
971,-686
970,-685
969,-685
968,-684
967,-683
966,-682
965,-681
964,-681
963,-680
962,-679
961,-679
960,-679
959,-678
958,-678
957,-678
956,-677
955,-677
954,-676
953,-676
952,-675
951,-675
950,-675
949,-674
948,-673
947,-673
946,-672
945,-672
944,-671
943,-671
942,-671
941,-670
940,-670
939,-670
938,-669
937,-669
936,-668
935,-668
934,-667
933,-667
932,-666
931,-666
930,-666
929,-665
928,-665
927,-665
926,-665
925,-664
924,-664
923,-664
922,-663
921,-662
920,-662
919,-662
918,-661
917,-661
916,-661
915,-660
914,-660
913,-660
912,-660
911,-660
910,-660
909,-659
908,-659
907,-659
906,-658
905,-658
904,-658
903,-658
902,-657
901,-657
900,-657
899,-657
898,-656
898,-655
897,-655
896,-655
895,-655
894,-655
893,-654
892,-654
891,-654
890,-654
889,-654
888,-654
887,-653
886,-653
885,-653
884,-653
883,-652
882,-652
881,-652
880,-652
879,-652
878,-652
877,-652
876,-651
875,-651
874,-651
873,-651
872,-651
871,-650
870,-650
869,-650
868,-650
867,-650
866,-650
865,-650
864,-649
863,-649
862,-649
861,-649
860,-649
859,-649
858,-649
857,-649
856,-649
855,-649
854,-649
853,-649
852,-649
851,-649
850,-649
849,-649
848,-649
847,-649
846,-649
845,-649
844,-649
843,-649
842,-649
841,-649
840,-649
839,-649
838,-649
837,-649
836,-649
835,-649
834,-649
833,-649
832,-649
831,-650
830,-650
829,-650
828,-650
827,-650
826,-650
825,-650
824,-649
823,-649
822,-649
821,-649
820,-649
819,-649
818,-649
817,-649
816,-650
815,-650
814,-650
813,-650
812,-650
811,-650
810,-650
809,-650
808,-650
807,-650
806,-650
805,-650
804,-650
803,-651
802,-651
801,-651
800,-652
799,-652
798,-652
797,-652
796,-652
795,-652
794,-652
793,-652
792,-652
791,-652
790,-652
789,-652
788,-652
787,-652
786,-653
785,-653
784,-653
783,-654
782,-654
781,-654
780,-654
779,-654
778,-654
777,-655
776,-655
775,-655
774,-656
773,-656
772,-656
771,-656
770,-657
769,-657
768,-658
767,-658
766,-658
765,-658
764,-659
763,-659
762,-660
761,-660
760,-660
759,-660
758,-660
757,-660
756,-661
755,-661
754,-662
753,-662
752,-662
751,-663
750,-663
749,-663
748,-663
747,-663
746,-664
745,-664
744,-664
743,-665
742,-665
741,-665
740,-665
739,-666
738,-666
737,-667
736,-668
735,-668
734,-668
733,-668
732,-669
731,-669
730,-669
729,-670
728,-670
727,-670
726,-671
725,-671
724,-672
723,-672
722,-673
721,-673
720,-674
719,-674
718,-675
717,-675
716,-675
715,-676
714,-676
713,-677
712,-678
711,-678
710,-678
709,-679
708,-680
707,-680
706,-681
705,-682
704,-682
703,-682
702,-683
701,-684
700,-685
699,-685
698,-686
697,-687
696,-687
695,-688
694,-689
693,-690
692,-690
691,-691
690,-691
690,-692
689,-693
688,-693
687,-694
686,-694
685,-694
685,-695
684,-696
683,-696
682,-696
681,-697
680,-697
679,-698
678,-698
677,-699
676,-700
675,-700
674,-700
673,-701
672,-701
671,-702
670,-702
669,-702
668,-702
667,-703
666,-703
665,-704
664,-704
663,-704
662,-705
661,-705
660,-705
659,-705
658,-705
657,-705
656,-705
655,-705
654,-706
653,-706
652,-706
651,-706
650,-706
649,-706
648,-706
647,-706
646,-706
645,-706
644,-706
643,-707
642,-707
641,-707
640,-707
639,-707
638,-707
637,-708
636,-708
635,-708
634,-708
633,-708
632,-708
631,-708
630,-708
629,-708
628,-708
627,-708
626,-708
625,-709
624,-709
623,-709
622,-709
621,-709
620,-709
619,-709
618,-709
617,-709
616,-709
615,-709
614,-709
613,-709
612,-709
611,-709
610,-709
609,-709
608,-709
607,-709
606,-709
605,-709
604,-709
603,-709
602,-709
601,-709
600,-709
599,-709
598,-710
597,-710
596,-710
595,-710
594,-710
593,-710
592,-710
591,-710
590,-710
589,-710
588,-710
587,-709
586,-709
585,-709
584,-709
583,-709
582,-709
581,-709
580,-709
579,-709
578,-709
577,-710
576,-710
575,-710
574,-710
573,-710
572,-710
571,-710
570,-710
569,-710
568,-710
567,-710
566,-710
565,-710
564,-710
563,-710
562,-710
561,-710
560,-710
559,-710
558,-710
557,-710
556,-710
555,-710
554,-710
553,-710
552,-709
551,-709
550,-709
549,-709
548,-709
547,-709
546,-709
545,-709
544,-709
543,-709
542,-709
541,-709
540,-709
539,-709
538,-709
537,-709
536,-709
535,-709
534,-709
533,-709
532,-709
531,-708
530,-708
529,-708
528,-708
527,-708
526,-708
525,-708
524,-708
523,-708
522,-708
521,-708
520,-708
519,-708
518,-708
517,-708
516,-708
515,-708
514,-708
513,-708
512,-708
511,-708
510,-708
509,-708
508,-708
507,-708
506,-708
505,-707
504,-707
503,-707
502,-707
501,-707
500,-708
499,-708
498,-708
497,-708
496,-708
495,-708
494,-708
493,-709
492,-709
491,-709
490,-709
489,-709
488,-709
487,-709
486,-710
485,-710
484,-710
483,-711
482,-711
481,-711
480,-712
479,-712
478,-712
477,-712
476,-712
475,-712
474,-712
473,-713
472,-713
471,-713
470,-713
469,-713
468,-713
467,-713
466,-713
465,-712
464,-712
463,-712
462,-712
461,-711
460,-711
459,-710
459,-709
458,-709
457,-709
456,-709
455,-709
454,-709
453,-708
452,-708
451,-708
450,-708
449,-708
448,-708
447,-708
446,-708
445,-708
445,-709
444,-710
443,-710
442,-710
441,-710
440,-710
439,-710
438,-710
437,-710
437,-711
436,-712
435,-712
434,-712
433,-712
432,-712
431,-713
430,-713
429,-713
429,-714
428,-715
427,-715
