463,-892
463,-893
463,-894
463,-895
463,-896
464,-897
465,-897
466,-897
467,-897
468,-897
469,-897
470,-896
471,-896
472,-896
473,-896
474,-897
475,-897
476,-897
477,-897
478,-897
478,-896
479,-895
480,-895
480,-894
481,-893
482,-893
482,-892
483,-891
484,-891
484,-890
485,-889
486,-889
486,-888
487,-887
488,-886
489,-886
490,-886
491,-885
492,-884
493,-884
494,-884
495,-884
496,-884
497,-884
498,-884
499,-884
500,-884
501,-883
502,-883
503,-883
504,-883
505,-883
506,-883
507,-883
508,-882
509,-882
510,-882
511,-882
512,-882
513,-881
514,-881
515,-880
516,-880
517,-880
517,-879
518,-878
519,-878
520,-878
521,-878
522,-878
523,-878
524,-877
525,-876
526,-876
527,-875
528,-875
529,-875
530,-874
531,-874
532,-874
533,-874
533,-873
534,-872
535,-872
536,-872
537,-871
538,-871
539,-870
540,-870
541,-870
542,-870
543,-869
544,-869
545,-868
546,-867
547,-867
548,-867
549,-866
550,-866
551,-866
552,-866
553,-866
554,-865
555,-864
556,-863
557,-863
558,-863
559,-862
560,-862
561,-861
562,-861
563,-861
564,-861
565,-860
566,-860
567,-859
568,-859
569,-858
570,-858
571,-858
572,-858
573,-858
574,-858
574,-857
575,-856
576,-856
577,-856
578,-856
579,-855
580,-855
581,-854
582,-854
583,-854
584,-854
585,-854
586,-853
587,-853
588,-852
589,-852
590,-852
591,-851
592,-851
593,-851
594,-850
595,-850
596,-850
597,-850
598,-850
599,-849
600,-849
601,-849
602,-849
603,-848
604,-848
605,-848
606,-847
607,-846
608,-846
609,-846
610,-846
611,-846
612,-845
613,-845
614,-845
615,-845
616,-845
617,-844
618,-844
619,-844
620,-843
621,-843
622,-843
623,-842
624,-842
625,-842
626,-842
627,-842
628,-842
629,-842
630,-842
631,-841
632,-841
633,-841
634,-840
635,-840
636,-840
637,-840
638,-840
639,-840
640,-840
641,-840
642,-840
643,-840
644,-839
645,-839
646,-839
647,-839
648,-838
649,-838
650,-838
651,-838
652,-838
653,-838
654,-838
655,-837
656,-837
657,-837
658,-837
659,-837
660,-837
661,-837
662,-837
663,-837
664,-837
665,-837
666,-838
667,-838
668,-838
669,-839
670,-840
671,-840
672,-840
673,-841
674,-841
675,-841
676,-842
676,-843
676,-844
677,-844
678,-844
679,-844
680,-844
681,-845
682,-846
683,-846
684,-847
685,-847
686,-847
687,-848
687,-849
688,-849
689,-850
690,-851
691,-851
692,-851
693,-851
694,-851
695,-852
695,-853
695,-854
696,-854
697,-854
698,-855
699,-855
700,-855
701,-855
702,-856
703,-856
704,-856
705,-857
706,-858
707,-858
708,-858
709,-858
710,-858
711,-858
712,-858
713,-858
714,-858
715,-858
716,-858
717,-857
718,-857
719,-857
720,-857
721,-857
722,-858
723,-858
724,-858
725,-859
726,-859
727,-859
728,-859
729,-859
730,-860
731,-860
732,-860
733,-860
734,-860
735,-861
736,-861
737,-861
738,-861
739,-862
740,-862
741,-862
742,-862
743,-862
744,-863
745,-863
746,-863
747,-863
748,-863
749,-863
750,-863
751,-863
752,-863
753,-863
754,-863
755,-863
756,-863
757,-863
758,-863
759,-862
760,-862
761,-862
762,-862
763,-862
764,-862
765,-862
766,-862
767,-862
768,-862
769,-862
770,-862
771,-862
772,-862
773,-862
774,-862
775,-862
776,-862
777,-862
778,-862
779,-861
780,-861
781,-860
782,-860
783,-860
784,-860
785,-860
786,-860
787,-860
788,-860
789,-860
790,-859
791,-859
792,-859
793,-859
794,-859
795,-858
796,-858
797,-858
798,-858
799,-858
800,-857
801,-857
802,-857
803,-857
804,-857
805,-857
806,-857
807,-856
808,-856
809,-856
810,-855
811,-854
812,-854
813,-854
814,-854
815,-854
816,-854
817,-854
817,-853
818,-852
819,-852
820,-851
821,-851
822,-851
823,-851
824,-851
825,-851
826,-850
827,-850
828,-850
829,-850
829,-849
830,-848
831,-848
832,-848
833,-847
834,-846
835,-846
836,-845
837,-845
838,-845
839,-844
840,-844
841,-844
842,-844
843,-844
844,-844
845,-843
846,-843
847,-842
848,-842
849,-841
850,-841
851,-841
852,-840
853,-840
854,-839
855,-839
855,-838
856,-837
857,-836
858,-836
859,-836
859,-835
860,-834
861,-834
862,-834
863,-833
864,-833
865,-833
866,-833
866,-832
867,-831
868,-831
868,-830
869,-829
870,-829
871,-829
872,-828
873,-828
874,-828
875,-827
876,-827
876,-826
877,-825
878,-825
879,-825
880,-824
881,-824
882,-823
883,-822
884,-822
885,-822
886,-821
887,-820
888,-819
889,-819
889,-818
890,-817
891,-817
892,-816
893,-815
894,-814
895,-814
896,-813
897,-813
898,-812
898,-811
899,-810
900,-810
901,-809
902,-808
903,-808
904,-807
904,-806
905,-805
906,-804
907,-804
908,-804
909,-804
909,-803
910,-802
911,-802
912,-802
913,-801
913,-800
914,-799
915,-799
916,-799
917,-798
918,-797
919,-796
920,-796
921,-795
921,-794
921,-793
922,-792
923,-792
924,-792
925,-791
926,-790
927,-789
928,-789
928,-788
929,-787
930,-786
930,-785
930,-784
931,-783
932,-783
933,-783
934,-782
934,-781
934,-780
934,-779
935,-778
936,-778
937,-778
938,-777
939,-777
940,-776
941,-776
942,-775
942,-774
942,-773
943,-772
943,-771
944,-770
945,-769
946,-769
947,-769
948,-769
948,-768
948,-767
949,-766
950,-766
950,-765
950,-764
951,-763
952,-763
953,-763
953,-762
954,-761
955,-761
955,-760
955,-759
955,-758
956,-757
957,-756
958,-756
958,-755
959,-754
960,-753
961,-752
961,-751
962,-750
963,-749
964,-748
965,-747
966,-746
967,-746
967,-745
968,-744
969,-743
970,-742
971,-741
971,-740
972,-739
973,-738
974,-738
975,-737
975,-736
976,-735
976,-734
977,-733
977,-732
978,-731
979,-731
980,-730
981,-729
981,-728
981,-727
981,-726
982,-725
983,-725
984,-724
984,-723
985,-722
985,-721
986,-720
986,-719
987,-718
988,-718
988,-717
989,-716
989,-715
989,-714
989,-713
989,-712
989,-711
989,-710
990,-709
991,-709
992,-708
993,-707
994,-707
995,-706
996,-705
996,-704
997,-703
998,-702
998,-701
999,-700
1000,-699
1001,-698
1001,-697
1002,-696
1002,-695
1003,-694
1004,-693
1004,-692
1004,-691
1005,-690
1005,-689
1006,-688
1007,-687
1008,-686
1008,-685
1009,-684
1009,-683
1009,-682
1010,-681
1011,-680
1012,-679
1012,-678
1013,-677
1014,-676
1014,-675
1014,-674
1015,-673
1015,-672
1016,-671
1017,-670
1017,-669
1017,-668
1018,-667
1018,-666
1019,-665
1020,-664
1021,-663
1021,-662
1021,-661
1022,-660
1022,-659
1023,-658
1023,-657
1024,-656
1024,-655
1025,-654
1026,-653
1026,-652
1026,-651
1027,-650
1028,-649
1028,-648
1028,-647
1029,-646
1029,-645
1030,-644
1031,-643
1031,-642
1032,-641
1032,-640
1033,-639
1033,-638
1034,-637
1034,-636
1034,-635
1035,-634
1035,-633
1036,-632
1036,-631
1036,-630
1036,-629
1037,-628
1037,-627
1037,-626
1037,-625
1037,-624
1037,-623
1038,-622
1038,-621
1038,-620
1038,-619
1038,-618
1037,-618
1036,-617
1035,-616
1034,-616
1033,-615
1032,-615
1031,-615
1030,-614
1029,-614
1028,-613
1027,-613
1026,-613
1025,-613
1024,-613
1023,-613
1022,-613
1021,-613
1020,-612
1019,-612
1018,-612
1017,-611
1016,-611
1015,-611
1014,-611
1013,-611
1012,-611
1011,-611
1010,-611
1009,-611
1008,-611
1007,-611
1006,-610
1005,-610
1004,-610
1003,-610
1002,-609
1001,-609
1000,-609
999,-609
998,-609
997,-609
996,-608
995,-608
994,-608
993,-608
992,-608
991,-608
990,-607
989,-607
988,-607
987,-607
986,-607
985,-607
984,-607
983,-607
982,-607
981,-606
980,-606
979,-606
978,-606
977,-606
976,-606
975,-606
974,-606
973,-606
972,-606
971,-606
970,-605
969,-605
968,-605
967,-605
966,-605
965,-605
964,-605
963,-605
962,-605
961,-605
960,-604
959,-604
958,-604
957,-604
956,-604
955,-604
954,-604
953,-604
952,-604
951,-604
950,-604
949,-604
948,-604
947,-604
946,-604
945,-604
944,-604
943,-604
942,-604
941,-604
940,-604
939,-605
938,-605
937,-605
936,-605
935,-605
934,-606
933,-606
932,-606
931,-606
930,-606
929,-606
928,-606
927,-606
926,-606
925,-606
924,-606
923,-606
922,-606
921,-606
920,-606
919,-606
918,-606
917,-606
916,-606
915,-605
914,-605
913,-605
912,-605
911,-605
910,-605
909,-605
908,-605
907,-605
906,-606
905,-606
904,-606
903,-606
902,-606
901,-606
900,-606
899,-606
898,-606
897,-606
896,-606
895,-606
894,-606
893,-607
892,-607
891,-607
890,-607
889,-607
888,-607
887,-607
886,-607
885,-608
884,-608
883,-608
882,-608
881,-609
880,-609
879,-609
878,-609
877,-609
876,-609
875,-609
874,-610
873,-610
872,-611
871,-611
870,-611
869,-611
868,-611
867,-611
866,-611
865,-611
864,-612
863,-613
862,-613
861,-613
860,-613
859,-613
858,-613
857,-614
856,-614
855,-614
854,-614
853,-614
852,-614
851,-615
850,-615
849,-615
848,-616
847,-616
846,-617
845,-617
844,-617
843,-618
842,-618
841,-618
840,-618
839,-618
838,-618
837,-618
836,-618
835,-619
834,-619
833,-620
832,-621
831,-621
830,-621
829,-621
828,-621
827,-622
826,-622
825,-622
824,-623
823,-623
822,-623
821,-624
820,-624
819,-625
818,-625
817,-625
816,-626
815,-626
814,-626
813,-626
812,-627
811,-628
810,-628
809,-628
808,-629
807,-629
806,-629
805,-629
804,-630
803,-630
802,-631
801,-631
800,-631
799,-632
798,-632
797,-633
796,-634
795,-634
794,-635
793,-635
792,-636
791,-636
790,-636
789,-636
789,-637
788,-638
787,-638
786,-638
785,-638
784,-639
783,-639
782,-640
781,-641
780,-642
779,-642
779,-643
778,-644
777,-644
776,-644
775,-645
774,-645
773,-645
772,-646
771,-646
770,-647
769,-647
768,-648
767,-649
766,-650
765,-650
764,-651
763,-651
762,-652
761,-653
760,-654
759,-654
758,-655
757,-655
756,-656
755,-656
754,-657
753,-658
752,-658
751,-659
750,-660
749,-661
748,-661
747,-662
746,-662
745,-663
744,-663
743,-664
742,-665
741,-665
740,-666
739,-667
738,-668
737,-669
736,-670
735,-670
734,-671
733,-672
732,-673
731,-674
730,-674
729,-675
729,-676
728,-677
727,-677
726,-678
725,-679
724,-680
723,-681
722,-682
721,-682
720,-682
720,-683
720,-684
719,-685
718,-686
717,-687
716,-687
715,-688
714,-689
713,-690
712,-691
712,-692
711,-693
710,-694
709,-695
708,-696
707,-697
706,-698
705,-699
705,-700
704,-701
703,-702
702,-703
701,-703
701,-704
701,-705
700,-706
699,-707
698,-708
697,-709
697,-710
696,-711
695,-712
695,-713
695,-714
695,-715
695,-716
694,-717
693,-717
692,-718
692,-719
692,-720
691,-721
690,-722
690,-723
690,-724
690,-725
689,-726
689,-727
689,-728
688,-729
688,-730
688,-731
687,-732
686,-733
686,-734
685,-735
685,-736
684,-737
684,-738
684,-739
683,-740
683,-741
683,-742
682,-743
682,-744
682,-745
682,-746
681,-747
681,-748
681,-749
680,-750
680,-751
680,-752
679,-753
679,-754
678,-755
678,-756
677,-757
677,-758
677,-759
676,-760
675,-761
675,-762
674,-763
674,-764
673,-765
673,-766
672,-767
671,-768
671,-769
670,-770
669,-771
668,-772
667,-773
666,-773
666,-774
665,-775
664,-775
663,-776
662,-777
661,-778
660,-779
659,-779
658,-780
657,-781
656,-782
655,-782
654,-783
653,-783
652,-783
651,-783
650,-784
649,-784
648,-784
647,-784
646,-785
645,-785
644,-786
643,-786
642,-786
641,-787
640,-787
639,-787
638,-788
637,-788
636,-788
635,-789
634,-789
633,-789
632,-790
631,-790
630,-790
629,-791
628,-791
627,-792
626,-792
625,-792
624,-793
623,-793
622,-793
621,-794
620,-794
619,-795
618,-795
617,-796
616,-796
615,-796
614,-797
613,-797
612,-798
611,-798
610,-798
609,-799
608,-799
607,-800
606,-800
605,-801
604,-802
603,-802
602,-802
601,-802
600,-802
599,-803
598,-803
597,-804
596,-804
595,-805
594,-805
593,-805
592,-805
591,-806
590,-806
589,-806
588,-807
587,-807
586,-807
585,-807
584,-808
583,-808
582,-809
581,-809
580,-809
579,-810
578,-810
577,-810
576,-810
575,-811
574,-811
573,-812
572,-812
571,-813
570,-813
569,-814
568,-814
567,-814
566,-815
565,-815
564,-816
563,-816
562,-816
561,-816
560,-816
559,-816
558,-816
557,-817
556,-817
555,-818
554,-818
553,-818
552,-818
551,-819
550,-819
549,-820
548,-820
547,-820
546,-820
545,-820
544,-821
543,-821
542,-821
541,-822
540,-822
539,-822
538,-823
537,-823
536,-823
535,-823
534,-824
533,-824
532,-824
531,-824
530,-825
529,-825
528,-825
527,-825
526,-826
525,-826
524,-826
523,-826
522,-827
521,-827
520,-827
519,-828
518,-828
517,-828
516,-829
515,-829
514,-829
513,-829
512,-830
511,-830
510,-831
509,-831
508,-831
507,-832
506,-832
505,-832
504,-833
503,-833
502,-834
501,-835
500,-835
500,-836
500,-837
500,-838
500,-839
501,-840
502,-841
503,-841
504,-841
505,-841
506,-841
507,-841
508,-841
509,-841
510,-841
511,-842
511,-843
512,-843
513,-843
514,-843
515,-843
516,-843
517,-843
518,-843
519,-844
519,-845
520,-846
520,-847
520,-848
519,-849
518,-849
517,-849
516,-849
515,-849
514,-849
513,-850
512,-851
511,-851
510,-852
509,-852
508,-853
507,-854
506,-854
506,-855
505,-856
504,-856
503,-856
502,-856
501,-856
500,-856
499,-856
498,-856
497,-856
496,-856
495,-856
494,-856
493,-856
492,-857
491,-857
490,-857
490,-858
489,-859
488,-860
487,-860
487,-861
486,-862
485,-863
484,-864
484,-865
484,-866
483,-867
482,-867
481,-867
481,-868
480,-869
479,-869
478,-870
478,-871
477,-872
476,-873
475,-873
474,-874
474,-875
473,-876
472,-877
471,-878
471,-879
470,-880
469,-880
468,-880
468,-881
468,-882
467,-883
467,-884
467,-885
467,-886
467,-887
467,-888
466,-889
465,-890
464,-891
463,-892
