363,-861
363,-862
363,-863
363,-864
363,-865
363,-866
363,-867
363,-868
363,-869
363,-870
364,-871
364,-872
364,-873
364,-874
365,-875
366,-875
367,-875
368,-875
369,-875
370,-876
371,-876
372,-876
373,-876
374,-877
374,-878
375,-878
376,-879
377,-880
378,-880
379,-880
380,-880
381,-880
382,-880
383,-879
384,-879
385,-879
386,-880
387,-880
388,-881
389,-881
390,-882
390,-883
391,-883
392,-883
393,-884
394,-884
395,-884
396,-884
397,-885
397,-886
397,-887
398,-887
399,-887
400,-887
401,-887
402,-887
403,-887
404,-887
405,-887
406,-887
407,-887
408,-887
409,-887
410,-887
411,-887
412,-887
413,-886
414,-886
415,-885
416,-885
417,-885
418,-885
419,-885
420,-884
421,-883
422,-883
423,-883
424,-883
425,-883
426,-883
427,-883
428,-883
429,-883
429,-882
430,-881
431,-881
432,-881
433,-881
434,-881
435,-881
436,-881
437,-881
438,-880
439,-880
440,-880
441,-880
442,-879
443,-879
444,-879
445,-879
446,-879
446,-878
446,-877
447,-876
448,-875
449,-875
449,-874
450,-873
451,-873
452,-873
453,-872
454,-871
455,-871
456,-871
457,-871
457,-870
458,-869
459,-868
460,-868
461,-868
462,-868
463,-868
464,-868
465,-868
466,-868
467,-868
468,-868
468,-867
469,-866
470,-865
471,-864
472,-864
473,-863
474,-863
475,-863
476,-862
477,-862
477,-861
478,-860
479,-860
480,-860
481,-860
482,-859
483,-859
483,-858
484,-857
485,-857
486,-856
487,-856
488,-856
489,-855
490,-854
491,-853
492,-853
493,-853
494,-853
495,-852
496,-852
497,-851
498,-850
499,-849
500,-849
501,-848
502,-848
503,-847
504,-846
505,-846
506,-845
507,-845
508,-844
509,-844
510,-844
511,-844
512,-843
513,-842
514,-842
515,-841
516,-841
517,-841
518,-840
519,-839
520,-838
521,-838
522,-838
523,-838
524,-838
525,-837
526,-836
527,-835
528,-834
529,-834
530,-833
531,-833
532,-832
533,-832
534,-831
535,-831
536,-831
537,-830
538,-830
539,-830
540,-829
541,-829
542,-828
543,-828
544,-828
545,-827
546,-827
547,-827
548,-826
549,-826
550,-825
551,-825
552,-824
553,-824
554,-824
555,-824
556,-823
557,-823
558,-822
559,-822
560,-821
561,-821
562,-821
563,-820
564,-820
565,-820
566,-819
567,-819
568,-819
569,-818
570,-818
571,-817
572,-817
573,-817
574,-817
575,-817
576,-816
577,-816
578,-816
579,-815
580,-815
581,-814
582,-814
583,-814
584,-814
585,-814
586,-814
587,-813
588,-813
589,-813
590,-812
591,-812
592,-812
593,-812
594,-811
595,-811
596,-811
597,-810
598,-810
599,-810
600,-809
601,-809
602,-809
603,-809
604,-808
605,-808
606,-808
607,-808
608,-808
609,-807
610,-807
611,-807
612,-807
613,-807
614,-806
615,-806
616,-805
617,-805
618,-805
619,-805
620,-804
621,-804
622,-803
623,-803
624,-803
625,-803
626,-803
627,-803
628,-802
629,-802
630,-802
631,-802
632,-802
633,-802
634,-801
635,-801
636,-801
637,-801
638,-801
639,-801
640,-801
641,-801
642,-801
643,-800
644,-800
645,-800
646,-800
647,-800
648,-800
649,-800
650,-800
651,-800
652,-800
653,-800
654,-800
655,-801
656,-801
657,-801
658,-801
659,-801
660,-801
661,-801
662,-801
663,-801
664,-801
665,-801
666,-801
667,-801
668,-801
669,-800
670,-800
671,-800
672,-800
673,-800
674,-800
675,-800
676,-800
677,-800
678,-800
679,-800
680,-800
681,-801
682,-801
683,-801
684,-801
685,-802
686,-802
687,-803
688,-804
689,-804
690,-804
691,-804
692,-805
693,-806
694,-806
695,-807
696,-808
697,-809
697,-810
698,-810
699,-811
700,-811
701,-812
702,-812
703,-812
704,-813
704,-814
704,-815
704,-816
705,-816
706,-816
707,-816
708,-817
709,-817
710,-817
711,-818
711,-819
712,-820
713,-820
714,-821
714,-822
715,-822
716,-822
717,-823
718,-823
719,-824
720,-824
721,-825
722,-825
723,-825
724,-826
725,-826
726,-826
727,-827
728,-827
729,-827
730,-827
731,-828
732,-828
733,-828
734,-829
735,-829
736,-830
737,-830
738,-831
739,-832
740,-832
741,-832
742,-832
743,-832
744,-832
745,-833
746,-834
747,-834
748,-834
749,-835
750,-836
751,-836
752,-836
753,-837
754,-837
755,-838
756,-838
757,-838
758,-838
759,-839
760,-839
761,-840
762,-840
763,-840
764,-840
765,-841
766,-842
767,-842
768,-842
769,-843
770,-843
771,-843
772,-844
773,-844
774,-845
775,-845
776,-845
777,-845
778,-846
779,-846
780,-846
781,-846
782,-846
783,-847
784,-847
785,-847
786,-848
787,-848
788,-848
789,-848
790,-848
791,-848
792,-848
793,-849
794,-849
795,-849
796,-849
797,-849
798,-850
798,-851
799,-851
800,-851
801,-851
802,-852
803,-852
804,-852
805,-852
806,-852
807,-852
808,-852
809,-853
810,-853
811,-853
812,-853
813,-853
814,-853
815,-854
816,-854
817,-854
818,-854
819,-854
820,-854
821,-854
822,-854
823,-854
824,-854
825,-854
826,-854
827,-854
828,-854
829,-854
830,-854
831,-854
832,-855
833,-855
834,-855
835,-855
836,-855
837,-855
838,-854
839,-854
840,-854
841,-854
842,-854
843,-854
844,-854
845,-854
846,-854
847,-854
848,-854
849,-854
850,-854
851,-854
852,-854
853,-854
854,-854
855,-854
856,-853
857,-853
858,-853
859,-853
860,-853
861,-853
862,-853
863,-852
864,-852
865,-852
866,-852
867,-852
868,-852
869,-852
870,-852
871,-852
872,-851
873,-850
874,-849
875,-849
876,-849
877,-849
878,-848
879,-848
880,-848
881,-847
882,-847
883,-847
884,-847
885,-847
886,-847
887,-847
888,-847
889,-846
890,-846
891,-845
892,-845
893,-845
894,-844
895,-844
896,-844
897,-843
898,-843
899,-843
900,-843
901,-843
902,-842
903,-842
904,-842
905,-842
906,-842
907,-842
908,-841
909,-840
910,-840
911,-839
912,-839
913,-839
914,-839
915,-838
916,-838
917,-838
918,-837
919,-837
920,-836
921,-836
922,-836
923,-836
924,-835
925,-835
926,-835
927,-835
928,-835
929,-834
930,-834
931,-833
932,-833
933,-833
934,-832
935,-832
936,-832
937,-832
938,-832
939,-831
940,-830
941,-830
942,-829
943,-828
944,-828
945,-827
946,-827
947,-827
948,-826
949,-826
950,-826
950,-825
951,-824
952,-824
953,-823
954,-823
955,-822
956,-822
957,-822
957,-821
958,-820
959,-820
959,-819
960,-818
961,-818
962,-817
963,-817
964,-817
965,-816
966,-816
967,-815
968,-815
969,-815
970,-815
970,-814
971,-813
972,-813
973,-813
973,-812
974,-811
975,-811
976,-811
977,-811
978,-811
979,-810
980,-809
981,-808
982,-807
983,-807
984,-807
985,-807
986,-806
987,-805
988,-804
989,-804
990,-804
991,-803
992,-802
993,-802
994,-802
995,-801
996,-800
997,-799
998,-799
999,-798
1000,-798
1000,-797
1001,-796
1002,-796
1003,-795
1004,-795
1005,-795
1006,-795
1007,-794
1008,-793
1009,-792
1010,-792
1011,-792
1012,-792
1013,-792
1014,-792
1015,-792
1015,-791
1015,-790
1015,-789
1016,-788
1017,-788
1018,-787
1019,-787
1020,-786
1021,-786
1022,-786
1023,-785
1024,-785
1025,-785
1026,-784
1026,-783
1027,-782
1028,-782
1029,-782
1030,-781
1031,-781
1032,-780
1033,-780
1034,-779
1035,-779
1036,-778
1037,-778
1037,-777
1037,-776
1038,-775
1039,-775
1040,-775
1041,-775
1041,-774
1042,-773
1043,-772
1044,-772
1045,-772
1046,-772
1047,-772
1047,-771
1047,-770
1047,-769
1048,-768
1049,-768
1050,-768
1051,-767
1052,-766
1053,-766
1054,-766
1055,-766
1055,-765
1056,-764
1057,-763
1058,-762
1059,-762
1060,-761
1061,-760
1062,-759
1063,-758
1064,-757
1065,-757
1066,-756
1067,-756
1068,-755
1069,-755
1070,-754
1071,-754
1071,-753
1072,-752
1073,-752
1074,-751
1075,-751
1076,-750
1077,-749
1078,-748
1079,-747
1080,-746
1081,-746
1081,-745
1082,-744
1083,-743
1084,-742
1085,-741
1086,-740
1087,-739
1088,-738
1089,-738
1090,-737
1091,-737
1091,-736
1091,-735
1092,-734
1093,-734
1093,-733
1093,-732
1094,-731
1095,-731
1096,-731
1097,-731
1098,-731
1099,-732
1100,-732
1101,-732
1102,-732
1103,-732
1104,-732
1105,-731
1106,-730
1107,-730
1108,-729
1109,-728
1110,-728
1111,-728
1111,-727
1112,-726
1112,-725
1113,-724
1114,-724
1115,-724
1116,-724
1117,-723
1118,-723
1119,-723
1119,-722
1120,-721
1121,-720
1122,-720
1123,-720
1124,-719
1124,-718
1125,-717
1126,-716
1127,-716
1128,-716
1128,-715
1128,-714
1128,-713
1129,-712
1130,-711
1131,-711
1131,-710
1132,-709
1133,-708
1134,-708
1135,-708
1136,-708
1137,-708
1138,-707
1138,-706
1138,-705
1138,-704
1138,-703
1139,-702
1139,-701
1139,-700
1139,-699
1139,-698
1139,-697
1139,-696
1138,-695
1137,-694
1137,-693
1136,-692
1135,-691
1135,-690
1135,-689
1136,-688
1136,-687
1137,-686
1137,-685
1137,-684
1137,-683
1137,-682
1137,-681
1136,-680
1135,-679
1134,-679
1133,-678
1132,-677
1131,-676
1130,-676
1129,-675
1128,-675
1127,-674
1126,-674
1125,-673
1124,-673
1123,-672
1122,-671
1121,-671
1120,-671
1119,-670
1118,-670
1117,-669
1116,-669
1115,-668
1114,-668
1113,-667
1112,-667
1111,-666
1110,-666
1109,-665
1108,-665
1107,-664
1106,-664
1105,-663
1104,-663
1103,-662
1102,-662
1101,-661
1100,-661
1099,-660
1098,-660
1097,-659
1096,-659
1095,-658
1094,-657
1093,-657
1092,-656
1091,-656
1090,-655
1089,-654
1088,-654
1087,-654
1086,-653
1085,-653
1084,-652
1083,-652
1082,-651
1081,-651
1080,-651
1079,-650
1078,-650
1077,-649
1076,-649
1075,-648
1074,-648
1073,-648
1072,-647
1071,-646
1070,-646
1069,-645
1068,-645
1067,-645
1066,-644
1065,-644
1064,-644
1063,-643
1062,-643
1061,-643
1060,-642
1059,-642
1058,-641
1057,-641
1056,-641
1055,-640
1054,-640
1053,-640
1052,-639
1051,-639
1050,-639
1049,-638
1048,-638
1047,-638
1046,-637
1045,-637
1044,-637
1043,-636
1042,-636
1041,-636
1040,-635
1039,-635
1038,-635
1037,-634
1036,-634
1035,-634
1034,-633
1033,-633
1032,-633
1031,-632
1030,-632
1029,-632
1028,-632
1027,-632
1026,-631
1025,-631
1024,-631
1023,-630
1022,-630
1021,-630
1020,-629
1019,-629
1018,-629
1017,-629
1016,-628
1015,-628
1014,-628
1013,-627
1012,-627
1011,-627
1010,-627
1009,-626
1008,-626
1007,-626
1006,-625
1005,-625
1004,-625
1003,-625
1002,-624
1001,-624
1000,-624
999,-624
998,-624
997,-624
996,-623
995,-623
994,-623
993,-623
992,-622
991,-622
990,-622
989,-622
988,-621
987,-621
986,-621
985,-621
984,-621
983,-621
982,-621
981,-620
980,-620
979,-620
978,-620
977,-620
976,-619
975,-619
974,-619
973,-619
972,-619
971,-619
970,-619
969,-619
968,-619
967,-619
966,-618
965,-618
964,-618
963,-618
962,-618
961,-618
960,-617
959,-617
958,-617
957,-617
956,-617
955,-617
954,-617
953,-617
952,-617
951,-617
950,-617
949,-616
948,-616
947,-616
946,-616
945,-616
944,-616
943,-616
942,-616
941,-615
940,-615
939,-615
938,-615
937,-615
936,-615
935,-615
934,-615
933,-615
932,-615
931,-615
930,-615
929,-615
928,-615
927,-615
926,-615
925,-615
924,-615
923,-615
922,-615
921,-615
920,-615
919,-614
918,-614
917,-614
916,-614
915,-614
914,-614
913,-615
912,-615
911,-615
910,-615
909,-615
908,-615
907,-615
906,-615
905,-615
904,-615
903,-615
902,-615
901,-615
900,-615
899,-615
898,-615
897,-616
896,-616
895,-616
894,-616
893,-616
892,-616
891,-616
890,-616
889,-616
888,-616
887,-616
886,-616
885,-617
884,-617
883,-617
882,-617
881,-617
880,-617
879,-617
878,-617
877,-617
876,-618
875,-618
874,-618
873,-618
872,-618
871,-618
870,-619
869,-619
868,-619
867,-619
866,-619
865,-620
864,-620
863,-620
862,-620
861,-620
860,-620
859,-620
858,-621
857,-621
856,-621
855,-621
854,-621
853,-622
852,-622
851,-622
850,-622
849,-623
848,-623
847,-623
846,-623
845,-624
844,-624
843,-624
842,-624
841,-624
840,-624
839,-625
838,-625
837,-625
836,-625
836,-626
835,-627
834,-627
833,-627
832,-627
831,-627
830,-627
829,-627
828,-627
827,-628
826,-628
825,-628
824,-628
823,-628
822,-628
821,-628
820,-628
819,-629
818,-629
817,-629
816,-629
815,-630
814,-630
813,-630
812,-630
811,-631
810,-631
809,-631
808,-631
807,-632
806,-632
805,-633
804,-633
803,-633
802,-634
801,-634
800,-634
799,-635
798,-635
797,-635
796,-636
795,-636
794,-636
793,-636
792,-636
791,-637
790,-637
789,-638
788,-638
787,-638
786,-638
785,-639
784,-639
783,-639
782,-639
781,-640
780,-640
779,-641
778,-641
777,-641
776,-642
775,-643
774,-643
773,-643
772,-643
771,-644
770,-644
769,-645
768,-645
767,-646
766,-646
765,-646
764,-647
763,-647
762,-648
761,-648
760,-648
759,-649
758,-649
757,-650
756,-650
755,-651
754,-651
753,-652
752,-652
751,-653
750,-653
749,-654
748,-654
747,-655
746,-656
745,-656
744,-656
743,-657
742,-657
741,-658
740,-659
739,-659
738,-660
737,-660
736,-660
735,-661
734,-661
733,-662
732,-663
731,-664
730,-664
729,-665
728,-665
727,-666
726,-667
725,-667
724,-668
723,-669
722,-669
721,-670
720,-671
719,-672
718,-672
717,-673
716,-673
715,-674
715,-675
714,-676
713,-676
712,-677
711,-677
710,-678
709,-679
708,-680
707,-680
706,-681
705,-682
704,-683
703,-683
702,-683
702,-684
701,-685
700,-686
699,-686
699,-687
698,-688
697,-688
696,-689
695,-690
694,-690
693,-691
693,-692
692,-693
691,-694
690,-694
689,-695
688,-696
687,-697
686,-698
685,-699
684,-700
683,-701
682,-702
682,-703
681,-704
680,-704
680,-705
679,-706
678,-706
677,-707
676,-707
676,-708
675,-709
675,-710
674,-711
673,-712
672,-713
671,-713
671,-714
670,-715
669,-715
668,-716
667,-717
667,-718
666,-719
665,-720
664,-720
664,-721
663,-722
662,-723
662,-724
661,-725
660,-725
659,-726
658,-727
657,-727
656,-728
655,-729
654,-730
653,-730
652,-731
651,-732
650,-733
649,-734
648,-735
647,-735
646,-736
645,-737
644,-738
643,-738
642,-739
641,-739
640,-740
639,-741
638,-741
637,-742
636,-743
635,-744
634,-745
633,-745
632,-746
631,-747
630,-748
629,-749
628,-749
627,-750
626,-750
625,-750
624,-751
623,-751
622,-752
621,-752
620,-753
619,-753
618,-754
617,-754
616,-755
615,-755
614,-756
613,-756
612,-756
611,-757
610,-757
609,-758
608,-758
607,-759
606,-759
605,-759
604,-760
603,-760
602,-760
601,-761
600,-761
599,-761
598,-762
597,-762
596,-762
595,-762
594,-763
593,-763
592,-763
591,-763
590,-764
589,-764
588,-764
587,-764
586,-765
585,-765
584,-765
583,-765
582,-766
581,-766
580,-766
579,-767
578,-767
577,-767
576,-768
575,-768
574,-768
573,-769
572,-770
571,-770
570,-770
569,-771
568,-771
567,-771
566,-772
565,-773
564,-773
563,-774
562,-774
561,-774
560,-775
559,-775
558,-776
557,-776
556,-777
555,-777
554,-778
553,-778
552,-779
551,-779
550,-780
549,-780
548,-781
547,-781
546,-782
545,-782
544,-782
543,-783
542,-783
541,-784
540,-785
539,-785
538,-786
537,-786
536,-787
535,-787
534,-788
533,-788
532,-789
531,-789
530,-790
529,-791
528,-791
527,-791
526,-792
525,-792
524,-793
523,-793
522,-794
521,-794
520,-795
519,-796
518,-796
517,-797
516,-797
515,-798
514,-798
513,-799
512,-799
511,-800
510,-800
509,-801
508,-801
507,-802
506,-803
505,-803
504,-803
503,-804
502,-805
501,-805
500,-806
499,-806
498,-806
497,-807
496,-807
495,-808
494,-809
493,-809
492,-810
491,-811
490,-811
489,-811
488,-812
487,-812
486,-813
485,-813
484,-814
483,-814
482,-815
481,-816
480,-816
479,-817
478,-817
477,-818
476,-818
475,-819
474,-819
473,-820
472,-820
471,-821
470,-821
469,-822
468,-822
467,-823
466,-823
465,-824
464,-824
463,-825
462,-825
461,-826
460,-826
459,-827
458,-828
457,-828
456,-829
455,-829
454,-830
453,-830
452,-831
451,-831
450,-832
449,-832
448,-833
447,-833
446,-834
445,-834
444,-834
443,-835
442,-836
441,-836
440,-837
439,-837
438,-838
437,-838
436,-839
435,-839
434,-840
433,-841
432,-841
431,-841
430,-842
429,-842
428,-843
427,-843
426,-844
425,-844
424,-844
423,-845
422,-846
421,-846
420,-846
419,-847
418,-847
417,-848
416,-848
415,-849
414,-849
413,-850
412,-850
411,-850
410,-851
409,-851
408,-852
407,-853
406,-853
405,-853
404,-854
403,-854
402,-854
401,-855
400,-855
399,-855
398,-855
397,-856
396,-856
395,-856
394,-856
393,-856
392,-857
391,-857
390,-858
389,-858
389,-859
388,-860
387,-860
386,-860
385,-860
384,-859
383,-859
382,-858
382,-857
381,-857
380,-857
379,-857
378,-857
378,-858
377,-859
376,-859
375,-859
374,-860
373,-860
372,-860
371,-860
370,-861
369,-861
368,-861
367,-861
366,-861
365,-861
364,-861
363,-861
