445,-981
445,-982
445,-983
445,-984
445,-985
446,-985
447,-985
448,-986
448,-987
448,-988
448,-989
448,-990
448,-991
448,-992
448,-993
448,-994
448,-995
449,-995
450,-995
451,-996
452,-997
453,-998
453,-999
454,-999
455,-999
456,-999
457,-999
458,-999
459,-999
460,-999
461,-999
462,-999
463,-999
464,-999
465,-999
466,-998
467,-998
468,-998
469,-997
470,-996
471,-996
471,-995
472,-994
473,-994
473,-993
473,-992
474,-991
474,-990
474,-989
475,-988
476,-988
477,-988
478,-988
478,-987
478,-986
478,-985
479,-984
480,-983
481,-982
482,-982
482,-981
483,-980
484,-980
485,-979
486,-978
487,-978
487,-977
487,-976
488,-975
488,-974
489,-973
490,-972
491,-972
491,-971
492,-970
493,-970
494,-970
495,-969
496,-968
497,-968
497,-967
497,-966
497,-965
498,-964
499,-964
500,-963
500,-962
500,-961
501,-960
502,-960
503,-960
504,-959
505,-958
506,-958
507,-957
508,-957
509,-956
510,-956
510,-955
510,-954
510,-953
511,-952
512,-952
513,-952
514,-952
515,-951
516,-951
516,-950
516,-949
517,-948
518,-948
519,-947
519,-946
519,-945
520,-944
521,-944
522,-944
523,-944
524,-944
524,-943
524,-942
525,-941
525,-940
525,-939
526,-938
527,-937
528,-937
529,-936
529,-935
529,-934
530,-933
531,-933
532,-933
533,-933
534,-933
535,-933
536,-933
537,-933
538,-933
539,-932
540,-932
541,-932
542,-932
542,-931
542,-930
543,-929
544,-929
545,-929
545,-928
545,-927
545,-926
545,-925
545,-924
545,-923
545,-922
545,-921
545,-920
546,-919
547,-919
548,-919
549,-919
550,-918
551,-918
552,-918
553,-917
553,-916
554,-915
555,-915
556,-915
557,-915
557,-914
557,-913
557,-912
557,-911
558,-910
559,-909
560,-908
560,-907
561,-906
561,-905
562,-904
563,-904
563,-903
563,-902
564,-901
565,-901
566,-900
567,-899
568,-899
569,-899
570,-898
571,-898
571,-897
571,-896
572,-895
573,-895
574,-895
575,-895
575,-894
576,-893
577,-893
577,-892
577,-891
578,-890
579,-890
580,-890
581,-890
582,-890
582,-889
582,-888
582,-887
583,-886
584,-886
584,-885
585,-884
586,-884
587,-884
588,-884
589,-884
589,-883
589,-882
589,-881
590,-880
591,-880
592,-879
593,-879
593,-878
593,-877
594,-876
594,-875
594,-874
595,-873
596,-873
597,-873
598,-873
598,-872
599,-871
600,-870
601,-870
602,-869
603,-869
604,-868
605,-868
605,-867
606,-866
607,-865
608,-864
609,-864
610,-863
611,-863
612,-862
612,-861
613,-860
614,-860
615,-860
616,-860
617,-859
618,-858
619,-857
620,-857
621,-856
622,-855
623,-854
624,-853
625,-853
626,-853
627,-853
628,-852
628,-851
629,-850
630,-849
631,-848
632,-848
632,-847
632,-846
633,-845
634,-845
635,-845
636,-845
637,-844
638,-843
639,-843
640,-843
640,-842
641,-841
642,-841
643,-841
644,-841
645,-841
646,-840
646,-839
647,-838
648,-837
649,-837
650,-837
651,-837
652,-836
653,-836
654,-835
655,-835
656,-835
657,-835
657,-834
658,-833
659,-832
660,-832
661,-831
662,-831
663,-831
664,-831
665,-831
665,-830
666,-829
667,-829
668,-829
669,-829
670,-828
671,-828
672,-828
673,-827
674,-827
675,-827
675,-826
676,-825
677,-824
678,-824
679,-824
680,-824
681,-824
682,-824
682,-823
683,-822
684,-822
685,-822
686,-822
687,-822
688,-822
689,-821
690,-821
691,-821
692,-821
693,-821
694,-821
695,-821
696,-821
697,-821
698,-821
699,-821
700,-821
701,-821
702,-821
703,-821
704,-821
705,-821
706,-820
707,-820
708,-820
709,-820
710,-820
711,-820
712,-819
713,-819
714,-819
715,-819
716,-819
717,-819
718,-819
719,-819
720,-818
721,-818
722,-818
723,-818
724,-818
725,-818
726,-818
727,-818
728,-818
729,-818
730,-818
731,-818
732,-818
733,-818
734,-818
735,-818
736,-818
737,-818
738,-817
739,-817
740,-817
741,-817
742,-817
743,-817
744,-816
745,-816
746,-816
747,-816
748,-816
749,-816
750,-816
751,-815
752,-815
753,-815
754,-815
755,-815
756,-815
757,-814
758,-814
759,-814
760,-814
761,-814
762,-813
763,-813
764,-812
765,-812
766,-812
767,-812
768,-812
769,-812
770,-811
771,-811
772,-811
773,-811
774,-810
775,-810
776,-810
777,-810
778,-810
779,-810
780,-809
781,-809
782,-808
783,-808
784,-807
785,-807
786,-807
787,-807
788,-806
789,-806
790,-806
791,-805
792,-805
793,-804
794,-804
795,-804
796,-803
797,-803
798,-802
799,-802
800,-802
801,-802
802,-801
803,-801
804,-800
805,-800
806,-800
807,-800
808,-799
809,-798
810,-798
811,-798
812,-798
813,-798
814,-797
815,-796
816,-796
817,-796
818,-795
819,-795
820,-795
821,-794
822,-794
823,-793
824,-793
825,-792
826,-792
827,-791
828,-790
829,-790
830,-790
831,-790
831,-789
832,-788
833,-788
834,-788
835,-788
835,-787
836,-786
837,-786
838,-786
839,-785
840,-785
841,-784
842,-784
843,-783
844,-783
845,-783
846,-782
847,-781
848,-781
849,-780
850,-779
851,-779
852,-779
853,-778
854,-778
855,-777
856,-777
857,-776
858,-775
859,-775
860,-774
861,-774
862,-773
863,-772
864,-771
865,-771
866,-771
867,-771
868,-770
869,-769
870,-769
870,-768
871,-767
872,-767
872,-766
873,-765
874,-765
875,-765
875,-764
876,-763
877,-763
878,-762
879,-762
879,-761
880,-760
881,-760
882,-760
882,-759
882,-758
883,-757
884,-756
885,-756
886,-755
887,-755
888,-754
889,-754
889,-753
890,-752
891,-751
892,-750
893,-750
894,-750
895,-749
896,-748
897,-747
898,-746
899,-745
900,-744
901,-744
902,-743
903,-743
904,-742
905,-742
906,-741
907,-740
908,-740
908,-739
909,-738
910,-738
911,-737
911,-736
912,-735
913,-735
914,-734
915,-733
916,-732
917,-731
918,-731
919,-731
919,-730
920,-729
921,-728
922,-727
922,-726
923,-725
924,-725
925,-725
925,-724
925,-723
926,-722
927,-722
928,-721
928,-720
929,-719
930,-718
931,-718
931,-717
932,-716
933,-716
933,-715
934,-714
935,-713
936,-712
937,-711
938,-711
939,-710
939,-709
940,-708
941,-707
942,-706
943,-705
944,-704
944,-703
945,-702
946,-701
947,-701
947,-700
948,-699
948,-698
949,-697
950,-696
951,-695
952,-694
952,-693
953,-692
954,-691
955,-690
956,-689
957,-688
957,-687
958,-686
958,-685
959,-684
960,-684
960,-683
961,-682
961,-681
962,-680
963,-680
963,-679
963,-678
964,-677
964,-676
965,-675
966,-674
967,-674
967,-673
967,-672
968,-671
969,-670
969,-669
970,-668
971,-667
971,-666
972,-665
973,-664
973,-663
974,-662
975,-661
976,-660
976,-659
977,-658
978,-657
978,-656
979,-655
979,-654
980,-653
980,-652
981,-651
982,-651
982,-650
982,-649
983,-648
984,-648
984,-647
984,-646
985,-645
985,-644
986,-643
987,-642
987,-641
988,-640
989,-639
990,-638
991,-637
991,-636
991,-635
992,-634
993,-633
993,-632
994,-631
994,-630
995,-629
996,-628
996,-627
997,-626
997,-625
998,-624
999,-623
1000,-622
1000,-621
1001,-620
1001,-619
1001,-618
1002,-617
1002,-616
1003,-615
1004,-614
1004,-613
1005,-612
1006,-611
1006,-610
1007,-609
1007,-608
1008,-607
1009,-606
1010,-605
1010,-604
1011,-603
1011,-602
1012,-601
1012,-600
1013,-599
1014,-598
1014,-597
1015,-596
1015,-595
1016,-594
1016,-593
1016,-592
1017,-591
1018,-590
1018,-589
1019,-588
1019,-587
1020,-586
1020,-585
1021,-584
1021,-583
1022,-582
1023,-581
1023,-580
1023,-579
1024,-578
1024,-577
1025,-576
1025,-575
1026,-574
1027,-574
1027,-573
1028,-572
1028,-571
1028,-570
1028,-569
1029,-568
1030,-567
1030,-566
1030,-565
1031,-564
1032,-563
1032,-562
1033,-561
1034,-561
1034,-560
1035,-559
1036,-558
1036,-557
1036,-556
1037,-555
1037,-554
1038,-553
1038,-552
1039,-551
1040,-550
1040,-549
1040,-548
1040,-547
1041,-546
1041,-545
1041,-544
1042,-543
1043,-542
1043,-541
1044,-540
1045,-540
1045,-539
1045,-538
1045,-537
1046,-536
1047,-536
1047,-535
1048,-534
1049,-533
1049,-532
1049,-531
1049,-530
1049,-529
1050,-528
1050,-527
1051,-526
1051,-525
1051,-524
1052,-523
1053,-523
1053,-522
1053,-521
1054,-520
1054,-519
1055,-518
1056,-518
1056,-517
1056,-516
1056,-515
1056,-514
1055,-513
1055,-512
1055,-511
1055,-510
1055,-509
1055,-508
1055,-507
1055,-506
1055,-505
1054,-504
1053,-504
1052,-504
1051,-504
1050,-503
1049,-503
1048,-503
1047,-503
1046,-503
1045,-503
1044,-502
1043,-502
1042,-502
1041,-502
1040,-502
1039,-502
1038,-502
1037,-502
1036,-502
1035,-502
1034,-502
1033,-502
1032,-502
1031,-502
1030,-502
1029,-502
1028,-502
1027,-502
1026,-502
1025,-502
1024,-502
1023,-502
1022,-503
1021,-503
1020,-503
1019,-503
1018,-503
1017,-503
1016,-503
1015,-503
1014,-503
1013,-503
1012,-503
1011,-504
1010,-504
1009,-504
1008,-504
1007,-504
1006,-504
1005,-504
1004,-504
1003,-504
1002,-505
1001,-505
1000,-505
999,-505
998,-505
997,-505
996,-506
995,-506
994,-506
993,-506
992,-506
991,-506
990,-506
989,-506
988,-506
987,-506
986,-506
985,-507
984,-507
983,-507
982,-507
981,-507
980,-507
979,-507
978,-508
977,-508
976,-508
975,-508
974,-508
973,-508
972,-508
971,-508
970,-508
969,-509
968,-509
967,-509
966,-509
965,-509
964,-509
963,-510
962,-510
961,-510
960,-510
959,-511
958,-511
957,-511
956,-511
955,-511
954,-511
953,-511
952,-511
951,-511
950,-511
949,-512
948,-512
947,-512
946,-512
945,-512
944,-513
943,-514
942,-514
941,-514
940,-514
939,-514
938,-514
937,-514
936,-514
935,-514
934,-514
933,-514
932,-514
931,-514
930,-515
929,-515
928,-515
927,-515
926,-516
925,-516
924,-516
923,-516
922,-516
921,-517
920,-517
919,-517
918,-518
917,-518
916,-518
915,-518
914,-518
914,-519
913,-520
912,-520
911,-520
910,-521
909,-521
908,-521
907,-521
906,-521
905,-522
904,-522
903,-522
902,-522
901,-522
900,-522
899,-522
898,-522
897,-522
896,-523
895,-524
894,-524
893,-524
892,-524
891,-524
890,-525
889,-525
888,-525
887,-526
886,-526
885,-526
884,-526
883,-527
882,-527
881,-528
880,-528
879,-529
878,-529
877,-529
876,-529
875,-530
874,-530
873,-530
872,-531
871,-531
870,-532
869,-532
868,-533
867,-533
866,-533
865,-533
864,-534
863,-534
862,-534
861,-534
860,-535
859,-536
858,-536
857,-536
856,-537
855,-537
854,-537
853,-538
852,-538
851,-538
850,-539
849,-540
848,-540
847,-541
846,-541
845,-541
844,-542
843,-542
842,-542
841,-543
840,-544
839,-544
838,-545
837,-545
836,-545
835,-546
834,-546
833,-547
832,-547
831,-548
830,-549
829,-549
828,-549
827,-550
826,-550
825,-550
824,-551
823,-551
822,-552
821,-553
820,-553
819,-554
818,-554
817,-555
816,-555
815,-555
814,-556
813,-557
812,-557
811,-558
810,-558
809,-559
809,-560
808,-561
807,-561
806,-561
805,-561
804,-562
803,-563
802,-563
801,-563
800,-564
799,-565
798,-565
797,-566
796,-566
795,-566
794,-566
793,-566
793,-567
793,-568
792,-569
791,-569
790,-570
789,-570
788,-571
787,-571
786,-572
785,-573
784,-573
783,-574
782,-575
781,-575
780,-576
779,-577
778,-578
777,-578
776,-578
775,-579
774,-580
773,-581
772,-582
771,-582
770,-583
769,-584
768,-585
767,-585
766,-586
765,-586
764,-587
763,-588
762,-588
761,-589
760,-590
759,-591
758,-591
757,-592
756,-593
755,-593
754,-594
753,-595
752,-596
751,-596
750,-597
749,-598
748,-599
747,-600
746,-601
745,-601
744,-602
743,-602
742,-603
741,-604
740,-605
739,-606
738,-607
737,-607
736,-608
735,-609
734,-610
733,-611
732,-612
731,-613
730,-613
729,-614
728,-614
728,-615
727,-616
726,-617
725,-617
724,-618
723,-619
722,-620
721,-621
720,-622
719,-622
718,-623
718,-624
717,-625
716,-625
715,-626
714,-627
713,-628
712,-629
711,-630
710,-631
709,-632
708,-633
707,-634
706,-635
706,-636
705,-637
704,-637
704,-638
703,-639
702,-640
701,-641
700,-642
700,-643
699,-644
698,-645
697,-646
697,-647
696,-648
695,-649
694,-650
694,-651
693,-652
692,-652
691,-653
691,-654
690,-655
689,-656
688,-657
688,-658
687,-659
687,-660
686,-661
685,-662
684,-663
684,-664
683,-665
682,-666
682,-667
681,-668
680,-669
679,-670
679,-671
678,-672
678,-673
677,-674
677,-675
676,-676
675,-677
674,-678
674,-679
673,-680
673,-681
672,-682
671,-683
671,-684
671,-685
670,-686
670,-687
669,-688
668,-689
668,-690
667,-691
667,-692
667,-693
666,-694
666,-695
665,-696
665,-697
664,-698
664,-699
663,-700
663,-701
662,-702
662,-703
662,-704
661,-705
661,-706
660,-707
660,-708
660,-709
659,-710
659,-711
659,-712
659,-713
658,-714
658,-715
658,-716
658,-717
657,-718
656,-719
656,-720
656,-721
656,-722
655,-723
655,-724
655,-725
655,-726
655,-727
655,-728
655,-729
655,-730
655,-731
654,-732
654,-733
654,-734
654,-735
653,-736
653,-737
653,-738
653,-739
652,-740
652,-741
652,-742
652,-743
652,-744
651,-745
651,-746
650,-747
650,-748
650,-749
650,-750
649,-751
649,-752
649,-753
648,-754
648,-755
647,-756
647,-757
646,-758
646,-759
645,-760
645,-761
645,-762
644,-763
644,-764
643,-765
642,-765
642,-766
642,-767
641,-768
640,-769
640,-770
639,-771
639,-772
638,-773
638,-774
637,-775
637,-776
636,-777
635,-778
634,-779
634,-780
633,-781
632,-782
631,-783
631,-784
630,-785
629,-786
629,-787
628,-788
627,-789
626,-790
626,-791
625,-792
624,-793
623,-794
622,-795
622,-796
621,-797
620,-798
619,-799
618,-800
617,-801
617,-802
616,-803
615,-804
614,-805
613,-806
612,-807
611,-808
610,-809
609,-810
608,-811
607,-812
606,-813
605,-814
604,-815
603,-816
603,-817
602,-818
601,-819
600,-819
599,-820
598,-821
597,-822
596,-823
595,-824
594,-825
593,-826
592,-827
591,-828
590,-829
589,-830
588,-830
587,-831
586,-832
585,-833
584,-834
583,-835
582,-836
581,-837
580,-838
579,-839
578,-839
578,-840
577,-841
576,-842
575,-843
574,-844
573,-844
572,-845
571,-846
570,-847
569,-848
568,-849
567,-850
566,-851
565,-852
564,-853
563,-854
562,-855
561,-856
560,-856
559,-857
558,-858
557,-859
556,-860
555,-861
554,-862
553,-863
552,-863
552,-864
551,-865
550,-866
549,-867
548,-867
548,-868
547,-869
546,-869
546,-870
545,-871
544,-872
543,-873
542,-873
541,-874
540,-875
539,-876
538,-877
537,-878
536,-879
535,-880
534,-881
533,-882
532,-883
531,-884
530,-885
529,-886
528,-887
527,-888
526,-888
525,-889
524,-890
523,-891
522,-892
521,-893
520,-893
519,-894
518,-895
517,-896
516,-897
515,-898
514,-899
513,-900
512,-901
511,-901
510,-902
509,-903
508,-904
507,-905
506,-906
505,-906
504,-907
503,-908
502,-909
501,-910
500,-911
499,-912
498,-912
498,-913
497,-914
496,-914
495,-915
494,-916
494,-917
493,-918
492,-918
492,-919
491,-920
490,-920
489,-921
488,-921
487,-922
487,-923
486,-924
486,-925
485,-926
484,-926
483,-927
482,-928
481,-928
481,-929
480,-930
479,-931
478,-932
477,-933
476,-934
475,-935
474,-935
474,-936
473,-937
472,-937
471,-938
470,-939
469,-939
468,-940
467,-941
466,-941
465,-942
464,-943
464,-944
464,-945
464,-946
464,-947
464,-948
465,-948
466,-948
467,-948
468,-948
469,-948
469,-947
470,-946
471,-946
472,-945
473,-945
474,-945
475,-945
476,-945
477,-945
478,-945
479,-945
480,-946
480,-947
480,-948
479,-949
478,-949
477,-949
477,-950
477,-951
477,-952
477,-953
476,-954
475,-954
474,-954
473,-955
473,-956
473,-957
472,-958
471,-959
470,-959
469,-959
469,-960
469,-961
468,-962
467,-963
466,-964
465,-965
464,-966
463,-967
463,-968
462,-969
461,-969
460,-970
459,-971
458,-971
457,-972
456,-973
455,-973
454,-973
454,-974
454,-975
454,-976
453,-977
453,-978
453,-979
452,-980
451,-980
450,-981
449,-981
448,-981
447,-981
446,-981
445,-981
