432,-936
432,-937
432,-938
432,-939
432,-940
433,-940
434,-940
435,-941
436,-941
437,-941
438,-941
439,-941
440,-941
441,-941
442,-942
443,-943
444,-943
445,-944
445,-945
445,-946
446,-946
447,-946
448,-946
449,-946
450,-945
451,-945
452,-945
453,-945
454,-944
455,-944
456,-944
457,-943
458,-943
459,-942
460,-942
461,-942
462,-942
463,-942
464,-942
465,-942
466,-942
467,-942
468,-941
469,-941
470,-941
471,-941
472,-941
473,-941
474,-941
475,-941
476,-940
477,-939
478,-939
479,-939
480,-939
481,-939
482,-939
483,-939
484,-939
485,-938
486,-938
487,-938
488,-938
489,-938
490,-938
491,-938
492,-938
493,-938
494,-938
495,-937
496,-936
497,-936
498,-936
499,-936
500,-936
501,-936
502,-936
503,-935
504,-935
505,-935
506,-935
507,-935
508,-935
509,-935
510,-935
511,-934
512,-934
513,-934
514,-934
515,-934
516,-934
517,-934
518,-933
519,-933
520,-933
521,-933
522,-933
523,-933
524,-933
525,-932
526,-932
527,-932
528,-932
529,-932
530,-932
531,-932
532,-932
533,-931
534,-931
535,-931
536,-930
537,-930
538,-929
539,-929
540,-929
541,-929
542,-929
543,-929
544,-929
545,-928
546,-928
547,-928
548,-928
549,-928
550,-928
551,-928
552,-928
553,-928
554,-928
555,-928
556,-928
557,-928
558,-928
559,-928
560,-928
561,-928
562,-927
563,-927
564,-927
565,-926
566,-926
567,-926
568,-926
569,-926
570,-926
571,-925
572,-925
573,-925
574,-925
575,-925
576,-925
577,-925
578,-925
579,-925
580,-925
581,-924
582,-924
582,-923
582,-922
582,-921
583,-920
584,-920
585,-920
586,-919
587,-919
588,-919
589,-918
590,-918
591,-918
592,-918
593,-917
594,-917
595,-917
596,-917
597,-916
598,-916
599,-916
600,-916
601,-916
602,-916
603,-916
604,-916
605,-916
606,-916
607,-916
608,-916
609,-916
610,-916
611,-915
612,-915
613,-915
614,-915
615,-915
616,-915
617,-915
618,-915
619,-914
620,-914
621,-914
621,-913
622,-912
623,-912
624,-912
625,-912
626,-912
627,-912
628,-911
629,-911
630,-911
631,-911
632,-910
633,-910
634,-909
635,-909
636,-909
637,-909
638,-909
639,-908
640,-908
641,-908
642,-908
643,-907
644,-907
645,-907
646,-907
647,-907
648,-907
648,-906
648,-905
649,-904
650,-904
651,-904
652,-904
653,-904
654,-904
655,-904
656,-903
657,-903
658,-903
658,-902
659,-901
660,-901
660,-900
661,-899
662,-899
663,-899
664,-899
665,-899
666,-899
667,-899
668,-899
668,-898
668,-897
668,-896
668,-895
669,-894
670,-894
671,-894
672,-894
673,-894
674,-894
675,-894
676,-894
676,-893
677,-892
678,-892
679,-892
680,-892
681,-891
682,-891
683,-891
684,-891
685,-891
686,-891
686,-890
687,-889
688,-889
689,-888
689,-887
690,-886
691,-886
692,-886
693,-885
694,-885
695,-884
696,-883
697,-883
697,-882
697,-881
698,-880
699,-880
700,-880
701,-879
702,-879
703,-879
704,-879
705,-878
706,-878
707,-877
708,-876
709,-876
710,-876
711,-875
712,-874
712,-873
713,-872
714,-872
715,-872
716,-872
717,-872
718,-872
719,-872
720,-871
721,-870
722,-869
723,-868
724,-868
725,-867
726,-866
727,-866
728,-865
728,-864
729,-863
730,-863
731,-862
732,-862
732,-861
733,-860
734,-859
735,-859
736,-859
737,-859
738,-858
738,-857
738,-856
739,-855
740,-855
741,-855
742,-855
743,-855
744,-854
745,-853
746,-853
746,-852
747,-851
748,-851
749,-851
749,-850
749,-849
749,-848
750,-847
751,-847
752,-847
753,-847
754,-846
754,-845
755,-844
756,-844
757,-844
758,-843
759,-842
759,-841
759,-840
760,-839
761,-839
762,-838
763,-838
763,-837
763,-836
764,-835
765,-834
766,-834
767,-834
768,-833
769,-833
770,-832
770,-831
771,-830
771,-829
772,-828
773,-828
774,-827
775,-826
776,-825
777,-824
778,-823
779,-822
780,-821
781,-820
781,-819
782,-818
783,-818
784,-817
784,-816
785,-815
786,-815
786,-814
787,-813
788,-812
789,-811
790,-810
791,-810
791,-809
792,-808
793,-807
794,-807
795,-807
795,-806
795,-805
796,-804
797,-803
798,-802
799,-801
800,-800
801,-799
802,-798
802,-797
803,-796
804,-795
805,-795
805,-794
806,-793
806,-792
807,-791
808,-791
808,-790
808,-789
809,-788
810,-787
811,-786
812,-785
812,-784
813,-783
814,-782
815,-781
816,-781
816,-780
816,-779
817,-778
818,-777
818,-776
818,-775
819,-774
820,-773
821,-772
821,-771
822,-770
823,-769
823,-768
823,-767
824,-766
825,-765
825,-764
826,-763
826,-762
827,-761
828,-760
828,-759
828,-758
828,-757
829,-756
830,-755
830,-754
831,-753
831,-752
831,-751
832,-750
832,-749
832,-748
833,-747
833,-746
833,-745
834,-744
834,-743
834,-742
835,-741
835,-740
835,-739
835,-738
836,-737
837,-736
837,-735
837,-734
837,-733
838,-732
838,-731
838,-730
838,-729
839,-728
839,-727
840,-726
840,-725
840,-724
840,-723
841,-722
842,-721
842,-720
842,-719
843,-718
844,-717
844,-716
845,-715
845,-714
846,-713
846,-712
846,-711
847,-710
848,-710
849,-710
850,-710
851,-710
852,-710
853,-710
854,-710
855,-710
856,-710
857,-710
858,-710
859,-710
860,-710
861,-709
862,-709
863,-709
864,-709
865,-709
866,-709
867,-709
868,-709
868,-708
869,-707
870,-707
871,-706
872,-705
873,-704
874,-704
875,-704
875,-703
876,-702
877,-702
878,-701
879,-700
880,-699
881,-699
882,-699
882,-698
883,-697
884,-697
885,-697
886,-696
886,-695
886,-694
886,-693
887,-692
888,-692
889,-692
890,-692
891,-692
892,-692
892,-691
892,-690
893,-689
894,-689
895,-689
896,-689
897,-689
898,-689
899,-689
900,-689
900,-688
901,-687
902,-687
903,-687
904,-687
904,-686
904,-685
904,-684
904,-683
904,-682
904,-681
904,-680
905,-679
906,-679
907,-679
908,-679
909,-680
910,-681
911,-681
912,-681
913,-681
914,-681
915,-681
916,-681
917,-681
918,-681
919,-681
920,-681
921,-681
921,-680
921,-679
921,-678
921,-677
920,-676
919,-675
918,-674
918,-673
917,-672
917,-671
917,-670
918,-669
919,-669
920,-669
921,-669
922,-670
923,-671
924,-672
925,-673
926,-673
927,-674
928,-675
929,-675
930,-675
931,-675
932,-675
933,-674
934,-673
935,-673
936,-672
937,-672
937,-671
937,-670
937,-669
937,-668
937,-667
938,-666
939,-666
939,-665
940,-664
941,-664
942,-664
943,-664
944,-664
945,-664
946,-664
947,-664
948,-663
949,-663
950,-663
950,-662
950,-661
951,-660
952,-660
953,-659
954,-659
955,-659
956,-659
957,-659
958,-659
959,-658
960,-658
960,-657
961,-656
962,-656
963,-655
964,-655
965,-655
966,-655
967,-655
968,-655
968,-654
969,-653
970,-653
971,-653
972,-653
973,-652
974,-652
975,-652
976,-652
977,-652
978,-652
978,-651
979,-650
980,-649
981,-649
982,-649
983,-649
983,-648
984,-647
985,-647
986,-647
987,-646
988,-646
989,-645
990,-645
991,-645
992,-645
993,-645
994,-645
995,-645
996,-644
997,-644
998,-644
999,-644
999,-643
1000,-642
1001,-642
1002,-642
1003,-642
1004,-641
1005,-641
1006,-641
1007,-640
1008,-640
1009,-639
1010,-639
1011,-639
1012,-639
1013,-639
1014,-638
1015,-638
1016,-637
1017,-636
1018,-636
1019,-636
1020,-636
1021,-635
1022,-635
1023,-635
1023,-634
1023,-633
1024,-632
1025,-632
1026,-632
1027,-632
1028,-632
1029,-632
1029,-631
1029,-630
1030,-629
1031,-629
1032,-629
1033,-629
1034,-629
1035,-629
1036,-629
1037,-629
1038,-629
1039,-629
1040,-629
1041,-628
1041,-627
1041,-626
1041,-625
1042,-624
1043,-624
1044,-624
1045,-623
1046,-623
1047,-623
1048,-623
1049,-623
1049,-622
1050,-621
1051,-621
1051,-620
1052,-619
1053,-619
1053,-618
1053,-617
1054,-616
1055,-616
1055,-615
1055,-614
1056,-613
1057,-613
1057,-612
1057,-611
1058,-610
1059,-610
1060,-610
1061,-610
1062,-610
1063,-609
1063,-608
1063,-607
1064,-606
1065,-606
1066,-606
1066,-605
1066,-604
1066,-603
1066,-602
1065,-601
1065,-600
1064,-600
1063,-599
1062,-599
1061,-598
1061,-597
1061,-596
1061,-595
1062,-594
1063,-594
1064,-594
1065,-594
1066,-594
1066,-593
1066,-592
1066,-591
1066,-590
1066,-589
1066,-588
1067,-587
1067,-586
1068,-585
1069,-585
1069,-584
1069,-583
1069,-582
1069,-581
1069,-580
1069,-579
1068,-579
1067,-579
1066,-579
1065,-579
1065,-580
1064,-581
1063,-581
1062,-581
1061,-580
1061,-579
1061,-578
1062,-577
1063,-577
1063,-576
1063,-575
1063,-574
1063,-573
1063,-572
1063,-571
1063,-570
1063,-569
1063,-568
1063,-567
1063,-566
1064,-565
1065,-564
1065,-563
1065,-562
1065,-561
1065,-560
1065,-559
1064,-559
1063,-559
1062,-558
1062,-557
1061,-556
1060,-556
1059,-556
1058,-556
1057,-556
1056,-556
1055,-556
1054,-556
1053,-556
1052,-556
1051,-556
1050,-556
1049,-557
1048,-557
1047,-557
1046,-557
1045,-557
1045,-558
1045,-559
1044,-560
1043,-560
1042,-560
1041,-560
1041,-561
1040,-562
1039,-562
1038,-562
1037,-562
1036,-561
1036,-560
1035,-560
1034,-560
1033,-560
1032,-560
1031,-561
1030,-562
1029,-562
1028,-563
1027,-563
1026,-563
1025,-563
1024,-563
1023,-563
1022,-563
1021,-563
1020,-564
1019,-564
1018,-564
1017,-565
1017,-566
1016,-567
1015,-567
1014,-567
1013,-567
1012,-568
1011,-568
1010,-568
1009,-569
1008,-569
1007,-570
1006,-570
1005,-571
1004,-571
1003,-572
1002,-572
1001,-572
1000,-572
999,-573
998,-573
997,-574
996,-574
995,-575
994,-576
993,-576
992,-577
991,-577
990,-578
989,-578
988,-579
987,-579
986,-579
985,-580
984,-580
983,-581
982,-581
981,-582
980,-582
979,-583
978,-583
977,-584
976,-584
975,-584
974,-585
973,-585
972,-586
971,-586
970,-587
969,-587
968,-588
967,-588
966,-589
965,-589
964,-589
963,-590
962,-591
961,-591
960,-591
959,-592
958,-593
957,-593
956,-593
955,-594
954,-594
953,-594
952,-595
951,-596
950,-596
949,-596
948,-597
947,-598
946,-599
945,-599
944,-599
943,-600
942,-600
941,-601
940,-601
939,-602
938,-602
937,-603
936,-603
935,-603
934,-604
933,-605
932,-605
931,-605
930,-606
929,-606
928,-607
927,-607
926,-608
925,-608
924,-609
923,-609
922,-609
921,-610
920,-611
919,-611
918,-612
917,-612
916,-613
915,-613
914,-614
913,-614
912,-615
911,-615
910,-616
909,-616
908,-616
907,-617
906,-618
905,-618
904,-618
903,-619
902,-619
901,-620
900,-620
899,-620
898,-621
897,-621
896,-622
895,-622
894,-623
893,-623
892,-624
891,-624
890,-624
889,-625
888,-625
887,-625
886,-626
885,-626
884,-627
883,-627
882,-628
881,-628
880,-629
879,-629
878,-630
877,-630
876,-631
875,-631
875,-632
874,-633
873,-633
872,-633
871,-634
870,-634
869,-634
868,-634
867,-635
866,-635
865,-636
864,-636
863,-637
862,-637
861,-637
860,-638
859,-638
858,-639
857,-639
856,-640
855,-640
854,-641
853,-641
852,-641
851,-642
850,-643
849,-643
848,-643
847,-644
846,-644
845,-644
844,-645
843,-645
842,-645
841,-646
840,-646
839,-646
838,-647
837,-647
836,-647
835,-648
834,-648
833,-648
832,-649
831,-649
830,-649
829,-650
828,-650
827,-650
826,-651
825,-651
824,-651
823,-651
822,-652
821,-652
820,-652
819,-652
818,-652
817,-652
816,-653
815,-653
814,-653
813,-653
812,-653
811,-653
810,-653
809,-654
808,-654
807,-654
806,-654
805,-654
804,-654
803,-654
802,-653
801,-653
800,-653
799,-653
798,-653
797,-653
796,-653
795,-653
794,-653
793,-653
792,-653
791,-653
790,-653
789,-653
788,-654
787,-654
786,-655
785,-655
784,-655
783,-655
782,-655
781,-655
780,-655
779,-655
778,-655
777,-655
776,-655
775,-655
774,-655
773,-654
772,-654
771,-653
770,-653
769,-653
768,-652
767,-652
766,-652
765,-652
764,-651
763,-651
762,-651
761,-651
760,-651
759,-651
758,-651
757,-651
756,-651
755,-651
754,-651
753,-651
752,-651
751,-652
750,-652
749,-652
748,-652
747,-652
746,-652
745,-652
744,-652
743,-652
742,-652
741,-652
740,-652
739,-653
738,-653
737,-653
736,-653
735,-654
734,-654
733,-654
732,-654
731,-654
730,-654
729,-655
728,-655
727,-655
726,-655
725,-655
724,-655
723,-655
722,-655
721,-655
720,-656
719,-656
718,-656
717,-656
716,-656
715,-657
714,-657
713,-657
712,-657
711,-657
710,-657
709,-658
708,-658
707,-659
706,-659
705,-659
704,-659
703,-659
702,-659
701,-660
700,-660
699,-660
698,-660
697,-661
696,-661
695,-662
694,-662
693,-662
692,-662
691,-662
690,-663
689,-663
688,-664
687,-664
686,-664
685,-665
684,-665
683,-665
682,-665
681,-666
680,-666
679,-666
678,-667
677,-667
676,-667
675,-668
674,-668
673,-668
672,-669
671,-669
670,-670
669,-670
668,-670
667,-671
666,-671
665,-672
664,-672
663,-672
662,-672
661,-673
660,-673
659,-674
658,-674
657,-675
656,-675
655,-676
654,-676
653,-676
652,-677
651,-677
650,-678
649,-678
649,-679
648,-680
647,-680
646,-680
645,-680
644,-681
643,-682
642,-682
641,-683
640,-683
639,-684
638,-684
637,-684
636,-685
635,-685
634,-685
634,-686
633,-687
632,-687
631,-687
630,-688
629,-688
628,-689
627,-689
626,-690
625,-690
624,-691
623,-691
622,-692
621,-692
620,-693
619,-694
618,-694
617,-695
616,-695
615,-696
614,-697
613,-697
612,-698
611,-699
610,-699
609,-700
608,-700
607,-701
606,-702
605,-702
604,-703
603,-703
602,-704
601,-705
600,-705
599,-706
598,-707
597,-708
596,-708
595,-709
594,-709
593,-710
592,-711
591,-711
590,-712
589,-713
588,-714
587,-715
586,-715
585,-716
584,-717
583,-717
582,-718
581,-719
580,-720
579,-720
578,-721
577,-722
576,-723
575,-724
574,-724
573,-725
572,-726
571,-727
570,-727
569,-728
568,-729
567,-730
566,-731
565,-732
564,-733
563,-734
562,-735
561,-736
560,-737
559,-737
559,-738
558,-739
557,-739
556,-740
555,-741
554,-742
553,-743
552,-744
551,-744
550,-745
549,-746
548,-747
547,-748
546,-749
545,-750
544,-751
543,-752
542,-752
542,-753
541,-754
540,-755
539,-756
538,-756
538,-757
537,-758
536,-759
535,-760
534,-761
533,-762
532,-763
531,-764
531,-765
530,-766
529,-767
528,-767
527,-768
526,-769
525,-770
525,-771
524,-772
523,-773
522,-774
521,-774
521,-775
521,-776
520,-777
519,-778
518,-779
517,-780
517,-781
516,-782
515,-783
514,-784
513,-785
512,-786
512,-787
511,-788
510,-788
510,-789
509,-790
509,-791
509,-792
508,-793
507,-793
507,-794
506,-795
505,-796
504,-797
504,-798
503,-799
503,-800
502,-801
501,-802
501,-803
500,-804
499,-805
498,-806
498,-807
497,-808
497,-809
496,-810
495,-811
494,-812
494,-813
493,-814
492,-815
492,-816
491,-817
490,-818
489,-819
489,-820
489,-821
488,-822
487,-823
486,-824
486,-825
485,-826
485,-827
484,-828
483,-829
482,-830
482,-831
481,-832
480,-833
480,-834
479,-835
478,-836
478,-837
477,-838
477,-839
476,-840
476,-841
475,-842
474,-843
473,-844
473,-845
472,-846
471,-847
470,-848
470,-849
469,-850
469,-851
469,-852
468,-853
467,-854
466,-855
466,-856
465,-857
464,-858
464,-859
463,-860
462,-861
461,-862
461,-863
460,-864
460,-865
459,-866
459,-867
458,-868
457,-869
456,-870
456,-871
455,-872
455,-873
454,-874
454,-875
453,-876
453,-877
452,-878
452,-879
451,-880
450,-881
450,-882
449,-883
449,-884
448,-885
448,-886
447,-887
447,-888
446,-889
446,-890
445,-891
445,-892
444,-893
444,-894
443,-895
443,-896
442,-897
442,-898
442,-899
441,-900
441,-901
440,-902
440,-903
440,-904
439,-905
438,-906
438,-907
438,-908
438,-909
438,-910
437,-911
437,-912
437,-913
436,-914
436,-915
436,-916
436,-917
436,-918
435,-919
435,-920
434,-921
433,-921
433,-922
433,-923
433,-924
433,-925
433,-926
433,-927
433,-928
434,-929
435,-930
435,-931
435,-932
435,-933
435,-934
435,-935
434,-936
433,-936
432,-936
