391,-854
391,-855
391,-856
391,-857
391,-858
392,-858
393,-859
394,-859
395,-859
396,-860
397,-860
398,-861
398,-862
398,-863
399,-864
400,-864
401,-864
402,-864
403,-864
404,-864
405,-864
406,-864
407,-864
408,-865
409,-865
410,-865
411,-865
412,-865
413,-864
414,-864
415,-864
416,-864
417,-864
418,-864
419,-864
420,-864
421,-864
422,-864
423,-864
424,-864
425,-864
426,-864
427,-864
428,-864
429,-864
430,-864
431,-864
432,-864
433,-864
434,-864
435,-864
436,-864
437,-864
438,-864
439,-864
440,-864
441,-864
442,-864
443,-864
444,-864
445,-864
446,-864
447,-864
448,-864
449,-864
450,-864
451,-864
452,-865
453,-865
454,-865
455,-865
456,-865
457,-866
458,-866
459,-866
460,-866
461,-867
462,-867
463,-867
464,-867
465,-867
466,-867
467,-867
468,-867
469,-868
470,-868
471,-868
472,-868
473,-868
474,-868
475,-868
476,-868
477,-868
478,-868
479,-869
480,-869
481,-869
482,-869
483,-870
484,-870
485,-870
486,-870
487,-870
488,-871
489,-871
490,-871
491,-871
492,-871
493,-871
494,-871
495,-871
496,-872
497,-872
498,-872
499,-872
500,-872
501,-872
502,-872
503,-872
504,-872
505,-872
506,-872
507,-872
508,-873
509,-873
510,-873
511,-874
512,-874
513,-875
514,-875
515,-875
516,-875
517,-875
518,-875
519,-875
520,-875
521,-875
522,-875
523,-875
524,-875
525,-875
526,-875
527,-875
528,-875
529,-875
530,-875
531,-875
532,-875
533,-875
534,-875
535,-875
536,-875
537,-875
538,-875
539,-875
540,-875
541,-875
542,-875
543,-876
544,-876
545,-876
546,-876
547,-876
548,-876
549,-876
550,-876
551,-876
552,-876
553,-876
554,-876
555,-877
556,-877
557,-877
558,-877
559,-877
560,-877
561,-878
562,-878
563,-878
564,-878
565,-878
566,-878
567,-878
568,-878
569,-878
570,-879
571,-879
572,-879
573,-879
574,-879
575,-879
576,-879
577,-879
578,-879
579,-879
580,-879
581,-880
582,-880
583,-880
584,-880
585,-880
586,-880
587,-880
588,-881
589,-881
590,-881
591,-881
592,-881
593,-881
594,-881
595,-881
596,-881
597,-881
598,-881
599,-881
600,-881
601,-881
602,-881
603,-881
604,-881
605,-881
606,-881
607,-882
608,-882
609,-882
610,-882
611,-882
612,-882
613,-882
614,-882
615,-882
616,-882
617,-882
618,-883
619,-883
620,-883
621,-883
622,-883
623,-883
624,-883
625,-883
625,-882
626,-881
627,-881
628,-881
629,-881
630,-881
631,-881
632,-881
633,-881
634,-880
635,-880
636,-879
637,-878
638,-878
639,-877
640,-877
641,-876
642,-875
643,-875
644,-874
645,-874
646,-874
647,-874
648,-874
649,-873
650,-873
651,-873
652,-873
653,-873
654,-873
655,-872
656,-872
657,-872
658,-872
659,-871
660,-871
661,-871
662,-871
663,-871
664,-871
665,-871
666,-871
667,-870
668,-870
669,-869
670,-869
671,-868
672,-868
673,-868
674,-868
675,-868
676,-868
677,-867
678,-867
679,-867
680,-867
680,-866
681,-865
682,-865
683,-865
684,-865
685,-865
686,-865
687,-864
688,-864
689,-863
690,-863
691,-863
692,-863
693,-863
694,-863
695,-863
696,-862
697,-862
698,-862
699,-861
700,-861
701,-861
701,-860
702,-859
703,-859
704,-859
705,-859
706,-859
707,-858
707,-857
708,-856
709,-856
710,-856
711,-855
712,-854
713,-854
714,-853
715,-853
716,-853
717,-853
718,-853
719,-852
720,-851
721,-851
722,-851
723,-851
724,-851
725,-851
726,-851
727,-850
727,-849
727,-848
728,-847
729,-847
730,-847
731,-847
732,-847
733,-846
734,-846
735,-846
736,-846
737,-846
738,-846
739,-845
740,-845
741,-845
742,-845
743,-844
744,-843
745,-843
746,-843
747,-842
748,-841
748,-840
749,-839
750,-838
751,-838
752,-838
753,-838
754,-837
755,-837
756,-837
757,-837
758,-837
758,-836
758,-835
759,-834
760,-834
760,-833
761,-832
762,-832
763,-832
764,-832
764,-831
765,-830
766,-830
766,-829
766,-828
767,-827
768,-827
769,-827
769,-826
770,-825
771,-824
772,-824
773,-824
774,-824
775,-823
776,-823
777,-822
778,-821
779,-820
780,-820
781,-820
782,-819
783,-819
784,-819
784,-818
785,-817
786,-816
787,-815
788,-815
789,-814
790,-813
791,-812
792,-812
793,-811
794,-811
795,-811
796,-811
796,-810
797,-809
797,-808
797,-807
798,-806
799,-806
800,-806
801,-805
802,-804
803,-803
804,-803
804,-802
805,-801
806,-801
806,-800
807,-799
808,-799
808,-798
809,-797
810,-797
810,-796
811,-795
812,-795
813,-794
814,-794
814,-793
815,-792
816,-791
816,-790
816,-789
817,-788
818,-787
819,-787
819,-786
820,-785
821,-784
822,-783
823,-782
823,-781
824,-780
824,-779
825,-778
826,-778
826,-777
827,-776
827,-775
828,-774
829,-774
829,-773
829,-772
830,-771
831,-770
832,-769
833,-768
834,-767
834,-766
835,-765
836,-764
837,-763
838,-762
839,-761
840,-760
841,-759
841,-758
842,-757
843,-757
844,-756
845,-755
846,-755
847,-754
847,-753
848,-752
849,-752
850,-751
851,-750
852,-750
853,-749
854,-748
855,-747
856,-746
857,-745
858,-745
859,-744
860,-744
861,-743
862,-742
863,-742
864,-742
865,-742
866,-741
867,-740
868,-740
869,-740
870,-740
871,-740
872,-739
873,-739
874,-739
875,-739
876,-739
877,-739
878,-739
879,-739
880,-739
881,-739
882,-739
883,-739
884,-739
885,-739
886,-739
887,-739
888,-739
889,-739
890,-739
891,-739
892,-739
893,-739
894,-739
895,-739
896,-739
897,-739
898,-738
899,-738
900,-738
901,-737
902,-737
903,-737
904,-737
905,-737
906,-737
907,-737
908,-736
909,-736
910,-736
911,-736
912,-735
913,-735
914,-734
915,-733
916,-733
917,-733
918,-732
919,-732
919,-731
920,-730
921,-729
922,-729
923,-728
924,-728
925,-728
926,-728
927,-728
928,-728
929,-728
930,-728
931,-728
932,-728
932,-727
932,-726
932,-725
933,-724
934,-724
935,-724
936,-724
937,-724
938,-724
939,-724
940,-723
941,-723
942,-723
943,-722
944,-722
945,-722
946,-722
947,-721
948,-721
949,-720
950,-720
951,-720
952,-720
953,-719
954,-719
955,-719
956,-719
957,-718
958,-717
959,-717
960,-717
961,-717
962,-717
963,-717
964,-717
965,-717
966,-717
966,-716
967,-715
968,-715
969,-714
970,-714
971,-713
972,-713
973,-713
974,-712
975,-712
976,-712
977,-712
978,-712
979,-712
980,-711
981,-710
982,-710
983,-709
984,-709
985,-709
986,-709
987,-708
988,-708
989,-707
990,-707
991,-707
992,-707
993,-707
994,-706
995,-706
996,-706
997,-706
998,-706
999,-705
1000,-704
1001,-704
1002,-704
1003,-704
1004,-704
1005,-704
1006,-703
1007,-702
1008,-702
1009,-702
1010,-702
1011,-702
1012,-702
1013,-702
1014,-702
1015,-701
1016,-701
1017,-700
1018,-700
1019,-700
1020,-700
1020,-699
1021,-698
1022,-698
1023,-698
1024,-698
1025,-698
1026,-698
1027,-698
1028,-698
1029,-697
1030,-697
1031,-697
1032,-697
1033,-697
1034,-697
1035,-697
1036,-697
1036,-696
1037,-695
1038,-694
1039,-694
1040,-694
1041,-694
1042,-694
1043,-694
1044,-694
1045,-694
1046,-694
1047,-694
1048,-694
1049,-694
1050,-694
1051,-694
1052,-694
1053,-694
1054,-694
1054,-693
1054,-692
1055,-691
1056,-691
1057,-691
1058,-691
1059,-691
1060,-691
1061,-691
1062,-691
1063,-691
1064,-690
1065,-690
1066,-690
1067,-690
1068,-690
1069,-690
1070,-690
1071,-690
1072,-690
1073,-690
1074,-690
1075,-690
1076,-690
1077,-689
1078,-689
1079,-689
1080,-689
1081,-689
1082,-689
1083,-689
1083,-688
1084,-687
1085,-687
1086,-687
1086,-686
1087,-685
1088,-685
1089,-685
1090,-685
1091,-685
1092,-685
1093,-685
1094,-685
1095,-685
1096,-685
1097,-685
1097,-684
1098,-683
1099,-683
1100,-683
1101,-683
1102,-683
1103,-682
1104,-682
1105,-682
1106,-682
1107,-681
1107,-680
1107,-679
1107,-678
1108,-677
1109,-677
1109,-676
1109,-675
1109,-674
1109,-673
1109,-672
1109,-671
1109,-670
1109,-669
1109,-668
1109,-667
1110,-666
1111,-666
1111,-665
1111,-664
1111,-663
1111,-662
1111,-661
1111,-660
1111,-659
1111,-658
1111,-657
1110,-656
1109,-655
1109,-654
1109,-653
1109,-652
1108,-651
1108,-650
1108,-649
1107,-649
1106,-649
1105,-649
1104,-649
1103,-649
1102,-649
1101,-649
1100,-649
1099,-648
1099,-647
1099,-646
1099,-645
1099,-644
1098,-644
1097,-643
1097,-642
1096,-642
1095,-642
1094,-642
1093,-642
1092,-643
1091,-643
1090,-643
1089,-644
1088,-644
1087,-644
1086,-644
1085,-645
1084,-645
1083,-646
1082,-646
1081,-646
1080,-646
1079,-645
1079,-644
1079,-643
1079,-642
1079,-641
1079,-640
1078,-639
1078,-638
1078,-637
1078,-636
1078,-635
1078,-634
1078,-633
1079,-632
1079,-631
1079,-630
1079,-629
1079,-628
1080,-627
1081,-627
1082,-627
1083,-627
1084,-627
1085,-627
1086,-627
1086,-626
1086,-625
1086,-624
1086,-623
1086,-622
1086,-621
1085,-621
1084,-621
1083,-620
1083,-619
1082,-619
1081,-619
1080,-619
1079,-619
1078,-620
1077,-620
1076,-620
1075,-620
1074,-620
1073,-620
1072,-620
1071,-621
1070,-621
1069,-621
1068,-621
1067,-621
1066,-621
1065,-622
1064,-622
1063,-622
1062,-622
1061,-622
1060,-623
1059,-623
1058,-624
1057,-625
1056,-625
1056,-626
1055,-627
1054,-627
1053,-627
1052,-627
1051,-627
1050,-627
1049,-627
1048,-627
1047,-627
1047,-628
1046,-629
1045,-629
1044,-629
1043,-629
1042,-630
1041,-631
1040,-631
1039,-631
1038,-632
1037,-633
1036,-633
1035,-633
1034,-634
1033,-634
1032,-634
1031,-635
1030,-635
1029,-635
1028,-635
1027,-635
1026,-635
1025,-635
1025,-636
1025,-637
1025,-638
1025,-639
1025,-640
1025,-641
1024,-642
1023,-643
1022,-643
1021,-644
1020,-644
1019,-644
1018,-643
1018,-642
1018,-641
1017,-641
1016,-641
1015,-641
1014,-641
1013,-641
1012,-641
1011,-641
1010,-641
1009,-641
1008,-641
1008,-642
1007,-643
1006,-643
1005,-643
1004,-643
1003,-643
1002,-643
1001,-643
1000,-644
999,-644
998,-645
997,-645
996,-645
995,-645
994,-645
993,-646
992,-646
991,-646
990,-647
989,-647
988,-647
987,-648
986,-648
985,-648
984,-649
983,-649
982,-649
981,-650
980,-650
979,-650
978,-650
977,-651
976,-651
975,-651
974,-652
973,-652
972,-653
971,-653
970,-653
969,-654
968,-654
967,-654
966,-654
965,-654
964,-655
963,-655
962,-656
961,-656
960,-656
959,-656
958,-657
957,-658
956,-658
955,-659
954,-659
953,-659
952,-660
951,-660
950,-660
949,-661
948,-661
947,-661
946,-661
945,-662
944,-662
943,-662
942,-663
941,-663
940,-663
939,-664
938,-664
937,-664
936,-665
935,-665
934,-666
933,-666
932,-666
931,-666
930,-667
929,-667
928,-667
927,-667
926,-668
925,-668
924,-668
923,-669
922,-669
921,-669
920,-669
919,-670
918,-670
917,-670
916,-670
915,-671
914,-671
913,-671
912,-672
911,-672
910,-672
909,-672
908,-673
907,-673
906,-673
905,-673
904,-673
903,-673
902,-674
901,-674
900,-674
899,-674
898,-674
897,-674
896,-675
895,-675
894,-675
893,-675
892,-676
891,-676
890,-676
889,-677
888,-677
887,-677
886,-677
885,-677
884,-677
883,-678
882,-678
881,-678
880,-678
879,-678
878,-679
877,-679
876,-679
875,-679
874,-679
873,-679
872,-679
871,-680
870,-680
869,-680
868,-680
867,-680
866,-680
865,-680
864,-680
863,-680
862,-680
861,-680
860,-680
859,-680
858,-680
857,-680
856,-680
855,-680
854,-680
853,-680
852,-680
851,-680
850,-680
849,-680
848,-680
847,-680
846,-680
845,-680
844,-679
843,-679
842,-679
841,-679
840,-679
839,-679
838,-679
837,-678
836,-678
835,-678
834,-678
833,-677
832,-677
831,-677
830,-676
829,-676
828,-675
827,-675
826,-675
825,-675
824,-674
823,-674
822,-673
821,-672
820,-672
819,-672
818,-671
817,-671
816,-670
815,-670
814,-670
813,-670
812,-669
811,-669
810,-668
809,-668
808,-667
807,-667
806,-667
805,-667
804,-666
803,-666
802,-666
801,-665
800,-664
799,-664
798,-664
797,-663
796,-662
795,-662
794,-662
793,-662
792,-662
791,-662
790,-661
789,-660
788,-660
787,-660
786,-660
785,-660
784,-659
783,-659
782,-659
781,-659
780,-659
779,-659
778,-659
777,-658
776,-658
775,-657
774,-657
773,-657
772,-657
771,-656
770,-656
769,-656
768,-655
767,-655
766,-655
765,-655
764,-655
763,-655
762,-655
761,-655
760,-655
759,-654
758,-654
757,-654
756,-654
755,-654
754,-653
753,-653
752,-653
751,-653
750,-653
749,-652
748,-652
747,-652
746,-652
745,-651
744,-651
743,-651
742,-651
741,-651
740,-651
739,-651
738,-651
737,-651
736,-651
735,-651
734,-651
733,-651
732,-651
731,-651
730,-651
729,-651
728,-651
727,-651
726,-651
725,-651
724,-651
723,-651
722,-650
721,-650
720,-650
719,-650
718,-650
717,-650
716,-650
715,-650
714,-650
713,-650
712,-650
711,-650
710,-650
709,-651
708,-651
707,-651
706,-651
705,-651
704,-651
703,-651
702,-650
701,-650
700,-650
699,-650
698,-650
697,-650
696,-650
695,-651
694,-651
693,-651
692,-651
691,-651
690,-651
689,-651
688,-651
687,-652
686,-652
685,-652
684,-652
683,-652
682,-652
681,-652
680,-652
679,-652
678,-652
677,-652
676,-652
675,-652
674,-652
673,-652
672,-653
671,-653
670,-653
669,-653
668,-653
667,-654
666,-654
665,-654
664,-654
663,-654
662,-654
661,-654
660,-655
659,-655
658,-655
657,-655
656,-655
655,-655
654,-656
653,-656
652,-656
651,-657
650,-657
649,-657
648,-658
647,-658
646,-658
645,-658
644,-658
643,-658
642,-658
641,-658
640,-658
639,-659
638,-659
637,-659
636,-659
635,-659
634,-660
633,-660
632,-660
631,-661
630,-661
629,-662
628,-663
627,-663
626,-663
625,-663
624,-663
623,-664
622,-664
621,-664
620,-664
619,-664
618,-664
617,-665
616,-665
615,-665
614,-666
613,-666
612,-666
611,-666
610,-667
609,-667
608,-667
607,-667
606,-668
605,-668
605,-669
604,-670
603,-670
602,-670
601,-670
600,-670
599,-671
598,-671
597,-671
596,-671
595,-672
594,-672
593,-672
592,-673
591,-673
590,-674
589,-674
588,-674
587,-675
586,-675
585,-675
584,-676
583,-676
582,-677
581,-677
580,-678
579,-678
578,-679
577,-679
576,-679
575,-680
574,-680
573,-680
572,-681
571,-681
570,-682
569,-682
568,-683
567,-683
566,-683
565,-684
564,-684
563,-685
562,-686
561,-686
560,-686
559,-687
558,-687
557,-688
556,-688
555,-689
554,-689
553,-690
552,-690
551,-691
550,-691
549,-692
548,-692
547,-693
546,-693
545,-694
544,-694
543,-695
542,-695
541,-696
540,-696
539,-697
538,-698
537,-698
536,-699
535,-699
534,-700
533,-701
532,-701
531,-702
530,-702
529,-703
528,-704
527,-704
526,-705
525,-705
524,-706
523,-707
522,-707
521,-708
520,-709
519,-710
518,-710
517,-711
516,-711
515,-712
514,-713
513,-714
512,-714
511,-715
510,-716
509,-717
508,-718
507,-719
506,-719
505,-719
505,-720
504,-721
503,-721
502,-722
501,-723
500,-723
499,-724
498,-725
497,-726
496,-726
495,-727
494,-728
493,-728
492,-729
491,-730
490,-731
489,-732
488,-732
487,-733
486,-734
485,-735
484,-735
483,-736
482,-737
481,-738
480,-739
479,-740
478,-741
477,-742
476,-742
475,-743
474,-744
473,-745
472,-746
471,-746
471,-747
470,-748
469,-749
468,-749
467,-750
466,-751
465,-752
464,-753
463,-754
462,-755
461,-756
461,-757
460,-758
459,-758
458,-759
458,-760
457,-761
456,-762
455,-762
455,-763
454,-764
453,-765
452,-766
451,-767
450,-768
449,-769
449,-770
448,-771
447,-772
446,-773
445,-774
444,-775
443,-776
443,-777
442,-778
441,-779
440,-780
440,-781
439,-782
438,-783
437,-784
436,-785
435,-786
435,-787
434,-788
433,-789
432,-790
432,-791
431,-792
430,-793
429,-794
428,-795
427,-796
426,-797
426,-798
425,-799
424,-800
423,-801
423,-802
422,-803
421,-804
420,-805
420,-806
419,-807
418,-808
417,-809
416,-810
415,-811
415,-812
414,-813
413,-814
412,-815
411,-816
410,-817
410,-818
409,-819
408,-820
408,-821
407,-822
406,-823
405,-824
405,-825
405,-826
404,-827
403,-828
402,-829
401,-830
401,-831
401,-832
400,-833
399,-834
398,-835
398,-836
397,-837
396,-838
395,-838
394,-838
393,-838
393,-839
393,-840
393,-841
393,-842
394,-842
395,-843
395,-844
395,-845
395,-846
395,-847
395,-848
395,-849
395,-850
395,-851
394,-852
393,-852
393,-853
392,-854
391,-854
