460,-800
460,-801
460,-802
460,-803
460,-804
460,-805
460,-806
460,-807
460,-808
460,-809
461,-809
462,-810
463,-810
464,-810
465,-811
466,-811
467,-811
468,-811
469,-811
470,-811
471,-811
472,-811
473,-812
474,-812
475,-812
476,-813
477,-814
478,-814
479,-814
480,-814
481,-814
482,-814
483,-815
484,-815
485,-815
486,-815
487,-815
488,-815
489,-816
490,-816
491,-816
492,-816
493,-816
494,-816
495,-817
495,-818
496,-818
497,-818
498,-818
499,-818
500,-818
501,-818
502,-818
503,-819
504,-820
505,-820
506,-820
507,-820
508,-820
509,-821
510,-821
511,-821
512,-821
513,-821
514,-821
515,-821
516,-821
517,-821
518,-821
519,-821
520,-822
521,-822
522,-822
523,-822
524,-822
525,-822
526,-821
527,-821
528,-821
529,-821
530,-821
531,-821
532,-822
533,-823
533,-824
533,-825
533,-826
534,-826
535,-827
536,-827
537,-827
538,-828
539,-828
540,-828
541,-828
542,-828
543,-828
544,-828
545,-828
546,-829
547,-829
548,-829
549,-830
550,-831
551,-831
552,-831
553,-831
554,-831
555,-832
556,-832
557,-832
558,-832
559,-832
560,-833
561,-833
562,-833
563,-833
564,-834
565,-834
566,-834
567,-834
568,-834
569,-834
570,-834
571,-834
572,-834
573,-834
574,-835
574,-836
574,-837
575,-838
576,-838
577,-838
578,-838
579,-839
580,-839
581,-839
582,-839
583,-840
584,-840
585,-840
586,-841
587,-841
588,-841
589,-841
590,-841
591,-842
591,-843
592,-843
593,-843
594,-843
595,-843
596,-843
597,-844
598,-844
599,-844
600,-845
600,-846
601,-846
602,-847
603,-847
604,-847
605,-847
606,-848
607,-848
608,-848
609,-848
610,-849
611,-849
612,-850
613,-850
614,-850
615,-851
616,-851
617,-851
618,-852
619,-852
620,-852
621,-852
622,-853
623,-853
624,-853
625,-853
626,-853
627,-854
628,-854
629,-854
630,-854
631,-855
632,-856
633,-856
634,-856
635,-857
636,-857
637,-857
638,-857
639,-857
640,-858
641,-859
642,-859
643,-859
644,-859
645,-859
646,-859
647,-859
648,-860
649,-860
650,-860
651,-861
652,-862
653,-862
654,-862
655,-862
656,-862
657,-862
658,-862
659,-862
660,-862
661,-862
662,-862
663,-862
664,-862
665,-863
666,-863
667,-863
668,-863
669,-863
670,-863
671,-863
672,-863
673,-863
674,-863
675,-864
676,-864
677,-864
678,-864
679,-864
680,-864
681,-864
682,-864
683,-864
684,-865
685,-865
686,-866
687,-866
688,-866
689,-866
690,-866
691,-865
692,-865
693,-865
694,-865
695,-866
696,-866
697,-866
698,-866
699,-866
700,-866
701,-866
702,-867
703,-867
704,-867
705,-867
706,-867
707,-867
708,-867
708,-866
709,-865
710,-865
711,-865
712,-865
713,-864
714,-864
715,-864
716,-864
717,-864
718,-864
719,-864
720,-864
721,-864
722,-864
723,-864
724,-864
725,-864
726,-864
727,-863
728,-863
729,-863
730,-863
731,-863
732,-863
733,-863
734,-863
735,-863
736,-863
737,-862
738,-862
739,-862
740,-861
741,-861
742,-861
743,-861
744,-861
745,-861
746,-861
747,-861
747,-860
747,-859
748,-858
749,-858
750,-858
751,-858
752,-858
753,-858
754,-858
755,-857
756,-857
757,-857
758,-857
759,-857
760,-857
761,-857
762,-856
763,-855
764,-855
765,-855
766,-855
767,-855
768,-855
769,-854
770,-854
771,-853
772,-853
773,-853
774,-853
775,-852
776,-852
777,-851
778,-851
779,-851
780,-850
781,-850
782,-849
783,-849
784,-849
785,-849
786,-849
786,-848
787,-847
788,-847
789,-847
790,-847
791,-847
792,-846
793,-846
794,-845
795,-845
796,-844
797,-844
798,-844
799,-843
800,-843
801,-843
802,-843
803,-842
804,-842
805,-842
806,-842
807,-841
808,-841
809,-841
810,-840
811,-839
812,-839
813,-838
814,-837
815,-837
816,-836
817,-836
818,-836
819,-836
820,-835
821,-835
822,-834
822,-833
823,-832
824,-832
825,-832
826,-831
827,-830
828,-830
829,-829
830,-829
831,-828
831,-827
831,-826
832,-825
833,-825
834,-825
835,-825
836,-824
837,-823
838,-823
839,-823
839,-822
839,-821
840,-820
841,-820
841,-819
842,-818
843,-818
844,-818
845,-818
845,-817
845,-816
846,-815
847,-814
848,-814
849,-813
850,-813
851,-813
851,-812
851,-811
852,-810
853,-809
854,-809
855,-808
856,-807
857,-807
858,-806
859,-806
860,-805
861,-805
861,-804
862,-803
863,-802
864,-802
864,-801
865,-800
866,-799
866,-798
866,-797
866,-796
866,-795
867,-794
868,-794
869,-794
870,-794
871,-794
872,-794
872,-793
873,-792
874,-792
874,-791
875,-790
876,-790
877,-789
878,-788
879,-787
880,-787
880,-786
880,-785
880,-784
880,-783
880,-782
881,-781
882,-781
883,-780
884,-780
884,-779
884,-778
885,-777
885,-776
885,-775
885,-774
885,-773
885,-772
885,-771
886,-770
887,-770
888,-770
889,-770
890,-770
891,-770
892,-770
893,-770
894,-769
894,-768
895,-767
896,-767
896,-766
897,-765
898,-765
899,-765
900,-764
901,-764
901,-763
901,-762
902,-761
902,-760
903,-759
904,-759
904,-758
905,-757
905,-756
906,-755
906,-754
907,-753
908,-752
908,-751
908,-750
908,-749
909,-748
910,-748
911,-748
911,-747
911,-746
912,-745
913,-744
914,-743
915,-742
916,-741
917,-740
918,-739
918,-738
919,-737
920,-737
920,-736
921,-735
922,-735
923,-734
924,-733
925,-732
926,-731
927,-730
928,-730
929,-729
930,-728
931,-727
932,-727
933,-727
934,-727
935,-727
936,-727
937,-728
938,-728
939,-728
940,-728
941,-728
942,-728
943,-728
944,-729
945,-729
946,-729
947,-729
948,-729
949,-729
950,-728
951,-728
952,-728
953,-728
954,-728
955,-728
956,-728
957,-728
958,-728
959,-728
960,-728
961,-728
962,-727
963,-727
964,-726
965,-726
966,-726
967,-725
968,-725
969,-724
970,-723
971,-723
972,-723
973,-723
974,-723
975,-723
976,-722
977,-722
978,-722
979,-721
980,-720
981,-720
982,-720
983,-720
983,-719
983,-718
984,-717
985,-717
986,-717
987,-717
987,-716
988,-715
989,-715
990,-715
991,-715
992,-715
993,-715
994,-715
995,-715
996,-715
997,-715
998,-714
999,-713
1000,-713
1001,-713
1002,-713
1003,-712
1004,-712
1005,-712
1006,-712
1007,-712
1008,-712
1009,-712
1010,-711
1011,-711
1012,-710
1013,-710
1014,-710
1015,-710
1016,-710
1017,-711
1018,-711
1019,-711
1020,-711
1021,-711
1021,-710
1021,-709
1021,-708
1021,-707
1021,-706
1022,-705
1023,-705
1024,-705
1025,-705
1026,-705
1027,-705
1028,-705
1029,-705
1030,-705
1030,-704
1031,-703
1031,-702
1031,-701
1032,-700
1033,-700
1034,-700
1035,-700
1036,-700
1036,-699
1037,-698
1038,-698
1038,-697
1038,-696
1038,-695
1038,-694
1038,-693
1038,-692
1037,-692
1036,-691
1036,-690
1036,-689
1036,-688
1036,-687
1037,-686
1038,-686
1038,-685
1038,-684
1038,-683
1038,-682
1038,-681
1038,-680
1038,-679
1038,-678
1038,-677
1038,-676
1038,-675
1039,-674
1040,-674
1041,-673
1042,-672
1042,-671
1042,-670
1042,-669
1042,-668
1042,-667
1042,-666
1042,-665
1041,-664
1041,-663
1041,-662
1040,-661
1040,-660
1040,-659
1039,-658
1039,-657
1039,-656
1038,-655
1038,-654
1037,-653
1036,-652
1036,-651
1036,-650
1036,-649
1035,-648
1034,-648
1033,-648
1032,-648
1031,-648
1030,-649
1029,-649
1028,-649
1027,-649
1026,-649
1025,-650
1024,-650
1023,-650
1022,-650
1021,-650
1020,-650
1019,-651
1018,-651
1017,-651
1016,-651
1015,-651
1014,-652
1013,-652
1012,-652
1011,-652
1010,-652
1009,-652
1008,-652
1007,-652
1006,-653
1005,-653
1004,-653
1003,-653
1002,-653
1001,-653
1000,-653
999,-654
998,-654
997,-654
996,-654
995,-654
994,-655
993,-655
992,-655
991,-655
990,-655
989,-656
988,-656
987,-656
986,-656
985,-657
984,-657
983,-657
982,-657
981,-658
980,-658
979,-658
978,-658
977,-658
976,-658
975,-658
974,-659
973,-659
972,-659
971,-659
970,-659
969,-659
968,-660
967,-660
966,-660
965,-660
964,-660
963,-661
962,-661
961,-661
960,-661
959,-661
958,-662
957,-662
956,-662
955,-662
954,-662
953,-662
952,-662
951,-663
950,-663
949,-663
948,-663
947,-663
946,-663
945,-664
944,-664
943,-664
942,-664
941,-664
940,-664
939,-664
938,-664
937,-664
936,-664
935,-664
934,-665
933,-665
932,-665
931,-665
930,-665
929,-665
928,-666
927,-666
926,-666
925,-666
924,-666
923,-666
922,-666
921,-666
920,-666
919,-666
918,-666
917,-666
916,-666
915,-666
914,-666
913,-665
912,-665
911,-665
910,-665
909,-665
908,-664
907,-664
906,-664
905,-664
904,-664
903,-664
902,-664
901,-664
900,-664
899,-663
898,-663
897,-663
896,-663
895,-663
894,-662
893,-662
892,-661
891,-661
890,-660
889,-660
888,-660
887,-660
886,-659
885,-659
884,-658
883,-658
882,-658
881,-657
880,-656
879,-656
878,-656
877,-655
876,-655
875,-655
874,-654
873,-654
872,-653
871,-653
870,-653
869,-652
868,-652
867,-651
866,-651
865,-650
864,-650
863,-649
862,-649
861,-649
860,-648
859,-647
858,-647
857,-647
856,-647
855,-646
854,-646
853,-645
852,-645
851,-645
850,-644
849,-644
848,-644
847,-644
846,-643
845,-643
844,-643
843,-643
842,-642
841,-642
840,-642
839,-642
838,-642
837,-641
836,-641
835,-641
834,-640
833,-640
832,-640
831,-640
830,-639
829,-639
828,-639
827,-639
826,-639
825,-639
824,-639
823,-639
822,-638
821,-638
820,-638
819,-638
818,-638
817,-637
816,-637
815,-637
814,-637
813,-636
812,-636
811,-636
810,-635
809,-635
808,-635
807,-635
806,-635
805,-635
804,-635
803,-635
802,-635
801,-634
800,-634
799,-634
798,-634
797,-634
796,-634
795,-634
794,-634
793,-634
792,-634
791,-634
790,-634
789,-634
788,-634
787,-634
786,-634
785,-634
784,-634
783,-634
782,-634
781,-634
780,-634
779,-634
778,-634
777,-634
776,-634
775,-634
774,-634
773,-634
772,-634
771,-634
770,-634
769,-634
768,-634
767,-634
766,-634
765,-634
764,-634
763,-635
762,-635
761,-635
760,-635
759,-635
758,-635
757,-635
756,-635
755,-635
754,-635
753,-636
752,-636
751,-636
750,-636
749,-636
748,-636
747,-636
746,-637
745,-637
744,-637
743,-637
742,-637
741,-638
740,-638
739,-638
738,-638
737,-638
736,-638
735,-638
734,-638
733,-638
732,-639
731,-639
730,-639
729,-639
728,-639
727,-639
726,-639
725,-639
724,-640
723,-640
722,-640
721,-640
720,-641
719,-641
718,-641
717,-642
716,-642
715,-642
714,-642
713,-643
712,-643
711,-643
710,-643
709,-644
708,-644
707,-644
706,-644
705,-645
704,-645
703,-645
702,-646
701,-646
700,-646
699,-647
698,-647
697,-647
696,-647
695,-647
694,-648
693,-648
692,-649
691,-649
690,-649
689,-650
688,-650
687,-651
686,-651
685,-651
684,-651
683,-651
682,-652
681,-652
680,-652
679,-653
678,-653
677,-654
676,-654
675,-654
674,-654
673,-655
672,-655
671,-655
670,-655
669,-656
668,-656
667,-657
666,-657
665,-658
664,-658
663,-658
662,-659
661,-659
660,-659
659,-659
658,-660
657,-661
656,-661
655,-661
654,-662
653,-662
652,-663
651,-663
650,-663
649,-664
648,-664
647,-665
646,-665
645,-665
644,-666
643,-667
642,-667
641,-667
640,-668
639,-669
638,-669
637,-669
636,-670
635,-670
634,-670
633,-671
632,-672
631,-672
630,-673
629,-673
628,-674
627,-674
626,-674
625,-675
624,-675
623,-675
623,-676
622,-677
621,-677
620,-678
619,-678
618,-679
617,-679
616,-679
615,-680
614,-680
614,-681
613,-682
612,-682
611,-682
610,-683
609,-683
608,-684
607,-684
606,-685
605,-686
604,-687
603,-687
602,-688
601,-688
600,-688
599,-689
598,-689
597,-690
596,-690
596,-691
595,-692
594,-692
594,-693
593,-694
592,-694
591,-694
590,-694
589,-695
588,-695
587,-696
586,-697
585,-698
584,-698
583,-699
582,-700
581,-700
580,-701
579,-702
578,-702
577,-702
576,-703
575,-704
574,-704
573,-705
572,-706
571,-707
570,-708
569,-708
568,-709
567,-710
566,-710
565,-710
564,-711
563,-712
562,-713
561,-713
560,-714
559,-714
558,-715
557,-716
556,-716
556,-717
555,-718
554,-719
553,-719
552,-719
551,-720
550,-721
549,-722
548,-722
547,-723
546,-724
545,-724
544,-725
544,-726
543,-727
542,-727
541,-727
540,-728
539,-729
538,-730
537,-730
536,-731
535,-732
534,-733
533,-733
532,-734
531,-734
530,-735
529,-735
528,-736
527,-737
526,-738
525,-738
524,-739
523,-740
522,-740
521,-741
520,-741
519,-742
518,-743
517,-743
516,-744
515,-744
514,-745
513,-746
512,-747
511,-747
511,-748
510,-749
509,-749
508,-750
507,-750
506,-751
505,-752
504,-752
503,-753
502,-754
501,-755
500,-755
499,-756
498,-757
497,-757
496,-758
495,-759
494,-760
493,-761
492,-761
491,-762
490,-763
489,-763
488,-764
487,-765
486,-766
485,-767
484,-767
483,-768
482,-769
481,-770
480,-770
479,-771
478,-772
477,-773
476,-774
475,-774
474,-775
473,-776
472,-777
471,-778
470,-779
469,-780
469,-781
468,-782
467,-782
466,-783
466,-784
465,-785
464,-786
464,-787
463,-788
463,-789
462,-790
461,-790
461,-791
461,-792
461,-793
461,-794
462,-795
463,-796
463,-797
463,-798
463,-799
462,-800
461,-800
460,-800
