463,-825
463,-826
463,-827
463,-828
463,-829
463,-830
463,-831
464,-832
464,-833
464,-834
465,-834
466,-834
467,-835
467,-836
467,-837
467,-838
468,-838
469,-838
470,-839
471,-839
472,-840
473,-841
474,-841
475,-842
476,-843
477,-843
478,-843
479,-843
480,-844
481,-844
482,-844
483,-845
484,-845
485,-846
486,-846
487,-847
488,-847
489,-847
490,-847
491,-847
492,-847
493,-847
494,-848
495,-848
496,-848
497,-848
498,-848
499,-849
500,-849
501,-849
502,-849
503,-849
504,-849
505,-850
506,-850
507,-850
508,-850
509,-850
510,-850
511,-849
512,-849
513,-849
514,-849
515,-850
516,-850
517,-850
518,-850
519,-850
520,-851
521,-851
522,-851
523,-852
524,-852
525,-852
526,-852
527,-852
528,-852
529,-853
530,-853
531,-853
532,-853
533,-854
534,-854
535,-854
536,-854
537,-854
538,-855
539,-855
540,-855
541,-855
542,-855
543,-856
544,-856
545,-856
546,-856
547,-856
548,-857
549,-857
550,-857
551,-857
552,-857
553,-858
554,-858
555,-858
556,-858
557,-858
558,-859
559,-859
560,-859
561,-859
562,-859
563,-860
564,-860
565,-860
566,-860
567,-861
568,-861
569,-861
570,-862
571,-862
572,-862
573,-862
574,-862
575,-863
576,-863
577,-863
578,-863
579,-863
580,-864
581,-864
582,-864
583,-864
584,-865
585,-865
586,-865
587,-865
588,-865
589,-865
590,-865
591,-865
592,-865
593,-866
594,-866
595,-866
596,-866
597,-866
598,-866
599,-867
600,-867
601,-867
602,-867
603,-867
604,-867
605,-867
606,-867
607,-868
607,-869
608,-869
609,-869
610,-869
611,-869
612,-869
613,-869
614,-869
615,-869
616,-869
617,-869
618,-869
619,-870
620,-870
621,-870
622,-870
623,-870
624,-870
625,-870
626,-870
627,-870
628,-870
629,-871
630,-871
631,-871
632,-871
633,-871
634,-871
635,-871
636,-871
637,-871
638,-871
639,-871
640,-871
641,-871
642,-871
643,-872
644,-872
645,-872
646,-872
647,-872
648,-872
649,-872
650,-872
651,-872
652,-872
653,-872
654,-872
655,-872
656,-872
657,-872
658,-872
659,-872
660,-872
661,-872
662,-872
663,-872
664,-872
665,-873
666,-873
667,-873
668,-873
669,-873
670,-873
671,-872
672,-872
673,-872
674,-872
675,-872
676,-872
677,-872
678,-871
679,-871
680,-871
681,-871
682,-871
683,-871
684,-871
685,-871
686,-871
687,-871
688,-871
689,-871
690,-871
691,-871
692,-872
693,-872
694,-872
695,-872
696,-872
697,-871
698,-871
699,-871
700,-870
701,-870
702,-870
702,-869
702,-868
702,-867
702,-866
701,-865
700,-864
699,-863
699,-862
698,-862
697,-862
696,-861
696,-860
696,-859
697,-858
698,-858
699,-858
700,-859
700,-860
701,-860
702,-860
703,-861
704,-862
705,-862
706,-863
707,-864
708,-865
709,-866
710,-866
711,-867
712,-867
713,-868
713,-869
714,-869
715,-870
716,-870
717,-871
718,-872
719,-872
720,-872
721,-872
722,-872
723,-872
724,-872
725,-872
726,-871
727,-871
728,-871
729,-871
730,-870
731,-869
732,-869
733,-869
734,-868
734,-867
734,-866
734,-865
734,-864
735,-863
736,-862
737,-862
738,-862
739,-862
740,-862
741,-861
742,-861
743,-861
744,-861
745,-860
746,-860
747,-860
748,-859
749,-859
750,-859
751,-858
752,-858
753,-858
754,-858
755,-857
756,-857
757,-857
758,-857
759,-856
760,-856
761,-855
762,-855
763,-855
764,-854
765,-854
766,-854
767,-853
768,-853
768,-852
769,-851
770,-850
771,-850
772,-850
773,-850
774,-850
775,-850
776,-849
777,-848
778,-848
779,-848
780,-848
781,-848
781,-847
781,-846
782,-845
783,-845
784,-845
785,-844
786,-844
787,-844
788,-844
789,-844
789,-843
790,-842
791,-841
792,-841
793,-841
794,-841
794,-840
795,-839
796,-839
797,-839
798,-839
799,-839
799,-838
800,-837
801,-836
802,-835
803,-834
804,-833
805,-833
806,-833
807,-832
808,-832
808,-831
809,-830
810,-830
811,-830
812,-829
813,-829
813,-828
814,-827
815,-827
816,-827
817,-827
817,-826
817,-825
818,-824
819,-824
820,-823
821,-822
822,-822
823,-822
824,-821
825,-820
826,-820
827,-820
827,-819
827,-818
828,-817
829,-816
830,-816
831,-815
832,-815
832,-814
832,-813
833,-812
834,-812
834,-811
835,-810
836,-810
836,-809
837,-808
838,-807
839,-806
840,-805
840,-804
840,-803
841,-802
841,-801
841,-800
841,-799
842,-798
843,-798
844,-798
845,-798
846,-797
846,-796
846,-795
847,-794
848,-794
848,-793
849,-792
850,-791
851,-790
852,-789
853,-788
854,-787
855,-787
856,-786
857,-785
857,-784
858,-783
859,-783
860,-783
861,-783
861,-782
862,-781
863,-780
863,-779
864,-778
865,-778
866,-778
867,-778
867,-777
867,-776
868,-775
869,-774
870,-774
870,-773
870,-772
871,-771
872,-771
873,-770
874,-770
875,-769
876,-768
877,-767
878,-766
879,-765
879,-764
880,-763
881,-762
882,-762
882,-761
882,-760
882,-759
883,-758
884,-757
885,-757
885,-756
886,-755
887,-754
888,-754
888,-753
888,-752
888,-751
889,-750
890,-749
891,-748
892,-748
893,-747
894,-746
895,-745
896,-745
897,-745
898,-745
899,-744
900,-744
901,-744
902,-743
903,-743
904,-743
905,-743
906,-743
907,-743
908,-742
909,-742
910,-741
911,-741
912,-741
913,-741
914,-741
915,-741
916,-741
916,-740
917,-739
918,-739
919,-738
920,-738
921,-738
922,-738
923,-738
924,-737
925,-737
926,-737
927,-736
928,-736
929,-736
930,-736
931,-736
932,-736
933,-736
934,-736
935,-737
936,-737
937,-737
938,-737
939,-737
940,-737
941,-737
942,-737
943,-738
944,-738
945,-738
946,-738
947,-738
947,-737
948,-736
949,-736
950,-735
951,-735
952,-735
953,-735
954,-735
955,-735
956,-735
957,-735
958,-735
959,-735
960,-734
961,-734
961,-733
962,-732
963,-732
964,-732
965,-731
966,-731
967,-730
968,-730
969,-730
970,-730
971,-730
971,-729
972,-728
973,-728
974,-728
975,-728
976,-728
977,-728
978,-728
979,-728
980,-728
981,-728
982,-728
983,-728
984,-728
985,-728
986,-728
987,-728
988,-728
988,-727
989,-726
990,-726
991,-726
992,-726
993,-726
994,-726
994,-725
995,-724
996,-724
997,-724
998,-724
999,-724
1000,-724
1001,-725
1002,-725
1003,-725
1004,-725
1005,-725
1006,-725
1006,-724
1007,-723
1008,-723
1009,-723
1010,-722
1011,-722
1012,-722
1013,-721
1014,-721
1015,-721
1016,-721
1017,-721
1018,-721
1019,-720
1020,-719
1021,-719
1022,-719
1023,-719
1023,-718
1024,-717
1025,-717
1026,-716
1026,-715
1026,-714
1027,-713
1027,-712
1028,-711
1028,-710
1028,-709
1029,-708
1029,-707
1029,-706
1029,-705
1029,-704
1029,-703
1029,-702
1028,-701
1028,-700
1028,-699
1028,-698
1028,-697
1028,-696
1028,-695
1028,-694
1027,-693
1027,-692
1027,-691
1027,-690
1027,-689
1027,-688
1027,-687
1028,-686
1029,-686
1030,-685
1031,-685
1032,-685
1033,-684
1034,-684
1035,-684
1036,-684
1037,-683
1038,-683
1039,-683
1039,-682
1039,-681
1039,-680
1039,-679
1039,-678
1039,-677
1039,-676
1039,-675
1039,-674
1039,-673
1039,-672
1038,-671
1038,-670
1038,-669
1038,-668
1037,-667
1036,-666
1036,-665
1036,-664
1035,-664
1034,-663
1034,-662
1033,-661
1033,-660
1032,-659
1031,-658
1030,-658
1029,-657
1028,-657
1027,-657
1026,-657
1025,-657
1024,-657
1023,-657
1022,-657
1021,-657
1020,-657
1019,-657
1018,-657
1017,-657
1016,-657
1015,-657
1014,-657
1013,-657
1012,-657
1011,-657
1010,-657
1009,-658
1008,-658
1007,-658
1006,-658
1005,-658
1004,-659
1003,-659
1002,-659
1001,-659
1000,-659
999,-659
998,-659
997,-659
996,-660
995,-660
994,-660
993,-660
992,-660
991,-660
990,-661
989,-661
988,-661
987,-661
986,-661
985,-661
984,-662
983,-662
982,-662
981,-662
980,-662
979,-663
978,-663
977,-663
976,-663
975,-663
974,-664
973,-664
972,-664
971,-664
970,-664
969,-664
968,-664
967,-664
966,-664
965,-664
964,-664
963,-664
962,-664
961,-664
960,-664
959,-664
958,-664
957,-664
956,-664
955,-664
954,-664
953,-664
952,-664
951,-664
950,-664
949,-664
948,-664
947,-664
946,-664
945,-664
944,-664
943,-664
942,-664
941,-664
940,-664
939,-663
938,-663
937,-663
936,-663
935,-663
934,-662
933,-662
932,-662
931,-661
930,-661
929,-661
928,-660
927,-660
926,-660
925,-660
924,-660
923,-660
922,-660
921,-660
920,-660
919,-660
918,-660
917,-660
916,-659
915,-659
914,-659
913,-659
912,-659
911,-659
910,-659
909,-659
908,-659
907,-659
906,-658
905,-658
904,-658
903,-658
902,-658
901,-658
900,-658
899,-658
898,-658
897,-658
896,-658
895,-657
894,-657
893,-656
892,-656
891,-655
890,-655
889,-655
888,-654
887,-654
886,-654
885,-653
884,-653
883,-652
882,-652
881,-651
880,-651
879,-651
878,-650
877,-650
876,-650
875,-649
874,-649
873,-648
872,-648
871,-648
870,-647
869,-646
868,-645
867,-645
866,-644
865,-644
864,-644
863,-643
862,-643
861,-642
860,-642
859,-642
858,-642
857,-641
856,-641
855,-641
854,-641
853,-641
852,-640
851,-640
850,-640
849,-640
848,-639
848,-638
847,-638
846,-638
845,-638
844,-638
843,-638
842,-638
841,-638
840,-638
839,-637
838,-636
837,-635
836,-635
835,-635
834,-635
833,-635
832,-634
831,-634
830,-634
829,-634
828,-634
827,-634
826,-633
825,-633
824,-633
823,-633
822,-633
821,-633
820,-633
819,-633
818,-632
817,-632
816,-632
815,-632
814,-631
813,-631
812,-631
811,-631
810,-631
809,-631
808,-631
807,-631
806,-630
805,-630
804,-630
803,-630
802,-630
801,-630
800,-630
799,-630
798,-630
797,-630
796,-630
795,-630
794,-630
793,-630
792,-630
791,-630
790,-631
789,-631
788,-631
787,-630
787,-629
786,-629
785,-629
784,-629
783,-629
782,-629
781,-629
780,-629
779,-629
778,-629
777,-629
776,-629
775,-630
774,-630
773,-630
772,-630
771,-630
770,-630
769,-630
768,-630
767,-630
766,-630
765,-630
764,-630
763,-630
762,-630
761,-630
760,-630
759,-631
758,-631
757,-631
756,-631
755,-631
754,-631
753,-631
752,-631
751,-631
750,-631
749,-631
749,-632
749,-633
748,-634
747,-634
746,-634
745,-634
744,-634
743,-634
742,-634
741,-633
740,-633
739,-633
738,-633
737,-633
736,-633
735,-633
734,-634
733,-634
732,-634
731,-634
730,-634
729,-635
728,-635
727,-635
726,-635
725,-635
724,-635
723,-636
722,-636
721,-636
720,-636
719,-637
718,-637
717,-637
716,-637
715,-638
714,-638
713,-638
712,-638
711,-638
710,-638
709,-639
708,-639
707,-639
706,-639
705,-640
704,-640
703,-640
702,-641
702,-642
701,-643
700,-643
699,-643
698,-643
697,-643
696,-643
695,-643
694,-643
693,-643
692,-644
691,-644
690,-644
689,-645
688,-645
687,-645
686,-646
685,-647
684,-647
683,-647
682,-647
681,-647
680,-647
679,-648
678,-648
677,-648
677,-649
676,-650
675,-651
674,-651
673,-651
672,-651
671,-651
670,-651
669,-651
668,-652
667,-652
667,-653
666,-654
665,-655
664,-655
663,-655
662,-655
661,-655
660,-655
659,-655
658,-656
657,-656
656,-657
655,-657
654,-658
653,-658
652,-658
651,-659
650,-659
649,-660
648,-660
647,-661
646,-661
645,-662
644,-663
643,-663
642,-663
642,-664
642,-665
641,-666
640,-667
639,-667
638,-667
637,-667
636,-668
636,-669
635,-670
634,-670
633,-670
632,-670
631,-670
630,-670
629,-671
628,-671
627,-672
626,-672
625,-673
624,-674
623,-675
622,-676
621,-677
620,-677
619,-677
618,-677
617,-678
616,-678
615,-679
614,-680
613,-680
612,-681
611,-682
610,-682
609,-683
609,-684
609,-685
608,-686
607,-686
606,-686
605,-687
604,-687
603,-688
603,-689
602,-690
601,-691
600,-691
599,-691
598,-691
597,-691
596,-692
595,-692
594,-692
594,-693
593,-694
592,-695
591,-695
590,-696
589,-697
589,-698
589,-699
588,-700
587,-700
586,-700
585,-701
584,-701
583,-701
582,-702
581,-703
580,-704
579,-704
579,-705
578,-706
577,-706
577,-707
576,-708
575,-709
574,-709
573,-710
572,-711
571,-712
571,-713
570,-714
569,-714
568,-715
567,-716
566,-717
565,-718
564,-719
563,-720
562,-721
561,-721
561,-722
560,-723
559,-723
558,-724
557,-725
556,-726
555,-727
554,-728
553,-729
552,-730
551,-731
550,-732
549,-733
548,-734
547,-734
547,-735
546,-736
545,-736
545,-737
544,-738
543,-738
542,-739
541,-740
540,-741
539,-742
539,-743
538,-744
537,-745
536,-745
535,-746
534,-747
533,-748
532,-749
531,-750
530,-751
529,-752
528,-753
527,-754
526,-755
525,-756
524,-757
523,-758
522,-759
521,-760
520,-761
519,-762
518,-763
517,-764
516,-765
515,-766
514,-767
514,-768
513,-769
512,-770
511,-771
510,-772
509,-773
508,-774
508,-775
507,-776
506,-777
505,-778
504,-779
503,-780
502,-781
501,-782
500,-783
499,-784
499,-785
498,-786
497,-786
497,-787
496,-788
495,-789
494,-790
493,-791
492,-792
491,-793
490,-794
489,-795
488,-796
487,-797
486,-798
485,-799
484,-800
483,-801
482,-802
481,-803
480,-804
479,-805
478,-806
477,-807
476,-808
475,-809
474,-810
473,-811
472,-812
471,-813
471,-814
470,-815
469,-816
468,-817
467,-818
466,-819
466,-820
465,-821
464,-821
464,-822
464,-823
464,-824
463,-825
