445,-972
445,-973
445,-974
445,-975
445,-976
445,-977
445,-978
445,-979
445,-980
445,-981
445,-982
445,-983
446,-984
446,-985
446,-986
446,-987
446,-988
446,-989
446,-990
446,-991
446,-992
447,-993
447,-994
447,-995
447,-996
448,-997
449,-998
450,-998
451,-998
452,-998
453,-998
454,-997
455,-997
456,-997
457,-997
458,-997
459,-997
460,-997
461,-997
462,-997
463,-996
464,-996
465,-995
466,-995
467,-994
468,-994
469,-993
470,-993
471,-993
472,-992
473,-992
474,-991
475,-991
475,-990
476,-989
477,-989
478,-989
479,-989
480,-988
481,-988
482,-988
483,-987
484,-986
485,-985
486,-985
487,-985
488,-985
489,-985
490,-984
491,-984
492,-983
493,-983
494,-982
495,-982
496,-982
497,-982
498,-981
499,-981
500,-981
501,-980
502,-980
503,-980
504,-980
505,-980
506,-979
507,-979
508,-979
509,-978
510,-978
511,-978
512,-978
513,-977
514,-976
515,-976
516,-976
517,-976
518,-975
519,-975
520,-975
521,-974
522,-974
523,-974
524,-973
525,-973
526,-973
527,-973
528,-973
529,-972
530,-972
531,-972
532,-972
533,-971
534,-971
535,-971
536,-971
537,-970
538,-970
539,-970
540,-970
541,-969
542,-969
543,-969
544,-969
544,-968
545,-967
546,-967
547,-967
548,-967
549,-967
550,-966
551,-966
552,-966
553,-966
554,-965
555,-965
556,-965
557,-964
558,-964
559,-964
559,-963
559,-962
559,-961
559,-960
560,-959
561,-958
562,-958
563,-958
564,-957
565,-957
566,-957
567,-956
568,-956
569,-956
570,-955
571,-955
572,-955
573,-955
574,-954
575,-954
576,-954
577,-954
578,-954
579,-954
580,-954
581,-953
582,-952
583,-951
584,-951
585,-951
586,-951
587,-951
588,-951
589,-951
590,-951
591,-950
592,-950
593,-950
594,-950
595,-950
596,-951
597,-951
598,-951
599,-951
600,-951
601,-951
602,-950
603,-950
604,-950
605,-950
605,-949
605,-948
605,-947
605,-946
606,-945
607,-945
608,-945
609,-945
609,-944
610,-943
611,-943
612,-943
613,-943
614,-942
615,-942
616,-942
617,-942
618,-942
619,-942
620,-942
621,-942
622,-942
623,-942
624,-942
624,-941
625,-940
626,-939
627,-938
628,-938
629,-937
630,-937
631,-937
632,-936
633,-936
634,-935
635,-935
636,-935
637,-934
638,-933
639,-933
640,-933
641,-932
642,-932
643,-931
644,-931
645,-931
645,-930
646,-929
647,-929
648,-929
649,-928
650,-928
651,-928
652,-928
653,-928
654,-928
654,-927
654,-926
655,-925
656,-925
657,-925
657,-924
658,-923
659,-923
660,-923
661,-922
662,-922
663,-922
664,-922
664,-921
665,-920
666,-920
667,-920
668,-920
668,-919
669,-918
670,-917
671,-917
672,-917
673,-917
674,-916
675,-916
676,-916
677,-916
678,-916
679,-915
679,-914
679,-913
680,-912
681,-912
682,-911
683,-911
684,-911
685,-911
686,-911
686,-910
686,-909
687,-908
688,-907
689,-907
690,-907
691,-907
692,-907
693,-906
694,-905
695,-904
696,-904
697,-904
698,-904
698,-903
698,-902
698,-901
699,-900
700,-899
701,-899
702,-899
702,-898
703,-897
704,-897
705,-897
706,-897
706,-896
707,-895
708,-894
709,-893
710,-893
711,-893
712,-893
713,-892
713,-891
714,-890
715,-889
716,-889
717,-888
718,-887
719,-886
720,-885
721,-885
722,-884
723,-883
724,-883
724,-882
725,-881
726,-881
727,-881
728,-880
729,-879
730,-878
731,-878
732,-877
733,-876
733,-875
734,-874
735,-874
736,-873
737,-872
738,-871
739,-871
740,-871
741,-870
741,-869
742,-868
743,-868
743,-867
744,-866
745,-866
745,-865
746,-864
747,-863
748,-863
749,-862
750,-861
751,-860
752,-860
753,-859
753,-858
754,-857
755,-857
756,-856
757,-855
758,-855
759,-854
759,-853
760,-852
761,-852
761,-851
762,-850
763,-849
764,-848
765,-848
766,-847
767,-846
767,-845
768,-844
769,-844
769,-843
770,-842
771,-842
772,-841
773,-840
773,-839
774,-838
775,-838
776,-837
777,-836
777,-835
778,-834
779,-833
780,-833
781,-832
782,-831
782,-830
782,-829
783,-828
784,-828
784,-827
785,-826
786,-826
787,-826
787,-825
787,-824
788,-823
788,-822
789,-821
790,-821
791,-821
791,-820
792,-819
793,-819
793,-818
794,-817
795,-817
796,-816
796,-815
797,-814
797,-813
798,-812
798,-811
798,-810
798,-809
798,-808
797,-807
797,-806
797,-805
798,-804
798,-803
798,-802
799,-801
799,-800
800,-799
801,-798
801,-797
801,-796
802,-795
803,-795
804,-795
804,-794
804,-793
804,-792
805,-791
806,-791
807,-791
808,-791
809,-791
809,-790
810,-789
811,-788
811,-787
812,-786
813,-785
814,-785
815,-785
816,-785
817,-785
818,-785
819,-785
819,-784
819,-783
820,-782
821,-782
821,-781
821,-780
822,-779
823,-779
824,-778
824,-777
825,-776
825,-775
825,-774
825,-773
825,-772
826,-771
827,-771
827,-770
828,-769
829,-769
830,-769
830,-768
830,-767
831,-766
831,-765
832,-764
832,-763
832,-762
832,-761
832,-760
832,-759
831,-758
831,-757
831,-756
831,-755
831,-754
831,-753
832,-752
833,-751
834,-751
835,-751
836,-751
837,-751
838,-750
839,-749
839,-748
839,-747
840,-746
841,-745
841,-744
841,-743
841,-742
842,-741
842,-740
843,-739
843,-738
844,-737
844,-736
844,-735
844,-734
845,-733
845,-732
845,-731
846,-730
846,-729
847,-728
847,-727
847,-726
848,-725
848,-724
848,-723
849,-722
849,-721
850,-720
850,-719
850,-718
850,-717
850,-716
851,-715
851,-714
852,-713
852,-712
852,-711
852,-710
852,-709
853,-708
854,-707
855,-706
855,-705
855,-704
856,-703
857,-702
857,-701
857,-700
858,-699
859,-699
859,-698
860,-697
861,-697
862,-697
863,-697
863,-696
864,-695
865,-694
865,-693
865,-692
865,-691
866,-690
867,-690
868,-690
869,-690
870,-689
871,-689
872,-688
872,-687
873,-686
874,-686
875,-686
876,-685
877,-684
878,-684
878,-683
878,-682
878,-681
879,-680
880,-680
880,-679
881,-678
881,-677
882,-676
883,-676
884,-676
885,-676
886,-676
886,-675
887,-674
888,-673
889,-673
890,-673
890,-672
891,-671
892,-671
893,-670
894,-669
894,-668
895,-667
896,-667
897,-666
898,-666
899,-666
900,-666
901,-666
901,-665
901,-664
902,-663
903,-663
904,-663
905,-663
906,-663
907,-662
907,-661
908,-660
909,-659
910,-659
911,-659
912,-659
913,-659
914,-658
914,-657
915,-656
916,-655
916,-654
917,-653
918,-653
918,-652
918,-651
919,-650
920,-650
921,-650
922,-649
923,-649
924,-649
924,-648
924,-647
924,-646
924,-645
925,-644
926,-644
927,-644
928,-643
929,-643
930,-643
930,-642
931,-641
931,-640
932,-639
933,-639
934,-639
935,-639
936,-638
937,-638
938,-638
939,-638
940,-637
940,-636
940,-635
941,-634
941,-633
941,-632
941,-631
942,-630
943,-630
943,-629
943,-628
944,-627
945,-627
946,-627
946,-626
946,-625
947,-624
948,-624
949,-624
950,-624
951,-623
952,-623
953,-623
954,-623
955,-623
956,-623
957,-623
958,-623
959,-623
960,-622
960,-621
961,-620
962,-620
963,-619
964,-619
965,-618
965,-617
965,-616
965,-615
966,-614
967,-614
968,-614
969,-614
969,-613
969,-612
969,-611
970,-610
971,-610
972,-610
973,-610
973,-609
973,-608
974,-607
975,-607
976,-607
977,-607
978,-607
978,-606
978,-605
979,-604
980,-604
981,-604
982,-603
983,-603
984,-603
984,-602
984,-601
985,-600
986,-600
987,-600
988,-600
989,-600
990,-599
991,-599
992,-599
993,-599
994,-599
995,-599
996,-599
997,-598
998,-598
999,-598
999,-597
999,-596
999,-595
999,-594
999,-593
1000,-592
1001,-592
1002,-592
1003,-591
1004,-591
1005,-591
1006,-591
1007,-590
1008,-589
1009,-589
1010,-588
1011,-588
1012,-588
1013,-588
1013,-587
1014,-586
1015,-586
1015,-585
1016,-584
1017,-584
1018,-583
1019,-583
1020,-583
1021,-582
1021,-581
1021,-580
1022,-579
1023,-579
1024,-579
1025,-579
1026,-579
1027,-579
1028,-579
1029,-579
1030,-578
1030,-577
1031,-576
1032,-575
1033,-575
1034,-574
1035,-574
1036,-574
1037,-574
1038,-574
1038,-573
1038,-572
1038,-571
1039,-570
1040,-570
1041,-570
1042,-570
1043,-570
1044,-570
1045,-570
1046,-569
1046,-568
1046,-567
1046,-566
1046,-565
1046,-564
1047,-563
1047,-562
1047,-561
1048,-560
1049,-560
1050,-560
1051,-560
1052,-560
1052,-559
1052,-558
1052,-557
1053,-556
1053,-555
1053,-554
1054,-553
1055,-553
1056,-553
1056,-552
1056,-551
1056,-550
1056,-549
1056,-548
1057,-547
1057,-546
1057,-545
1057,-544
1057,-543
1057,-542
1056,-542
1055,-542
1054,-542
1053,-542
1052,-541
1052,-540
1051,-539
1051,-538
1051,-537
1051,-536
1050,-536
1049,-536
1048,-536
1047,-536
1046,-537
1045,-538
1044,-539
1043,-539
1042,-539
1041,-539
1040,-538
1040,-537
1040,-536
1040,-535
1040,-534
1040,-533
1039,-533
1038,-532
1037,-532
1036,-532
1035,-532
1034,-532
1033,-533
1032,-533
1031,-533
1030,-532
1029,-532
1028,-531
1028,-530
1028,-529
1027,-529
1026,-529
1025,-528
1025,-527
1025,-526
1026,-525
1026,-524
1026,-523
1026,-522
1027,-521
1028,-521
1029,-521
1030,-521
1031,-521
1032,-521
1033,-521
1033,-520
1033,-519
1034,-518
1035,-518
1036,-518
1037,-518
1038,-518
1039,-518
1040,-518
1041,-519
1041,-520
1042,-520
1043,-520
1044,-521
1045,-521
1046,-521
1047,-521
1048,-521
1049,-520
1050,-520
1051,-520
1052,-520
1052,-519
1052,-518
1052,-517
1052,-516
1052,-515
1051,-514
1050,-513
1049,-513
1048,-512
1047,-511
1046,-511
1045,-511
1044,-511
1043,-511
1042,-510
1042,-509
1042,-508
1041,-508
1040,-508
1039,-508
1038,-508
1037,-507
1036,-507
1035,-506
1034,-505
1033,-505
1032,-505
1031,-505
1030,-504
1029,-504
1028,-504
1027,-504
1026,-504
1025,-505
1024,-505
1023,-505
1022,-506
1021,-506
1020,-507
1019,-507
1018,-507
1017,-508
1016,-508
1015,-509
1015,-510
1014,-511
1013,-512
1012,-512
1011,-513
1010,-514
1009,-515
1008,-515
1007,-515
1006,-516
1005,-516
1004,-516
1003,-516
1003,-517
1003,-518
1002,-519
1001,-519
1000,-520
999,-520
998,-521
997,-521
996,-522
996,-523
995,-524
994,-524
993,-524
992,-524
991,-525
991,-526
990,-527
989,-527
989,-528
988,-529
987,-529
986,-529
985,-529
984,-530
984,-531
983,-532
982,-532
981,-533
980,-533
979,-533
978,-533
977,-533
976,-534
976,-535
975,-536
974,-537
973,-537
972,-538
972,-539
971,-540
970,-540
969,-540
968,-541
967,-542
966,-542
965,-543
964,-543
963,-543
962,-543
961,-544
960,-544
959,-545
958,-546
957,-546
956,-547
955,-547
955,-548
954,-549
953,-549
952,-550
951,-551
950,-552
949,-552
948,-553
947,-553
947,-554
946,-555
945,-555
944,-555
943,-556
942,-556
941,-557
940,-557
939,-558
938,-558
938,-559
937,-560
936,-560
935,-561
934,-562
933,-563
932,-563
931,-564
930,-564
929,-565
928,-566
927,-567
926,-568
925,-568
924,-569
923,-570
922,-570
921,-571
920,-571
919,-572
918,-573
917,-574
916,-574
915,-575
914,-575
913,-576
912,-577
911,-578
910,-578
909,-579
908,-580
907,-581
906,-581
905,-582
904,-583
903,-583
902,-584
902,-585
901,-586
900,-586
899,-587
898,-587
897,-588
896,-588
895,-589
894,-590
893,-590
892,-591
891,-592
890,-592
889,-593
888,-594
887,-595
886,-595
885,-596
884,-597
883,-598
882,-598
881,-599
880,-599
879,-600
878,-601
877,-602
876,-603
875,-603
874,-604
873,-605
872,-606
871,-606
870,-607
869,-607
868,-608
867,-609
866,-610
865,-611
864,-611
863,-612
862,-612
861,-613
860,-614
859,-614
858,-615
857,-616
856,-616
855,-617
854,-617
854,-618
853,-619
852,-619
851,-619
850,-620
849,-621
848,-621
847,-622
846,-623
845,-623
844,-624
843,-625
842,-625
841,-626
840,-626
839,-627
838,-627
837,-628
836,-628
835,-629
834,-629
833,-630
832,-630
831,-631
830,-631
829,-631
828,-632
827,-632
826,-632
825,-633
824,-633
823,-634
822,-634
821,-634
820,-635
819,-635
818,-635
817,-636
816,-636
815,-636
814,-636
813,-637
812,-637
811,-637
810,-637
809,-638
808,-638
807,-638
806,-638
805,-638
804,-638
803,-638
802,-638
801,-639
800,-639
799,-639
798,-639
797,-639
796,-639
795,-640
794,-640
793,-640
792,-640
791,-641
790,-641
789,-641
788,-641
787,-641
786,-641
785,-642
784,-642
783,-642
782,-642
781,-642
780,-642
779,-643
778,-643
777,-643
776,-643
775,-643
774,-644
773,-644
772,-644
771,-644
770,-645
769,-645
768,-645
767,-646
766,-646
765,-646
764,-647
763,-647
762,-647
761,-648
760,-648
759,-648
758,-648
757,-648
756,-649
755,-649
754,-649
753,-650
752,-650
751,-651
750,-651
749,-651
748,-651
747,-652
746,-652
745,-652
744,-652
743,-653
742,-653
741,-653
740,-654
739,-654
738,-654
737,-655
736,-655
735,-655
734,-656
733,-656
732,-656
731,-657
730,-657
729,-657
728,-658
727,-658
726,-658
725,-659
724,-659
723,-659
722,-660
721,-660
720,-660
719,-661
718,-661
717,-661
716,-662
715,-662
714,-662
713,-663
712,-663
711,-663
710,-663
709,-664
708,-664
707,-664
706,-664
705,-665
704,-665
703,-666
702,-666
701,-667
700,-667
699,-667
698,-667
697,-668
696,-668
695,-668
694,-669
693,-669
692,-670
691,-670
690,-671
689,-671
688,-671
687,-672
686,-672
685,-673
684,-673
683,-674
682,-674
681,-675
680,-675
679,-675
678,-676
677,-676
676,-676
675,-677
674,-677
673,-678
672,-679
671,-679
670,-680
669,-680
668,-681
667,-681
666,-682
665,-682
664,-683
663,-684
662,-684
661,-684
660,-685
659,-686
658,-686
657,-686
656,-687
655,-688
654,-689
653,-689
652,-690
651,-691
650,-691
649,-691
648,-692
647,-693
646,-694
645,-694
644,-695
643,-695
642,-696
641,-697
640,-697
640,-698
639,-699
638,-700
637,-700
636,-700
635,-700
635,-701
634,-702
633,-703
632,-703
631,-703
630,-704
629,-705
628,-706
627,-707
626,-707
625,-708
624,-709
623,-709
622,-710
621,-711
620,-711
619,-712
618,-713
617,-713
616,-714
615,-715
614,-716
613,-717
612,-717
611,-718
610,-719
609,-720
608,-721
607,-721
606,-722
605,-723
604,-723
603,-724
602,-725
601,-726
600,-727
599,-728
598,-729
597,-730
596,-731
595,-732
594,-733
593,-734
592,-735
591,-736
590,-736
590,-737
589,-738
588,-739
587,-740
586,-741
585,-742
584,-743
583,-744
582,-745
581,-746
580,-747
579,-748
578,-749
577,-750
576,-751
575,-752
574,-753
573,-754
572,-755
571,-756
570,-757
570,-758
569,-759
568,-760
567,-761
567,-762
566,-763
565,-763
564,-764
563,-765
563,-766
562,-767
561,-768
560,-769
559,-770
558,-771
557,-772
556,-773
555,-774
554,-775
553,-776
553,-777
552,-778
551,-778
551,-779
550,-780
549,-781
548,-782
547,-783
546,-784
545,-785
544,-786
544,-787
543,-788
542,-789
542,-790
541,-791
540,-791
539,-792
538,-793
538,-794
537,-795
536,-795
536,-796
535,-797
534,-798
533,-799
532,-800
531,-801
531,-802
530,-803
530,-804
529,-805
528,-806
527,-807
527,-808
526,-809
525,-810
524,-811
523,-812
523,-813
522,-814
522,-815
521,-816
520,-817
520,-818
519,-819
518,-820
518,-821
517,-822
516,-823
515,-824
515,-825
514,-826
513,-827
513,-828
512,-829
512,-830
511,-831
510,-832
510,-833
509,-834
509,-835
508,-836
507,-837
507,-838
506,-839
506,-840
506,-841
505,-842
504,-843
503,-844
503,-845
503,-846
502,-847
501,-848
501,-849
500,-850
500,-851
499,-852
498,-853
498,-854
497,-855
497,-856
497,-857
496,-858
495,-859
495,-860
495,-861
494,-862
494,-863
494,-864
493,-865
492,-865
492,-866
492,-867
491,-868
491,-869
490,-870
490,-871
490,-872
489,-873
488,-874
488,-875
487,-876
487,-877
486,-878
486,-879
485,-880
484,-881
484,-882
483,-883
483,-884
482,-885
482,-886
481,-887
480,-888
480,-889
480,-890
479,-891
478,-892
478,-893
477,-894
477,-895
476,-896
476,-897
476,-898
475,-899
474,-900
474,-901
473,-902
472,-903
472,-904
471,-905
471,-906
470,-907
470,-908
469,-909
468,-910
468,-911
468,-912
467,-913
467,-914
466,-915
466,-916
465,-917
464,-917
464,-918
464,-919
464,-920
464,-921
463,-922
462,-923
462,-924
462,-925
462,-926
461,-927
460,-928
459,-928
459,-929
459,-930
458,-931
458,-932
457,-933
457,-934
456,-935
456,-936
455,-937
454,-938
454,-939
454,-940
453,-941
453,-942
453,-943
452,-944
452,-945
451,-946
451,-947
450,-948
450,-949
450,-950
450,-951
449,-952
449,-953
448,-954
448,-955
448,-956
448,-957
448,-958
447,-959
447,-960
447,-961
447,-962
447,-963
447,-964
446,-965
446,-966
446,-967
446,-968
446,-969
446,-970
446,-971
445,-972
