356,-800
356,-801
356,-802
356,-803
356,-804
356,-805
356,-806
357,-806
358,-807
359,-807
360,-808
360,-809
360,-810
360,-811
359,-812
359,-813
359,-814
359,-815
359,-816
359,-817
359,-818
360,-818
361,-818
362,-818
363,-818
364,-818
365,-818
366,-819
367,-819
368,-819
369,-819
370,-819
371,-819
372,-820
373,-821
374,-821
375,-821
376,-821
377,-821
378,-821
379,-821
380,-822
381,-822
382,-822
383,-822
384,-823
385,-823
386,-823
387,-823
388,-823
389,-823
390,-824
391,-824
392,-824
393,-824
394,-824
395,-824
396,-825
397,-825
398,-826
399,-826
400,-826
401,-826
402,-826
403,-826
404,-826
405,-826
406,-826
407,-826
408,-826
409,-826
410,-826
411,-827
412,-827
413,-828
414,-828
415,-829
416,-829
417,-830
418,-830
419,-830
420,-830
421,-830
422,-831
423,-831
424,-831
425,-831
426,-831
427,-831
428,-831
429,-831
430,-831
431,-831
432,-831
433,-830
434,-830
435,-829
436,-829
437,-829
438,-829
439,-830
439,-831
439,-832
439,-833
439,-834
439,-835
439,-836
439,-837
440,-837
441,-837
442,-837
443,-837
444,-837
445,-837
446,-838
447,-838
448,-838
449,-838
450,-839
451,-839
452,-840
453,-840
454,-840
455,-841
456,-841
457,-841
458,-841
459,-841
460,-842
461,-842
462,-843
463,-843
464,-843
465,-843
466,-844
467,-844
468,-844
469,-844
470,-844
471,-845
471,-846
472,-847
473,-847
474,-847
475,-847
476,-847
477,-847
478,-847
479,-848
479,-849
480,-849
481,-849
482,-849
483,-849
484,-850
485,-850
486,-850
487,-850
488,-851
489,-852
490,-852
491,-852
492,-852
493,-852
494,-853
495,-854
496,-854
497,-854
498,-854
499,-854
500,-855
501,-856
502,-856
503,-856
504,-857
505,-857
506,-857
507,-857
508,-857
509,-857
510,-857
511,-858
512,-858
513,-859
514,-859
515,-860
516,-860
517,-860
518,-860
519,-860
520,-861
521,-861
522,-861
523,-861
524,-861
525,-861
526,-862
527,-862
528,-862
529,-862
530,-863
530,-864
531,-864
532,-864
533,-864
534,-864
534,-863
535,-862
536,-862
537,-862
538,-862
539,-862
540,-862
541,-862
542,-863
542,-864
542,-865
542,-866
543,-867
544,-867
545,-867
546,-867
547,-868
548,-868
549,-868
550,-868
551,-868
552,-868
553,-868
554,-868
555,-868
556,-868
557,-869
557,-870
558,-870
559,-870
560,-871
561,-871
562,-871
563,-872
564,-872
565,-872
566,-872
567,-872
568,-872
569,-872
570,-872
571,-872
572,-873
573,-874
574,-874
575,-874
576,-874
577,-874
578,-874
579,-874
580,-874
581,-875
582,-875
583,-876
584,-876
585,-876
586,-876
587,-877
588,-877
589,-877
590,-877
591,-877
592,-877
593,-877
594,-877
595,-877
596,-877
597,-877
598,-878
599,-878
600,-878
601,-878
602,-878
603,-878
604,-878
605,-878
606,-878
607,-878
608,-878
609,-878
610,-878
611,-878
612,-878
613,-878
614,-878
615,-878
616,-878
617,-878
618,-878
619,-878
620,-878
621,-878
622,-878
623,-878
624,-878
625,-878
626,-878
627,-878
628,-878
629,-878
630,-878
631,-878
632,-878
633,-878
634,-878
635,-878
636,-878
637,-878
638,-878
639,-878
640,-878
641,-878
642,-878
643,-878
644,-878
645,-878
646,-877
647,-877
648,-876
649,-876
650,-876
651,-876
652,-876
653,-876
654,-876
655,-876
656,-876
657,-876
658,-876
659,-875
660,-875
661,-874
662,-873
663,-873
664,-873
665,-873
666,-873
667,-873
668,-873
669,-872
670,-872
671,-872
672,-872
673,-872
674,-872
675,-872
676,-871
677,-871
678,-871
679,-871
680,-871
681,-870
682,-869
683,-869
684,-868
685,-868
686,-868
687,-868
688,-868
689,-868
690,-868
691,-867
692,-867
693,-867
694,-866
695,-866
696,-865
697,-865
698,-865
699,-865
700,-864
701,-863
702,-863
703,-863
704,-863
705,-863
706,-864
707,-864
708,-864
709,-864
710,-864
711,-863
712,-862
712,-861
713,-860
714,-860
715,-859
716,-858
717,-858
718,-858
719,-858
720,-858
720,-857
721,-856
722,-856
723,-856
724,-856
725,-856
726,-856
727,-856
727,-855
727,-854
727,-853
728,-852
729,-852
730,-852
731,-852
732,-852
733,-852
734,-852
735,-852
736,-852
737,-851
738,-850
738,-849
739,-848
740,-848
741,-848
742,-848
743,-848
743,-847
743,-846
743,-845
744,-844
745,-843
746,-843
747,-843
748,-843
749,-842
750,-842
751,-842
752,-841
753,-841
754,-841
755,-840
756,-839
757,-839
758,-838
759,-837
760,-837
761,-836
762,-836
763,-836
764,-835
765,-835
766,-834
767,-834
768,-833
769,-832
770,-831
771,-831
772,-830
773,-830
773,-829
773,-828
774,-827
775,-827
776,-827
777,-827
777,-826
778,-825
779,-825
780,-825
781,-825
781,-824
781,-823
782,-822
783,-822
784,-821
785,-820
786,-820
787,-820
788,-819
789,-819
790,-818
791,-818
792,-817
793,-816
794,-815
795,-815
796,-815
797,-814
798,-813
799,-813
800,-812
800,-811
801,-810
802,-810
802,-809
803,-808
804,-808
805,-808
806,-807
806,-806
807,-805
808,-804
808,-803
809,-802
810,-802
811,-801
812,-800
813,-799
814,-799
815,-799
815,-798
816,-797
817,-797
818,-797
818,-796
819,-795
820,-795
821,-795
821,-794
821,-793
822,-792
823,-792
823,-791
824,-790
825,-789
826,-788
827,-788
827,-787
828,-786
829,-786
830,-785
831,-785
831,-784
832,-783
833,-783
833,-782
833,-781
834,-780
835,-779
836,-779
836,-778
837,-777
837,-776
838,-775
839,-774
840,-773
841,-772
842,-772
842,-771
843,-770
844,-769
845,-768
845,-767
846,-766
847,-765
848,-764
849,-763
850,-763
851,-763
852,-763
853,-763
854,-763
855,-763
856,-763
857,-763
858,-762
859,-762
860,-762
861,-762
862,-761
863,-761
864,-760
865,-760
866,-760
867,-760
868,-760
869,-760
870,-759
871,-759
872,-759
873,-759
874,-758
875,-758
876,-757
877,-757
878,-757
879,-757
880,-757
881,-757
882,-758
883,-758
884,-759
885,-759
886,-759
887,-759
888,-759
889,-759
890,-759
891,-759
892,-760
893,-761
894,-761
895,-761
896,-761
897,-761
898,-761
899,-761
900,-761
901,-761
902,-762
903,-762
904,-762
905,-762
906,-762
907,-762
908,-763
909,-763
910,-763
911,-763
912,-764
913,-764
914,-764
915,-764
916,-764
917,-765
918,-765
919,-765
920,-766
921,-766
922,-766
923,-766
924,-766
925,-766
926,-766
927,-766
928,-766
929,-766
930,-766
931,-766
932,-766
933,-766
934,-766
935,-766
936,-766
937,-766
938,-767
939,-767
940,-767
941,-767
942,-767
943,-767
944,-767
945,-767
946,-767
947,-767
948,-767
949,-767
950,-768
951,-768
952,-768
953,-768
954,-768
955,-768
956,-768
957,-768
958,-768
959,-768
960,-768
961,-768
962,-768
963,-769
964,-769
965,-769
966,-769
967,-769
968,-769
969,-769
970,-769
971,-770
972,-770
973,-770
974,-770
975,-770
976,-770
977,-770
978,-770
979,-770
980,-770
981,-770
982,-770
983,-770
984,-770
985,-770
986,-770
987,-770
988,-771
989,-771
990,-771
991,-771
992,-771
993,-770
994,-770
995,-770
996,-770
997,-770
998,-770
999,-770
1000,-770
1001,-770
1002,-770
1003,-770
1004,-770
1005,-770
1006,-770
1007,-770
1008,-770
1009,-770
1010,-770
1011,-770
1012,-770
1013,-770
1014,-769
1015,-769
1016,-769
1017,-769
1018,-769
1019,-768
1020,-768
1021,-768
1022,-768
1023,-768
1024,-768
1025,-768
1026,-768
1027,-768
1028,-768
1029,-768
1030,-768
1031,-769
1032,-769
1033,-769
1034,-769
1035,-770
1036,-770
1037,-770
1038,-770
1039,-770
1040,-770
1041,-770
1042,-771
1043,-772
1044,-772
1045,-772
1046,-773
1047,-774
1048,-774
1049,-774
1050,-774
1051,-775
1051,-776
1052,-776
1053,-777
1053,-778
1054,-778
1055,-778
1056,-778
1057,-779
1058,-779
1059,-779
1060,-780
1061,-781
1062,-781
1063,-781
1064,-782
1064,-783
1064,-784
1065,-784
1066,-784
1067,-785
1068,-785
1069,-785
1070,-786
1070,-787
1071,-787
1072,-788
1073,-788
1074,-789
1075,-789
1076,-789
1077,-789
1078,-790
1079,-791
1080,-791
1081,-791
1082,-792
1083,-792
1084,-792
1085,-792
1086,-792
1087,-792
1088,-792
1089,-793
1089,-794
1090,-795
1091,-795
1092,-795
1093,-796
1094,-796
1095,-796
1096,-796
1097,-796
1098,-796
1099,-797
1100,-798
1101,-798
1102,-798
1103,-798
1104,-798
1105,-798
1106,-798
1107,-798
1108,-798
1109,-797
1110,-797
1111,-797
1112,-797
1113,-797
1114,-797
1115,-797
1116,-797
1117,-797
1118,-797
1119,-797
1120,-797
1121,-797
1122,-797
1123,-797
1124,-797
1125,-797
1126,-797
1127,-796
1128,-796
1129,-796
1130,-796
1130,-795
1131,-794
1132,-794
1133,-793
1134,-792
1134,-791
1135,-790
1136,-789
1137,-789
1138,-788
1139,-787
1139,-786
1139,-785
1139,-784
1140,-783
1141,-782
1141,-781
1141,-780
1141,-779
1142,-778
1142,-777
1143,-776
1144,-775
1145,-775
1146,-775
1146,-774
1146,-773
1146,-772
1146,-771
1146,-770
1146,-769
1145,-769
1144,-769
1143,-769
1142,-769
1141,-769
1140,-769
1140,-770
1139,-771
1138,-772
1137,-773
1136,-773
1135,-774
1134,-774
1133,-774
1132,-773
1132,-772
1132,-771
1131,-771
1130,-770
1129,-770
1128,-770
1127,-769
1127,-768
1127,-767
1127,-766
1127,-765
1128,-764
1129,-764
1130,-764
1130,-763
1131,-762
1132,-761
1132,-760
1132,-759
1132,-758
1132,-757
1131,-757
1130,-756
1129,-755
1128,-754
1127,-754
1126,-753
1125,-752
1124,-752
1123,-752
1122,-752
1121,-752
1120,-752
1119,-752
1118,-751
1118,-750
1117,-749
1117,-748
1117,-747
1117,-746
1117,-745
1117,-744
1117,-743
1117,-742
1117,-741
1117,-740
1116,-740
1115,-740
1114,-739
1113,-739
1112,-739
1111,-738
1111,-737
1110,-737
1109,-736
1108,-736
1107,-736
1106,-736
1105,-736
1104,-736
1103,-736
1102,-736
1101,-735
1100,-735
1099,-735
1098,-735
1097,-735
1096,-735
1095,-734
1094,-734
1093,-734
1092,-734
1091,-734
1090,-734
1089,-734
1088,-734
1087,-734
1086,-734
1085,-734
1084,-733
1084,-732
1083,-732
1082,-731
1081,-731
1080,-731
1079,-731
1078,-731
1077,-731
1076,-731
1075,-731
1074,-731
1073,-730
1072,-730
1071,-729
1070,-729
1069,-729
1068,-729
1067,-729
1066,-728
1065,-728
1064,-728
1063,-728
1062,-728
1061,-727
1060,-727
1059,-727
1058,-727
1057,-727
1056,-727
1055,-727
1054,-727
1053,-727
1052,-726
1051,-726
1050,-726
1049,-726
1048,-726
1047,-726
1046,-726
1045,-725
1044,-725
1043,-725
1042,-725
1041,-725
1040,-725
1039,-725
1038,-725
1037,-724
1036,-724
1035,-724
1034,-724
1033,-724
1032,-724
1031,-724
1030,-723
1029,-723
1028,-723
1027,-723
1026,-723
1025,-722
1024,-722
1023,-722
1022,-722
1021,-722
1020,-722
1019,-721
1018,-721
1017,-721
1016,-721
1015,-721
1014,-721
1013,-720
1012,-720
1011,-720
1010,-720
1009,-720
1008,-719
1007,-719
1006,-719
1005,-719
1004,-719
1003,-719
1002,-719
1001,-719
1000,-718
999,-718
998,-718
997,-718
996,-718
995,-718
994,-718
993,-718
992,-717
991,-717
990,-717
989,-717
988,-717
987,-717
986,-717
985,-717
984,-716
983,-716
982,-716
981,-716
980,-716
979,-716
978,-716
977,-715
976,-715
975,-715
974,-715
973,-715
972,-715
971,-715
970,-715
969,-715
968,-715
967,-715
966,-714
965,-714
964,-714
963,-713
962,-713
961,-713
960,-713
959,-713
958,-712
957,-712
956,-712
955,-712
954,-712
953,-712
952,-712
951,-711
950,-711
949,-711
948,-711
947,-711
946,-711
945,-710
944,-710
943,-710
942,-710
941,-710
940,-710
939,-709
938,-709
937,-709
936,-709
935,-709
934,-708
933,-708
932,-708
931,-708
930,-708
929,-708
928,-708
927,-708
926,-707
925,-707
924,-707
923,-707
922,-707
921,-707
920,-706
919,-706
918,-706
917,-706
916,-706
915,-705
914,-705
913,-705
912,-705
911,-705
910,-705
909,-705
908,-705
907,-704
906,-704
905,-704
904,-703
903,-703
902,-703
901,-703
900,-703
899,-702
898,-702
897,-702
896,-702
895,-702
894,-702
893,-701
892,-701
891,-701
890,-700
889,-700
888,-700
887,-700
886,-700
885,-700
884,-699
883,-699
882,-699
881,-698
880,-698
879,-698
878,-698
877,-697
876,-697
875,-697
874,-696
873,-696
872,-696
871,-695
870,-695
869,-695
868,-694
867,-694
866,-693
865,-693
864,-693
863,-692
862,-692
861,-691
860,-691
859,-690
858,-690
857,-689
856,-689
855,-688
854,-688
853,-688
852,-688
851,-687
850,-686
849,-686
848,-686
847,-685
847,-684
846,-684
845,-683
844,-682
843,-681
842,-681
841,-680
840,-680
839,-679
838,-679
837,-678
836,-677
835,-677
834,-676
833,-675
832,-674
831,-673
830,-673
829,-672
828,-672
827,-671
826,-671
825,-670
824,-669
823,-669
822,-668
821,-667
820,-667
819,-666
818,-665
817,-664
816,-664
815,-663
814,-663
813,-662
812,-662
811,-661
811,-660
810,-660
809,-660
808,-659
807,-658
806,-657
805,-657
804,-657
803,-656
802,-656
801,-656
800,-655
799,-655
798,-654
797,-653
796,-653
795,-652
794,-652
793,-652
792,-652
791,-651
790,-651
789,-651
788,-650
787,-650
786,-649
785,-649
784,-648
783,-648
782,-648
781,-648
780,-647
779,-646
778,-646
777,-645
776,-645
775,-644
774,-644
773,-644
772,-644
771,-643
770,-643
769,-643
768,-642
768,-641
767,-641
766,-640
765,-640
764,-640
763,-639
762,-639
761,-639
760,-638
759,-638
758,-637
757,-637
756,-636
755,-636
754,-636
753,-636
752,-635
751,-635
750,-634
749,-634
748,-634
747,-633
746,-632
745,-632
744,-632
743,-632
742,-632
741,-631
740,-631
739,-631
738,-631
737,-630
736,-630
735,-630
734,-629
733,-629
732,-629
731,-629
730,-629
729,-628
728,-628
727,-628
726,-628
725,-628
724,-628
723,-627
722,-627
721,-627
720,-627
719,-627
718,-627
717,-627
716,-627
715,-626
714,-626
713,-625
712,-625
711,-625
710,-625
709,-625
708,-625
707,-625
706,-625
705,-625
704,-625
703,-625
702,-625
701,-625
700,-624
699,-624
698,-624
697,-624
696,-624
695,-624
694,-624
693,-624
692,-624
691,-624
690,-624
689,-624
688,-624
687,-624
686,-624
685,-624
684,-624
683,-624
682,-624
681,-624
680,-624
679,-624
678,-624
677,-624
676,-624
675,-624
674,-624
673,-624
672,-624
671,-624
670,-624
669,-624
668,-624
667,-625
666,-625
665,-625
664,-625
663,-625
662,-625
661,-625
660,-625
659,-625
658,-626
657,-626
656,-626
655,-626
654,-627
653,-627
652,-627
651,-627
650,-627
649,-627
648,-627
647,-627
646,-627
645,-627
644,-628
643,-628
642,-628
641,-628
640,-628
639,-628
638,-628
637,-628
636,-628
635,-628
634,-628
633,-628
632,-628
631,-628
630,-628
629,-629
628,-629
627,-629
626,-629
625,-630
624,-630
623,-630
622,-630
621,-630
620,-630
619,-630
618,-631
617,-631
616,-631
615,-631
614,-631
613,-632
612,-632
611,-632
610,-632
609,-632
608,-632
607,-632
606,-633
605,-633
604,-633
603,-633
602,-633
601,-633
600,-634
599,-634
598,-635
597,-635
596,-635
595,-636
594,-636
593,-636
592,-636
591,-636
590,-636
589,-637
588,-637
587,-638
586,-638
585,-639
584,-639
583,-639
582,-640
581,-640
580,-640
579,-640
578,-640
577,-641
576,-641
575,-642
574,-642
573,-642
572,-642
571,-643
570,-643
569,-643
568,-644
567,-644
566,-645
565,-646
564,-646
563,-646
562,-647
561,-647
560,-648
559,-648
558,-648
557,-648
556,-648
555,-649
554,-649
553,-650
552,-650
551,-650
550,-650
549,-651
548,-651
547,-652
546,-652
545,-652
544,-653
543,-653
542,-654
541,-655
540,-655
539,-655
538,-656
537,-656
536,-656
535,-657
534,-657
533,-658
532,-659
531,-659
530,-660
529,-660
528,-660
527,-661
526,-661
525,-662
524,-662
523,-663
522,-663
521,-664
520,-664
519,-664
518,-665
517,-665
516,-666
515,-667
514,-667
513,-668
512,-668
511,-669
510,-669
509,-670
508,-671
507,-671
506,-671
505,-672
504,-673
503,-673
502,-674
501,-675
500,-675
499,-676
498,-677
497,-678
496,-678
495,-679
494,-679
493,-680
492,-681
491,-682
490,-682
489,-683
488,-683
487,-684
486,-684
485,-685
484,-686
483,-686
483,-687
482,-688
481,-688
480,-689
479,-690
478,-691
477,-691
476,-692
475,-692
474,-693
473,-694
472,-695
471,-696
470,-696
469,-697
468,-698
467,-699
466,-699
465,-700
464,-701
463,-702
462,-703
461,-704
460,-704
459,-705
458,-706
457,-707
456,-708
455,-709
454,-710
453,-711
452,-712
451,-713
451,-714
450,-715
449,-716
448,-716
447,-717
446,-718
446,-719
445,-720
444,-721
443,-721
443,-722
442,-723
441,-724
440,-724
439,-725
438,-726
437,-727
436,-727
435,-728
434,-729
433,-730
432,-731
431,-731
430,-732
429,-733
428,-734
427,-735
426,-736
425,-736
424,-737
423,-738
422,-738
421,-739
420,-740
419,-740
418,-741
417,-742
416,-743
415,-743
414,-744
413,-745
412,-745
411,-746
410,-747
409,-748
408,-748
407,-749
406,-750
405,-751
404,-752
403,-752
402,-753
401,-754
400,-755
399,-756
398,-757
397,-757
396,-758
395,-759
394,-760
393,-761
392,-762
391,-763
390,-764
389,-765
388,-765
387,-766
386,-767
385,-768
384,-769
383,-770
382,-770
382,-771
381,-772
380,-772
379,-773
378,-774
377,-775
376,-776
375,-777
374,-778
373,-779
372,-780
372,-781
371,-782
370,-783
369,-784
368,-785
367,-786
366,-787
366,-788
365,-789
364,-789
364,-790
363,-791
362,-792
362,-793
361,-794
360,-795
360,-796
359,-797
358,-798
358,-799
357,-800
356,-800
