426,-687
426,-688
426,-689
426,-690
426,-691
427,-692
427,-693
427,-694
427,-695
427,-696
428,-697
428,-698
428,-699
429,-699
430,-700
431,-700
432,-701
433,-701
434,-702
435,-702
436,-703
437,-703
438,-703
439,-704
440,-704
441,-704
442,-705
443,-705
444,-706
444,-707
445,-707
446,-707
447,-707
448,-707
449,-708
450,-708
451,-708
452,-709
453,-710
454,-710
455,-710
456,-710
457,-711
458,-711
459,-712
460,-712
461,-712
462,-713
463,-714
464,-714
465,-714
466,-714
467,-714
468,-715
469,-715
470,-716
471,-717
472,-717
473,-717
474,-718
475,-718
476,-718
477,-718
478,-719
478,-720
479,-720
480,-720
481,-720
482,-720
483,-721
484,-721
485,-721
486,-722
487,-723
488,-723
489,-723
490,-723
491,-724
492,-724
493,-724
494,-725
495,-725
496,-725
497,-726
498,-726
499,-726
500,-726
501,-726
502,-726
503,-726
504,-727
504,-728
505,-729
506,-729
507,-729
508,-730
509,-730
510,-730
511,-730
512,-731
513,-731
514,-731
515,-731
516,-731
517,-732
517,-733
518,-734
519,-734
520,-734
521,-734
522,-734
523,-734
524,-734
525,-734
526,-735
527,-735
528,-735
529,-735
530,-735
531,-736
531,-737
532,-737
533,-737
534,-737
535,-738
536,-738
537,-738
538,-738
539,-738
540,-739
541,-740
542,-740
543,-740
544,-740
545,-740
546,-740
547,-741
548,-741
549,-742
550,-742
551,-743
552,-743
553,-743
554,-744
555,-744
556,-744
557,-745
557,-746
557,-747
557,-748
558,-749
559,-749
560,-749
561,-750
562,-750
563,-750
564,-750
565,-750
566,-750
567,-750
568,-750
569,-751
570,-751
571,-751
572,-752
572,-753
572,-754
572,-755
573,-755
574,-755
575,-755
576,-755
577,-756
577,-757
578,-757
579,-757
580,-757
581,-757
582,-757
583,-758
584,-759
585,-759
586,-759
587,-759
588,-759
589,-759
590,-759
591,-759
592,-759
593,-759
594,-759
595,-759
596,-759
597,-759
598,-759
599,-759
600,-759
601,-759
602,-759
603,-759
604,-759
605,-760
606,-760
607,-760
608,-760
609,-760
610,-760
611,-760
612,-760
613,-760
614,-760
615,-760
616,-759
617,-759
618,-759
619,-759
620,-759
621,-759
622,-760
623,-761
624,-762
625,-763
626,-764
626,-765
627,-766
628,-767
628,-768
629,-769
629,-770
630,-771
631,-771
632,-772
633,-773
633,-774
633,-775
633,-776
633,-777
634,-778
634,-779
635,-779
636,-779
637,-780
637,-781
637,-782
638,-783
638,-784
639,-785
640,-785
641,-786
642,-787
642,-788
643,-789
644,-790
644,-791
645,-791
646,-792
646,-793
647,-793
648,-794
649,-795
649,-796
650,-797
650,-798
651,-798
652,-798
653,-799
653,-800
654,-801
655,-802
656,-803
657,-804
658,-805
658,-806
659,-806
660,-806
661,-807
661,-808
662,-808
663,-808
664,-809
664,-810
665,-811
665,-812
666,-812
667,-812
668,-813
669,-813
670,-814
670,-815
670,-816
671,-816
672,-816
673,-816
674,-816
675,-817
676,-817
677,-818
677,-819
678,-819
679,-820
680,-821
681,-821
682,-822
682,-823
682,-824
683,-824
684,-825
685,-825
686,-826
687,-826
688,-826
689,-826
690,-827
691,-828
692,-829
692,-830
693,-830
694,-831
694,-832
695,-832
696,-832
697,-833
698,-833
699,-833
700,-834
701,-834
702,-835
703,-835
704,-836
704,-837
705,-837
706,-838
707,-838
708,-839
709,-840
710,-840
711,-840
712,-840
713,-841
714,-841
715,-841
716,-841
717,-841
718,-841
719,-842
720,-842
721,-843
722,-844
722,-845
723,-845
724,-846
725,-846
726,-847
727,-847
728,-848
729,-848
730,-848
731,-848
732,-849
733,-849
734,-850
735,-850
736,-851
737,-851
738,-852
739,-852
740,-852
741,-852
742,-852
743,-853
744,-853
745,-853
746,-853
747,-853
748,-854
749,-854
750,-854
751,-854
752,-854
753,-855
754,-855
755,-855
756,-856
757,-856
758,-857
759,-857
760,-857
761,-858
762,-858
763,-858
764,-859
765,-859
766,-860
767,-860
768,-861
769,-861
770,-861
771,-862
772,-862
773,-862
774,-862
775,-862
776,-863
777,-863
778,-863
779,-863
780,-864
781,-864
782,-864
783,-865
784,-865
785,-866
786,-867
787,-867
788,-867
789,-867
790,-867
791,-867
792,-867
793,-867
794,-867
795,-867
796,-867
797,-867
798,-867
799,-868
800,-869
801,-869
802,-869
803,-869
804,-869
805,-869
806,-870
807,-870
808,-870
809,-871
810,-871
811,-871
812,-871
813,-871
814,-872
815,-872
816,-872
817,-873
818,-873
819,-873
820,-873
821,-874
822,-874
823,-874
824,-874
825,-874
826,-874
827,-874
828,-875
829,-875
830,-875
831,-875
832,-875
833,-875
834,-875
835,-875
836,-876
837,-876
838,-876
839,-876
840,-876
841,-876
842,-876
843,-876
844,-876
845,-877
846,-877
847,-877
848,-877
849,-877
850,-877
851,-877
852,-877
853,-877
854,-877
855,-877
856,-877
857,-877
858,-878
859,-878
860,-878
861,-878
862,-878
863,-878
864,-878
865,-878
866,-878
867,-878
868,-878
869,-878
870,-878
871,-878
872,-878
873,-877
874,-876
875,-876
876,-876
877,-876
878,-876
879,-876
880,-876
881,-876
882,-876
883,-875
884,-875
885,-875
886,-875
887,-875
888,-875
889,-875
890,-875
891,-875
892,-875
893,-875
894,-874
895,-873
896,-872
897,-872
898,-872
899,-871
900,-870
901,-870
902,-870
903,-870
904,-870
905,-870
906,-870
907,-870
908,-870
909,-870
910,-870
911,-870
912,-870
913,-870
914,-870
914,-869
915,-868
916,-868
917,-868
918,-868
919,-868
920,-868
921,-867
922,-866
923,-866
924,-866
925,-866
926,-865
927,-865
928,-865
929,-865
930,-864
931,-864
932,-863
933,-863
934,-863
935,-863
936,-862
937,-862
938,-861
939,-861
940,-861
941,-861
942,-861
943,-861
944,-861
944,-860
945,-859
946,-859
947,-859
948,-858
949,-858
950,-858
951,-858
952,-857
953,-857
954,-857
955,-856
956,-855
957,-855
958,-854
959,-854
960,-854
961,-854
962,-854
962,-853
963,-852
964,-852
965,-852
966,-852
967,-852
968,-851
969,-851
970,-850
971,-849
972,-849
973,-849
974,-849
975,-848
976,-847
977,-847
978,-847
979,-846
980,-845
981,-845
982,-845
983,-845
984,-844
985,-844
986,-843
987,-843
988,-842
989,-842
990,-842
991,-841
992,-841
992,-840
993,-839
994,-838
995,-838
996,-838
997,-838
998,-838
999,-838
1000,-837
1001,-836
1002,-836
1003,-835
1004,-835
1005,-835
1006,-834
1007,-834
1008,-834
1009,-833
1010,-832
1011,-832
1011,-831
1011,-830
1012,-829
1013,-829
1014,-829
1015,-829
1016,-828
1017,-827
1018,-827
1019,-827
1020,-826
1021,-825
1022,-824
1023,-824
1024,-823
1025,-823
1026,-823
1026,-822
1027,-821
1028,-821
1029,-821
1030,-820
1031,-819
1032,-819
1033,-819
1034,-820
1035,-820
1036,-820
1037,-820
1038,-820
1039,-819
1040,-818
1041,-818
1042,-818
1043,-818
1044,-818
1044,-817
1044,-816
1045,-815
1046,-815
1047,-814
1048,-814
1049,-813
1050,-812
1051,-812
1052,-812
1053,-812
1054,-812
1055,-811
1056,-810
1057,-809
1058,-809
1059,-809
1060,-809
1061,-809
1061,-808
1062,-807
1063,-807
1064,-807
1065,-806
1066,-806
1067,-806
1068,-805
1069,-805
1069,-804
1069,-803
1070,-802
1071,-801
1072,-801
1073,-800
1073,-799
1074,-798
1075,-798
1075,-797
1075,-796
1076,-795
1076,-794
1076,-793
1076,-792
1076,-791
1075,-790
1075,-789
1075,-788
1075,-787
1075,-786
1074,-785
1074,-784
1073,-783
1072,-782
1071,-781
1071,-780
1070,-779
1069,-778
1068,-777
1067,-776
1066,-775
1065,-774
1064,-774
1063,-773
1063,-772
1062,-771
1061,-770
1060,-769
1059,-768
1058,-767
1057,-766
1056,-766
1055,-765
1054,-764
1053,-763
1052,-762
1051,-761
1050,-760
1049,-759
1048,-758
1047,-757
1046,-756
1045,-755
1044,-754
1043,-753
1042,-753
1041,-752
1041,-751
1040,-750
1039,-750
1038,-749
1037,-748
1036,-747
1035,-746
1034,-745
1033,-744
1032,-743
1031,-742
1030,-741
1029,-740
1028,-739
1027,-738
1026,-738
1025,-737
1024,-736
1023,-735
1023,-734
1022,-733
1021,-733
1020,-732
1020,-731
1019,-731
1018,-730
1017,-729
1016,-728
1015,-727
1014,-727
1013,-726
1012,-725
1011,-725
1010,-724
1009,-723
1008,-722
1008,-721
1007,-720
1006,-720
1005,-719
1004,-718
1003,-717
1002,-716
1001,-716
1000,-715
999,-714
998,-714
997,-713
996,-712
995,-711
994,-710
993,-710
992,-709
991,-708
990,-708
989,-707
988,-706
987,-705
986,-705
985,-704
984,-703
983,-703
982,-702
981,-701
980,-700
979,-699
978,-699
977,-698
976,-697
975,-696
974,-696
973,-695
972,-694
971,-693
970,-692
969,-691
968,-691
967,-690
966,-690
965,-689
964,-688
964,-687
963,-687
962,-686
961,-686
960,-685
959,-684
958,-683
957,-683
956,-682
955,-681
954,-681
953,-680
952,-679
951,-678
950,-677
949,-677
948,-676
947,-675
946,-675
945,-674
944,-673
943,-673
942,-672
941,-671
940,-671
939,-670
938,-670
937,-669
936,-668
935,-667
934,-667
933,-666
932,-666
931,-665
931,-664
930,-664
929,-663
928,-663
927,-662
926,-661
925,-661
924,-660
923,-660
922,-659
921,-658
920,-657
919,-657
918,-657
917,-657
916,-656
915,-655
914,-655
913,-655
912,-654
911,-654
910,-653
909,-653
908,-652
907,-652
906,-652
905,-651
904,-650
903,-650
902,-650
901,-649
900,-649
899,-649
898,-649
897,-648
896,-648
895,-648
894,-648
893,-647
892,-646
891,-645
890,-644
889,-644
888,-644
887,-643
886,-643
885,-643
884,-642
883,-642
882,-641
881,-641
880,-640
879,-640
878,-640
877,-639
876,-639
875,-638
874,-638
873,-638
872,-637
871,-637
870,-637
869,-637
868,-636
867,-635
866,-635
865,-635
864,-634
863,-634
862,-634
861,-633
860,-633
859,-633
858,-632
857,-632
856,-632
855,-631
854,-631
853,-631
852,-631
851,-631
850,-631
849,-630
848,-630
847,-630
846,-629
845,-629
844,-628
843,-628
842,-628
841,-628
840,-628
839,-627
838,-627
837,-627
836,-627
835,-626
834,-626
833,-626
832,-626
831,-626
830,-626
829,-626
828,-626
827,-626
826,-626
825,-626
824,-626
823,-625
822,-625
821,-625
820,-625
819,-625
818,-624
817,-624
816,-624
815,-624
814,-624
813,-624
812,-624
811,-624
810,-624
809,-624
808,-623
807,-623
806,-623
805,-623
804,-623
803,-623
802,-623
801,-623
800,-623
799,-623
798,-623
797,-623
796,-623
795,-623
794,-623
793,-623
792,-623
791,-623
790,-623
789,-623
788,-623
787,-623
786,-623
785,-623
784,-623
783,-623
782,-623
781,-623
780,-623
779,-623
778,-623
777,-623
776,-623
775,-623
774,-623
773,-623
772,-623
771,-623
770,-623
769,-623
768,-623
767,-623
766,-623
765,-623
764,-623
763,-624
762,-625
761,-625
760,-625
759,-625
758,-625
757,-625
756,-625
755,-625
754,-625
753,-625
752,-625
751,-625
750,-625
749,-625
748,-626
747,-627
746,-627
745,-627
744,-627
743,-627
742,-627
741,-628
740,-628
739,-628
738,-628
737,-628
736,-628
735,-628
734,-628
733,-629
732,-630
731,-630
730,-630
729,-630
728,-630
727,-631
726,-631
725,-631
724,-631
723,-632
722,-632
721,-632
720,-633
719,-633
718,-633
717,-634
716,-634
715,-634
714,-634
713,-635
712,-635
711,-635
710,-636
709,-636
708,-636
707,-637
706,-637
705,-637
704,-638
703,-638
702,-638
701,-638
700,-639
699,-640
698,-640
697,-640
696,-641
695,-641
694,-642
693,-642
692,-642
691,-643
690,-643
689,-643
688,-643
687,-644
686,-645
685,-646
684,-646
683,-647
682,-647
681,-648
680,-648
679,-649
678,-650
677,-650
676,-651
675,-652
674,-652
673,-653
672,-654
671,-654
670,-655
669,-656
668,-657
667,-658
666,-659
665,-659
664,-660
663,-661
662,-661
661,-662
660,-663
659,-664
658,-665
657,-666
656,-666
655,-667
654,-668
654,-669
653,-670
652,-671
651,-671
650,-672
650,-673
649,-674
648,-674
647,-675
647,-676
646,-677
645,-678
644,-678
643,-679
642,-679
641,-680
640,-681
639,-681
638,-681
638,-682
637,-683
636,-683
635,-684
634,-684
633,-685
632,-686
631,-686
630,-687
629,-687
628,-687
627,-688
626,-688
625,-689
624,-690
623,-690
622,-691
621,-691
620,-691
619,-691
618,-691
617,-691
616,-691
615,-691
614,-691
613,-690
612,-690
611,-690
610,-690
609,-690
608,-690
607,-691
606,-691
605,-691
604,-691
603,-691
602,-691
601,-691
600,-690
599,-690
598,-690
597,-690
596,-690
595,-690
594,-690
593,-690
592,-690
591,-690
590,-690
589,-689
588,-689
587,-689
586,-689
585,-689
584,-688
583,-688
582,-688
581,-688
580,-688
579,-688
578,-688
577,-687
576,-687
575,-687
574,-687
573,-687
572,-687
571,-686
570,-686
569,-686
568,-685
567,-685
566,-685
565,-685
564,-685
563,-684
562,-684
561,-684
560,-684
559,-684
558,-684
557,-683
556,-683
555,-683
554,-683
553,-683
552,-683
551,-683
550,-682
549,-682
548,-682
547,-682
546,-682
545,-681
544,-681
543,-681
542,-681
541,-681
540,-681
539,-681
538,-680
537,-680
536,-680
535,-680
534,-680
533,-679
532,-679
531,-679
530,-679
529,-678
528,-678
527,-678
526,-677
525,-677
524,-677
523,-677
522,-677
521,-676
520,-676
519,-676
518,-676
517,-676
516,-675
515,-675
514,-675
513,-674
512,-674
511,-674
510,-674
509,-674
508,-674
507,-673
506,-673
505,-672
504,-672
503,-672
502,-672
501,-672
500,-671
499,-671
498,-671
497,-671
496,-671
495,-671
494,-670
493,-670
492,-670
491,-669
490,-669
489,-669
488,-669
487,-669
486,-668
485,-668
484,-668
483,-668
482,-667
481,-667
480,-667
479,-666
478,-666
477,-666
476,-666
475,-665
474,-665
473,-665
472,-665
471,-664
470,-664
469,-664
468,-664
467,-663
466,-663
465,-663
464,-663
463,-662
462,-662
461,-661
460,-661
459,-661
458,-661
457,-660
456,-660
455,-660
454,-659
453,-659
452,-659
451,-658
450,-658
449,-658
448,-657
447,-657
446,-656
445,-656
444,-656
443,-656
442,-656
441,-655
440,-654
439,-654
438,-654
437,-654
436,-654
435,-653
434,-653
433,-653
432,-653
431,-653
430,-653
430,-654
430,-655
430,-656
430,-657
430,-658
430,-659
430,-660
430,-661
430,-662
430,-663
430,-664
429,-665
429,-666
429,-667
429,-668
429,-669
429,-670
429,-671
429,-672
429,-673
428,-674
428,-675
428,-676
428,-677
428,-678
428,-679
427,-680
427,-681
427,-682
427,-683
427,-684
427,-685
427,-686
426,-687
