312,-713
312,-714
312,-715
312,-716
312,-717
312,-718
312,-719
312,-720
312,-721
313,-722
313,-723
314,-724
314,-725
315,-725
316,-726
316,-727
316,-728
316,-729
316,-730
316,-731
316,-732
316,-733
316,-734
316,-735
316,-736
317,-736
318,-737
319,-737
320,-737
321,-737
322,-737
323,-737
324,-737
325,-737
326,-737
327,-737
328,-738
329,-738
330,-738
331,-739
332,-740
333,-740
334,-741
335,-741
336,-742
337,-743
338,-743
339,-743
340,-744
341,-745
342,-745
343,-745
344,-746
345,-746
346,-747
347,-747
348,-748
349,-749
350,-749
351,-749
352,-750
353,-750
354,-751
355,-752
356,-753
357,-753
358,-753
359,-754
360,-755
360,-756
361,-756
362,-757
363,-757
364,-758
365,-758
366,-759
366,-760
367,-760
368,-760
369,-761
370,-762
371,-762
372,-763
373,-763
374,-763
375,-764
376,-765
376,-766
377,-766
378,-766
379,-766
380,-767
381,-768
382,-768
383,-768
384,-768
385,-769
386,-770
387,-771
388,-771
389,-771
390,-772
390,-773
391,-774
392,-774
393,-775
394,-775
395,-776
396,-777
397,-778
398,-778
399,-779
399,-780
400,-780
401,-780
402,-781
403,-782
404,-783
405,-784
406,-784
407,-784
408,-785
408,-786
409,-786
410,-787
411,-788
412,-788
413,-789
414,-790
414,-791
415,-791
416,-791
417,-792
418,-792
419,-792
420,-792
421,-792
422,-793
422,-794
422,-795
422,-796
423,-796
424,-796
425,-797
426,-797
427,-797
428,-797
429,-798
430,-799
431,-800
432,-800
433,-800
434,-801
434,-802
435,-802
436,-802
437,-803
438,-804
439,-804
440,-805
441,-806
442,-807
443,-807
444,-807
445,-808
446,-809
447,-809
448,-810
449,-811
450,-812
451,-812
452,-812
453,-813
454,-813
455,-814
456,-815
457,-815
458,-816
459,-816
460,-817
461,-818
462,-819
463,-819
464,-819
465,-820
466,-820
467,-821
468,-821
469,-822
470,-823
471,-823
472,-824
473,-824
474,-825
475,-825
476,-826
477,-827
478,-827
479,-828
480,-828
481,-829
482,-829
483,-829
484,-830
485,-831
486,-832
487,-832
488,-833
489,-833
490,-834
491,-834
492,-835
493,-835
494,-836
495,-836
496,-837
497,-837
498,-837
499,-838
500,-839
501,-839
502,-839
503,-840
504,-841
505,-841
506,-841
507,-841
508,-842
509,-843
510,-844
511,-844
512,-844
513,-845
514,-845
515,-846
516,-846
517,-847
518,-848
519,-848
520,-848
521,-849
522,-849
523,-850
524,-850
525,-851
526,-851
527,-852
528,-852
529,-852
530,-853
531,-853
532,-853
533,-854
534,-854
535,-855
536,-856
537,-856
538,-856
539,-856
540,-857
541,-858
542,-858
543,-858
544,-859
545,-859
546,-859
547,-860
548,-860
549,-861
550,-861
551,-861
552,-861
553,-862
554,-862
555,-862
556,-863
557,-864
558,-864
559,-864
560,-864
561,-864
562,-865
563,-865
564,-865
565,-866
566,-866
567,-867
568,-867
569,-867
570,-867
571,-868
572,-868
573,-869
574,-869
575,-869
576,-869
577,-869
578,-870
579,-871
580,-871
581,-871
582,-871
583,-871
584,-871
585,-872
586,-872
587,-872
588,-872
589,-873
590,-873
591,-873
592,-873
593,-873
594,-873
595,-874
596,-874
597,-874
598,-874
599,-874
600,-874
601,-875
602,-875
603,-875
604,-876
605,-876
606,-876
607,-876
608,-876
609,-876
610,-876
611,-876
612,-876
613,-876
614,-876
615,-877
616,-877
617,-877
618,-877
619,-877
620,-877
621,-878
622,-878
623,-878
624,-878
625,-878
626,-878
627,-878
628,-878
629,-878
630,-878
631,-878
632,-878
633,-878
634,-878
635,-878
636,-878
637,-878
638,-878
639,-878
640,-878
641,-878
642,-878
643,-878
644,-879
645,-879
646,-879
647,-879
648,-879
649,-879
650,-879
651,-879
652,-879
653,-879
654,-879
655,-879
656,-879
657,-879
658,-879
659,-879
660,-879
661,-879
662,-879
663,-879
664,-879
665,-879
666,-879
667,-879
668,-879
669,-879
670,-879
671,-879
672,-879
673,-879
674,-879
675,-879
676,-879
677,-878
678,-878
679,-878
680,-878
681,-878
682,-878
683,-878
684,-878
685,-877
686,-877
687,-877
688,-877
689,-877
690,-877
691,-876
692,-876
693,-876
694,-876
695,-876
696,-876
697,-876
698,-875
699,-875
700,-875
701,-875
702,-874
703,-874
704,-874
705,-874
706,-873
707,-873
708,-873
709,-873
710,-873
711,-873
712,-872
713,-872
714,-872
715,-872
716,-872
717,-872
718,-872
719,-872
720,-872
721,-872
722,-872
723,-872
724,-872
725,-871
726,-871
727,-871
728,-871
729,-871
730,-871
731,-871
732,-871
733,-871
734,-871
735,-870
736,-870
737,-870
738,-870
739,-870
740,-869
741,-869
742,-869
743,-869
744,-869
745,-869
746,-868
747,-868
748,-868
749,-868
750,-868
751,-868
752,-867
753,-867
754,-867
755,-866
756,-866
757,-865
758,-865
759,-865
760,-865
761,-864
762,-864
763,-864
764,-864
765,-863
766,-863
767,-863
768,-862
769,-862
770,-861
771,-861
772,-861
773,-861
774,-860
775,-860
776,-859
777,-859
778,-859
779,-858
780,-858
781,-857
782,-856
783,-855
784,-855
785,-855
786,-855
787,-854
788,-854
789,-853
790,-852
791,-852
792,-851
793,-851
794,-850
795,-849
796,-849
797,-848
798,-848
798,-847
799,-846
800,-846
801,-846
802,-846
803,-845
804,-845
804,-844
805,-843
806,-843
807,-843
808,-842
809,-841
810,-840
811,-839
812,-839
813,-838
814,-837
815,-837
816,-836
817,-836
818,-835
819,-834
820,-833
821,-833
822,-832
823,-832
824,-832
825,-831
826,-831
827,-830
828,-830
829,-829
830,-829
831,-829
832,-829
833,-828
834,-828
835,-828
836,-828
837,-827
838,-826
839,-826
840,-826
841,-826
842,-826
843,-826
844,-826
845,-826
846,-826
846,-825
847,-824
848,-824
848,-823
848,-822
849,-821
850,-821
851,-821
852,-821
852,-820
852,-819
853,-818
854,-818
855,-818
856,-818
857,-817
858,-817
859,-817
860,-816
861,-816
862,-816
863,-816
864,-816
865,-816
866,-816
867,-815
868,-815
869,-815
870,-816
871,-817
872,-817
873,-817
874,-817
875,-817
876,-817
877,-817
878,-817
879,-817
880,-817
881,-817
882,-817
883,-817
884,-817
885,-817
886,-817
887,-817
888,-817
889,-817
890,-817
891,-816
892,-816
893,-816
894,-816
895,-816
896,-815
897,-815
898,-814
899,-813
900,-813
901,-813
902,-813
903,-813
904,-814
905,-814
906,-814
907,-814
908,-814
909,-814
910,-814
911,-815
912,-815
913,-815
914,-815
915,-815
916,-815
917,-815
918,-815
919,-816
920,-816
921,-816
922,-816
923,-816
924,-816
925,-816
926,-816
927,-816
928,-817
929,-817
930,-817
931,-817
932,-817
933,-817
934,-817
935,-817
936,-817
937,-818
938,-818
939,-818
940,-818
941,-818
942,-818
943,-818
944,-819
945,-819
946,-819
947,-819
948,-819
949,-819
950,-819
951,-819
952,-819
953,-819
954,-820
955,-820
956,-820
957,-820
958,-820
959,-820
960,-820
961,-820
962,-820
963,-820
964,-820
965,-820
966,-821
967,-821
968,-821
969,-821
970,-821
971,-821
972,-821
973,-821
974,-821
975,-821
976,-821
977,-821
978,-822
979,-822
980,-822
981,-822
982,-822
983,-822
984,-822
985,-822
986,-822
987,-822
988,-822
989,-822
990,-822
991,-822
992,-822
993,-822
994,-823
995,-823
996,-823
997,-823
998,-823
999,-823
1000,-823
1001,-823
1002,-824
1003,-824
1004,-824
1005,-824
1006,-824
1007,-824
1008,-824
1009,-824
1010,-824
1011,-824
1012,-824
1013,-824
1014,-825
1015,-825
1016,-825
1017,-825
1018,-826
1019,-826
1020,-826
1021,-826
1022,-826
1023,-826
1024,-826
1025,-827
1026,-827
1027,-827
1028,-827
1029,-827
1030,-827
1031,-827
1032,-827
1033,-827
1034,-827
1035,-827
1036,-827
1037,-828
1038,-828
1039,-828
1040,-828
1041,-828
1042,-828
1043,-828
1044,-828
1045,-828
1046,-828
1047,-828
1048,-828
1049,-828
1050,-828
1051,-828
1052,-828
1053,-828
1054,-829
1055,-829
1056,-829
1057,-829
1058,-829
1059,-829
1060,-829
1061,-829
1062,-829
1063,-829
1064,-830
1065,-830
1066,-830
1067,-830
1068,-830
1069,-830
1070,-830
1071,-830
1072,-830
1073,-830
1074,-830
1075,-831
1076,-831
1077,-831
1078,-831
1079,-831
1080,-831
1081,-831
1082,-831
1083,-831
1084,-832
1085,-832
1086,-832
1087,-832
1088,-832
1089,-832
1090,-832
1091,-832
1092,-833
1093,-833
1094,-833
1095,-833
1096,-833
1097,-834
1098,-834
1099,-834
1100,-834
1101,-834
1102,-834
1103,-834
1104,-834
1105,-835
1106,-835
1107,-835
1108,-835
1109,-835
1110,-835
1111,-835
1112,-835
1113,-836
1114,-836
1115,-836
1116,-836
1117,-836
1118,-836
1119,-837
1120,-837
1121,-837
1122,-838
1123,-838
1124,-838
1125,-838
1126,-838
1127,-838
1128,-839
1129,-839
1130,-839
1131,-839
1132,-840
1133,-840
1134,-840
1135,-840
1136,-840
1137,-841
1138,-841
1139,-841
1140,-841
1141,-842
1142,-842
1143,-842
1144,-842
1145,-842
1146,-843
1147,-843
1148,-843
1149,-844
1150,-844
1151,-845
1152,-845
1153,-845
1154,-845
1155,-845
1156,-845
1157,-845
1158,-845
1159,-845
1160,-846
1161,-846
1162,-846
1163,-846
1164,-846
1165,-846
1166,-846
1167,-846
1168,-845
1169,-845
1170,-844
1171,-844
1172,-843
1172,-842
1173,-841
1174,-841
1175,-841
1176,-840
1177,-840
1178,-839
1179,-839
1180,-838
1181,-838
1182,-838
1183,-838
1184,-838
1184,-837
1185,-836
1186,-835
1187,-835
1188,-834
1189,-833
1189,-832
1189,-831
1189,-830
1189,-829
1188,-828
1187,-827
1186,-827
1185,-827
1184,-827
1183,-827
1182,-827
1181,-826
1181,-825
1181,-824
1182,-823
1182,-822
1183,-821
1184,-821
1184,-820
1184,-819
1184,-818
1184,-817
1184,-816
1184,-815
1184,-814
1183,-813
1183,-812
1183,-811
1183,-810
1183,-809
1183,-808
1183,-807
1184,-806
1185,-805
1185,-804
1185,-803
1185,-802
1185,-801
1184,-801
1183,-801
1182,-800
1181,-800
1180,-799
1179,-799
1178,-798
1177,-798
1176,-798
1175,-797
1174,-797
1173,-797
1172,-797
1171,-797
1170,-797
1169,-797
1168,-796
1167,-796
1166,-795
1165,-795
1164,-795
1163,-795
1162,-795
1161,-795
1160,-795
1159,-795
1158,-795
1157,-794
1156,-794
1155,-794
1154,-794
1153,-794
1152,-794
1151,-793
1150,-793
1149,-793
1148,-793
1147,-793
1146,-792
1145,-792
1144,-791
1144,-790
1143,-790
1142,-790
1141,-790
1140,-789
1139,-789
1138,-788
1137,-788
1136,-788
1135,-788
1134,-788
1133,-788
1132,-787
1131,-787
1130,-786
1129,-786
1128,-786
1127,-786
1126,-785
1125,-785
1124,-785
1123,-785
1122,-785
1121,-785
1120,-785
1119,-785
1118,-784
1117,-784
1116,-784
1115,-784
1114,-784
1113,-783
1112,-783
1111,-783
1110,-783
1109,-782
1108,-782
1107,-782
1106,-782
1105,-782
1104,-781
1103,-781
1102,-781
1101,-781
1100,-781
1099,-781
1098,-781
1097,-780
1096,-780
1095,-780
1094,-780
1093,-780
1092,-780
1091,-780
1090,-780
1089,-780
1088,-780
1087,-780
1086,-780
1085,-780
1084,-779
1083,-779
1082,-779
1081,-779
1080,-779
1079,-779
1078,-779
1077,-778
1076,-778
1075,-778
1074,-778
1073,-778
1072,-778
1071,-778
1070,-778
1069,-778
1068,-778
1067,-778
1066,-778
1065,-778
1064,-778
1063,-778
1062,-778
1061,-778
1060,-778
1059,-778
1058,-778
1057,-778
1056,-778
1055,-778
1054,-778
1053,-778
1052,-778
1051,-778
1050,-778
1049,-778
1048,-777
1047,-777
1046,-777
1045,-777
1044,-777
1043,-776
1042,-776
1041,-776
1040,-776
1039,-776
1038,-776
1037,-776
1036,-775
1035,-775
1034,-775
1033,-775
1032,-775
1031,-774
1030,-774
1029,-774
1028,-774
1027,-774
1026,-774
1025,-774
1024,-774
1023,-774
1022,-774
1021,-773
1020,-773
1019,-773
1018,-773
1017,-773
1016,-772
1015,-772
1014,-772
1013,-772
1012,-772
1011,-772
1010,-772
1009,-772
1008,-772
1007,-772
1006,-772
1005,-771
1004,-771
1003,-771
1002,-771
1001,-771
1000,-771
999,-771
998,-771
997,-771
996,-770
995,-770
994,-770
993,-770
992,-770
991,-770
990,-770
989,-770
988,-769
987,-769
986,-769
985,-769
984,-769
983,-769
982,-769
981,-769
980,-768
979,-768
978,-768
977,-768
976,-768
975,-768
974,-768
973,-768
972,-767
971,-767
970,-767
969,-767
968,-767
967,-767
966,-767
965,-767
964,-766
963,-766
962,-766
961,-766
960,-766
959,-766
958,-765
957,-765
956,-765
955,-765
954,-765
953,-765
952,-765
951,-764
950,-764
949,-764
948,-764
947,-764
946,-764
945,-764
944,-764
943,-763
942,-763
941,-763
940,-763
939,-763
938,-763
937,-763
936,-762
935,-762
934,-762
933,-762
932,-762
931,-761
930,-761
929,-761
928,-761
927,-761
926,-761
925,-761
924,-760
923,-760
922,-760
921,-760
920,-759
919,-759
918,-759
917,-759
916,-759
915,-759
914,-759
913,-759
912,-758
911,-758
910,-758
909,-758
908,-757
907,-757
906,-757
905,-757
904,-757
903,-757
902,-757
901,-757
900,-757
899,-757
898,-757
897,-756
896,-756
895,-756
894,-756
893,-756
892,-756
891,-755
890,-755
889,-755
888,-755
887,-754
886,-754
885,-754
884,-753
883,-752
882,-751
881,-750
880,-749
879,-748
878,-747
877,-747
876,-746
875,-746
874,-745
873,-745
872,-744
871,-743
870,-743
869,-743
868,-742
868,-741
867,-741
866,-740
865,-739
864,-739
863,-738
862,-738
861,-737
860,-736
859,-735
858,-735
857,-735
856,-734
855,-734
854,-733
853,-732
852,-731
851,-731
850,-731
849,-730
848,-730
847,-729
846,-729
845,-728
844,-727
844,-726
843,-725
842,-724
841,-723
841,-722
840,-721
839,-720
839,-719
838,-718
837,-717
837,-716
836,-715
835,-714
835,-713
834,-712
833,-711
833,-710
832,-709
832,-708
831,-707
830,-706
830,-705
830,-704
829,-704
828,-703
828,-702
827,-701
827,-700
826,-699
825,-699
824,-698
823,-697
823,-696
822,-695
821,-694
820,-693
820,-692
819,-692
818,-691
817,-690
816,-689
815,-688
814,-687
813,-687
812,-686
812,-685
811,-685
810,-684
809,-683
808,-682
807,-681
806,-680
805,-679
804,-679
803,-678
802,-677
801,-676
800,-676
799,-675
798,-674
797,-673
796,-673
795,-672
794,-671
793,-671
792,-671
791,-670
790,-669
789,-669
788,-668
787,-667
786,-667
785,-666
784,-666
783,-665
782,-664
781,-664
780,-663
779,-662
778,-662
777,-661
776,-660
775,-660
774,-659
773,-659
772,-658
771,-658
770,-658
769,-657
768,-656
767,-656
766,-655
765,-655
764,-655
763,-654
762,-654
761,-653
760,-653
759,-652
758,-652
757,-652
756,-651
755,-651
754,-650
753,-650
752,-649
751,-649
750,-648
749,-648
748,-647
747,-647
746,-647
745,-646
744,-646
743,-646
742,-645
741,-645
740,-644
739,-644
738,-643
737,-643
736,-643
735,-642
734,-642
733,-642
732,-641
731,-641
730,-640
729,-640
728,-640
727,-640
726,-639
725,-639
724,-639
723,-638
722,-638
721,-638
720,-637
719,-637
718,-637
717,-637
716,-636
715,-636
714,-636
713,-636
712,-635
711,-635
710,-635
709,-635
708,-634
707,-634
706,-634
705,-634
704,-633
703,-633
702,-633
701,-632
700,-632
699,-632
698,-631
697,-631
696,-631
695,-631
694,-631
693,-631
692,-630
691,-630
690,-630
689,-630
688,-629
687,-629
686,-629
685,-629
684,-629
683,-628
682,-628
681,-628
680,-628
679,-628
678,-628
677,-628
676,-627
675,-627
674,-627
673,-627
672,-627
671,-627
670,-627
669,-627
668,-626
667,-626
666,-626
665,-626
664,-626
663,-626
662,-626
661,-626
660,-625
659,-625
658,-625
657,-625
656,-625
655,-625
654,-625
653,-625
652,-625
651,-625
650,-624
649,-624
648,-624
647,-624
646,-624
645,-624
644,-624
643,-624
642,-624
641,-624
640,-624
639,-624
638,-624
637,-624
636,-624
635,-624
634,-623
633,-623
632,-623
631,-623
630,-623
629,-623
628,-623
627,-623
626,-623
625,-623
624,-623
623,-623
622,-623
621,-623
620,-623
619,-623
618,-623
617,-623
616,-623
615,-623
614,-623
613,-624
612,-624
611,-624
610,-624
609,-624
608,-624
607,-624
606,-624
605,-624
604,-624
603,-624
602,-624
601,-624
600,-624
599,-624
598,-624
597,-624
596,-624
595,-624
594,-624
593,-624
592,-624
591,-624
590,-624
589,-624
588,-625
587,-625
586,-625
585,-625
584,-625
583,-625
582,-625
581,-625
580,-626
579,-626
578,-626
577,-626
576,-626
575,-626
574,-626
573,-626
572,-627
571,-627
570,-627
569,-627
568,-627
567,-627
566,-627
565,-627
564,-627
563,-627
562,-627
561,-628
560,-628
559,-628
558,-628
557,-628
556,-628
555,-628
554,-628
553,-628
552,-629
551,-629
550,-629
549,-629
548,-629
547,-630
546,-630
545,-630
544,-630
543,-631
542,-631
541,-631
540,-631
539,-631
538,-632
537,-632
536,-632
535,-632
534,-633
533,-633
532,-633
531,-634
530,-634
529,-634
528,-634
527,-634
526,-635
525,-635
524,-635
523,-635
522,-635
521,-636
520,-636
519,-636
518,-636
517,-637
516,-637
515,-637
514,-638
513,-638
512,-638
511,-638
510,-638
509,-639
508,-639
507,-639
506,-639
505,-640
504,-640
503,-640
502,-641
501,-641
500,-641
499,-641
498,-642
497,-642
496,-642
495,-643
494,-643
493,-643
492,-644
491,-644
490,-644
489,-644
488,-645
487,-646
486,-646
485,-646
484,-647
483,-647
482,-647
481,-648
480,-648
479,-649
478,-650
477,-650
476,-651
475,-651
474,-651
473,-652
472,-652
471,-652
470,-653
469,-653
468,-654
467,-654
466,-655
465,-655
464,-655
463,-655
462,-656
461,-656
460,-657
459,-657
458,-658
457,-658
456,-658
455,-659
454,-659
453,-660
452,-660
451,-661
450,-661
449,-662
448,-662
447,-662
446,-663
445,-663
444,-663
443,-663
442,-664
441,-664
440,-665
439,-665
438,-665
437,-666
436,-666
435,-666
434,-667
433,-667
432,-667
431,-668
430,-669
429,-669
428,-670
427,-670
426,-670
425,-671
424,-671
423,-672
422,-672
421,-672
420,-673
419,-674
418,-674
417,-674
416,-675
415,-675
414,-675
413,-676
412,-677
411,-677
410,-677
409,-678
408,-678
407,-678
406,-679
405,-679
404,-680
403,-680
402,-680
401,-681
400,-681
399,-682
398,-682
397,-682
396,-683
395,-683
394,-684
393,-684
392,-685
391,-685
390,-686
389,-686
388,-687
387,-687
386,-687
385,-687
384,-688
383,-688
382,-688
381,-689
380,-689
379,-690
378,-690
377,-690
376,-690
375,-691
374,-691
373,-691
372,-692
371,-692
370,-692
369,-693
368,-693
367,-693
366,-693
365,-694
364,-694
363,-694
362,-695
361,-695
360,-696
359,-696
358,-696
357,-696
356,-697
355,-697
354,-698
353,-698
352,-698
351,-699
350,-699
349,-699
348,-700
347,-700
346,-700
345,-701
344,-701
343,-701
342,-702
341,-702
340,-703
339,-703
338,-703
337,-704
336,-704
335,-704
334,-704
333,-705
332,-705
331,-706
330,-706
329,-707
328,-707
327,-707
326,-707
325,-708
324,-708
323,-708
322,-709
321,-709
320,-709
319,-709
318,-710
317,-710
316,-711
315,-711
314,-712
313,-712
312,-713
