495,-468
495,-469
495,-470
495,-471
495,-472
495,-473
495,-474
496,-474
497,-475
498,-475
499,-476
500,-476
501,-476
502,-476
503,-476
504,-476
505,-476
506,-476
507,-476
508,-476
509,-476
510,-476
511,-477
511,-478
511,-479
510,-480
510,-481
509,-482
509,-483
509,-484
509,-485
508,-486
507,-486
506,-487
506,-488
505,-489
505,-490
505,-491
505,-492
505,-493
505,-494
505,-495
506,-496
506,-497
506,-498
506,-499
506,-500
506,-501
506,-502
506,-503
506,-504
506,-505
506,-506
506,-507
506,-508
506,-509
507,-510
507,-511
507,-512
507,-513
507,-514
507,-515
507,-516
508,-517
508,-518
508,-519
508,-520
509,-520
510,-521
511,-522
512,-523
513,-524
513,-525
513,-526
513,-527
513,-528
513,-529
513,-530
513,-531
514,-532
515,-533
516,-534
517,-534
518,-535
518,-536
519,-537
520,-538
521,-539
521,-540
521,-541
521,-542
522,-542
523,-542
524,-543
524,-544
524,-545
524,-546
524,-547
524,-548
524,-549
525,-550
526,-550
527,-551
527,-552
528,-552
529,-553
529,-554
529,-555
530,-556
531,-557
531,-558
531,-559
532,-559
533,-560
534,-560
535,-560
536,-561
536,-562
536,-563
536,-564
536,-565
536,-566
536,-567
537,-568
538,-569
538,-570
539,-570
540,-570
541,-571
542,-572
542,-573
542,-574
542,-575
542,-576
543,-577
544,-578
545,-579
545,-580
546,-580
547,-580
548,-581
548,-582
548,-583
548,-584
549,-585
550,-585
551,-586
551,-587
551,-588
552,-589
553,-589
554,-590
555,-591
555,-592
555,-593
556,-593
557,-594
557,-595
558,-596
558,-597
558,-598
559,-598
560,-599
560,-600
561,-600
562,-601
563,-602
563,-603
563,-604
564,-604
565,-605
565,-606
566,-607
567,-608
567,-609
568,-610
569,-611
569,-612
570,-613
571,-613
572,-614
573,-615
573,-616
574,-617
575,-618
575,-619
576,-619
577,-620
577,-621
578,-622
578,-623
579,-624
580,-625
580,-626
581,-627
582,-628
582,-629
583,-630
583,-631
584,-631
585,-632
586,-632
587,-633
587,-634
587,-635
588,-636
589,-637
589,-638
590,-639
591,-640
591,-641
592,-642
593,-643
594,-644
594,-645
594,-646
595,-646
596,-647
596,-648
596,-649
597,-650
598,-650
599,-651
599,-652
599,-653
599,-654
599,-655
599,-656
600,-656
601,-657
602,-658
603,-658
604,-659
605,-660
606,-661
607,-662
607,-663
608,-664
608,-665
609,-666
610,-667
610,-668
611,-669
612,-670
613,-671
613,-672
614,-673
615,-674
616,-675
616,-676
616,-677
617,-678
618,-679
618,-680
619,-681
619,-682
619,-683
619,-684
620,-685
621,-686
621,-687
621,-688
622,-689
622,-690
622,-691
622,-692
623,-693
623,-694
623,-695
624,-696
624,-697
624,-698
625,-699
625,-700
625,-701
625,-702
625,-703
625,-704
626,-705
626,-706
626,-707
626,-708
626,-709
626,-710
627,-711
627,-712
627,-713
627,-714
627,-715
627,-716
628,-717
628,-718
628,-719
628,-720
628,-721
628,-722
628,-723
628,-724
628,-725
628,-726
629,-727
629,-728
629,-729
629,-730
629,-731
629,-732
629,-733
630,-734
630,-735
630,-736
630,-737
630,-738
631,-739
631,-740
631,-741
632,-742
632,-743
632,-744
632,-745
632,-746
633,-747
633,-748
633,-749
633,-750
633,-751
633,-752
634,-753
635,-754
635,-755
635,-756
635,-757
635,-758
635,-759
636,-760
636,-761
636,-762
637,-763
637,-764
637,-765
638,-766
638,-767
639,-768
639,-769
639,-770
640,-771
640,-772
640,-773
640,-774
641,-775
641,-776
642,-776
643,-777
643,-778
643,-779
644,-780
644,-781
644,-782
644,-783
644,-784
644,-785
645,-785
646,-786
647,-787
647,-788
648,-789
648,-790
649,-791
650,-791
651,-791
652,-791
653,-792
653,-793
654,-794
655,-795
655,-796
656,-797
656,-798
657,-799
657,-800
657,-801
658,-802
658,-803
659,-804
660,-805
660,-806
661,-807
661,-808
662,-809
663,-810
663,-811
663,-812
664,-813
664,-814
665,-815
666,-816
667,-817
667,-818
667,-819
668,-820
669,-821
670,-822
670,-823
670,-824
670,-825
669,-826
669,-827
669,-828
669,-829
669,-830
670,-831
670,-832
670,-833
671,-834
672,-834
673,-835
674,-836
674,-837
674,-838
675,-839
676,-840
676,-841
677,-842
677,-843
677,-844
678,-845
679,-845
680,-846
681,-847
681,-848
682,-849
683,-849
684,-850
684,-851
684,-852
685,-853
685,-854
686,-855
687,-856
687,-857
688,-858
688,-859
689,-859
690,-860
691,-861
692,-862
693,-863
693,-864
694,-865
695,-866
696,-867
697,-868
698,-868
699,-869
699,-870
700,-871
700,-872
701,-873
702,-874
702,-875
703,-875
704,-876
704,-877
705,-877
706,-878
707,-878
708,-879
709,-880
709,-881
710,-881
711,-882
711,-883
712,-884
713,-885
714,-886
715,-887
716,-888
717,-888
718,-889
718,-890
719,-891
719,-892
719,-893
720,-893
721,-894
722,-894
723,-895
724,-896
725,-897
726,-897
727,-898
727,-899
728,-900
729,-901
730,-901
731,-902
732,-903
733,-904
734,-905
735,-906
736,-907
737,-908
738,-908
739,-909
740,-910
741,-911
741,-912
742,-912
743,-912
744,-912
745,-913
746,-913
747,-914
747,-915
747,-916
748,-916
749,-916
750,-916
751,-916
752,-917
752,-918
753,-918
754,-919
754,-920
755,-920
756,-921
757,-921
758,-921
759,-922
760,-923
761,-924
762,-924
763,-925
764,-926
765,-927
766,-928
767,-929
768,-930
768,-931
768,-932
769,-932
770,-933
771,-933
772,-933
773,-934
774,-935
775,-935
776,-935
777,-935
778,-936
779,-936
780,-936
781,-937
782,-938
782,-939
782,-940
782,-941
783,-942
784,-942
785,-942
786,-942
787,-942
788,-943
788,-944
789,-945
790,-945
791,-946
792,-946
793,-947
794,-948
795,-948
796,-948
797,-949
798,-950
799,-950
800,-950
801,-951
802,-951
803,-952
804,-953
805,-954
806,-955
807,-955
808,-955
809,-956
810,-956
811,-957
812,-958
813,-959
814,-959
815,-960
816,-960
817,-960
818,-961
819,-962
820,-963
821,-963
822,-963
823,-963
824,-964
825,-965
826,-965
827,-966
828,-966
829,-966
830,-967
830,-968
831,-968
832,-968
833,-968
834,-969
835,-970
836,-971
837,-972
838,-972
839,-972
840,-972
841,-973
842,-973
843,-973
844,-973
845,-973
846,-973
847,-974
847,-975
847,-976
848,-977
849,-977
850,-977
851,-977
852,-977
853,-978
854,-979
855,-979
856,-980
857,-980
858,-980
859,-980
860,-980
861,-981
861,-982
862,-982
863,-982
864,-982
865,-983
866,-984
867,-984
868,-984
869,-985
870,-986
871,-986
872,-986
873,-987
874,-987
875,-988
876,-988
877,-988
878,-989
879,-990
880,-991
881,-992
882,-992
883,-992
884,-992
885,-992
886,-992
887,-993
888,-993
889,-994
890,-994
891,-995
891,-996
892,-996
893,-997
894,-997
895,-997
896,-998
897,-998
898,-999
898,-1000
899,-1000
900,-1000
901,-1000
902,-1001
903,-1002
904,-1002
905,-1003
906,-1004
906,-1005
906,-1006
907,-1007
907,-1008
907,-1009
908,-1009
909,-1009
910,-1009
911,-1010
912,-1011
913,-1012
914,-1012
915,-1012
916,-1012
917,-1013
918,-1014
919,-1014
920,-1014
921,-1015
922,-1015
923,-1016
924,-1017
925,-1017
926,-1017
927,-1017
928,-1018
929,-1018
930,-1019
931,-1019
932,-1020
933,-1020
934,-1020
935,-1020
936,-1021
936,-1022
937,-1022
938,-1022
939,-1022
940,-1023
941,-1023
942,-1023
943,-1023
944,-1024
945,-1025
946,-1025
947,-1025
948,-1025
949,-1026
950,-1026
951,-1027
952,-1027
953,-1027
954,-1027
955,-1027
956,-1028
957,-1029
958,-1029
959,-1029
960,-1029
961,-1030
962,-1030
963,-1030
964,-1030
965,-1030
966,-1030
967,-1030
968,-1030
969,-1031
970,-1031
971,-1031
972,-1031
973,-1032
974,-1032
975,-1032
976,-1032
977,-1032
978,-1032
979,-1032
980,-1032
981,-1032
982,-1032
983,-1032
984,-1033
985,-1033
986,-1033
987,-1033
988,-1034
989,-1034
990,-1034
991,-1034
992,-1034
993,-1033
993,-1032
994,-1031
995,-1031
995,-1030
995,-1029
995,-1028
996,-1027
997,-1027
998,-1027
999,-1027
1000,-1027
1001,-1027
1002,-1027
1003,-1027
1004,-1027
1005,-1027
1006,-1027
1006,-1026
1006,-1025
1006,-1024
1006,-1023
1005,-1022
1005,-1021
1004,-1020
1004,-1019
1003,-1018
1002,-1017
1002,-1016
1002,-1015
1003,-1014
1003,-1013
1003,-1012
1003,-1011
1003,-1010
1003,-1009
1002,-1008
1002,-1007
1002,-1006
1002,-1005
1001,-1004
1001,-1003
1000,-1002
999,-1001
999,-1000
998,-999
998,-998
997,-997
997,-996
996,-995
996,-994
995,-993
995,-992
995,-991
994,-990
994,-989
993,-988
993,-987
992,-986
992,-985
992,-984
991,-983
990,-982
990,-981
990,-980
990,-979
989,-978
989,-977
988,-976
988,-975
988,-974
987,-973
987,-972
987,-971
986,-970
986,-969
985,-968
985,-967
984,-966
984,-965
983,-964
983,-963
982,-962
982,-961
981,-960
981,-959
980,-958
980,-957
979,-956
979,-955
978,-954
978,-953
978,-952
977,-951
977,-950
976,-949
975,-948
975,-947
974,-946
974,-945
973,-944
973,-943
972,-942
972,-941
972,-940
971,-939
971,-938
970,-937
969,-936
969,-935
969,-934
968,-933
968,-932
968,-931
967,-930
967,-929
966,-928
966,-927
966,-926
966,-925
965,-924
965,-923
964,-922
964,-921
964,-920
963,-919
963,-918
962,-917
962,-916
961,-915
961,-914
960,-913
960,-912
960,-911
959,-910
959,-909
958,-908
958,-907
958,-906
957,-905
957,-904
957,-903
957,-902
956,-901
956,-900
955,-899
954,-898
954,-897
954,-896
954,-895
953,-894
953,-893
953,-892
953,-891
952,-890
952,-889
952,-888
951,-887
951,-886
951,-885
950,-884
950,-883
950,-882
949,-881
949,-880
949,-879
949,-878
948,-877
948,-876
948,-875
947,-874
947,-873
946,-872
946,-871
945,-870
945,-869
945,-868
944,-867
944,-866
944,-865
943,-864
943,-863
942,-862
942,-861
942,-860
942,-859
941,-858
941,-857
940,-856
940,-855
939,-854
939,-853
939,-852
938,-851
938,-850
937,-849
937,-848
936,-847
936,-846
936,-845
935,-844
935,-843
934,-842
934,-841
933,-840
933,-839
933,-838
932,-837
931,-836
931,-835
930,-834
930,-833
929,-832
929,-831
929,-830
928,-829
928,-828
927,-827
927,-826
926,-825
926,-824
925,-823
925,-822
924,-821
924,-820
923,-819
922,-818
922,-817
921,-816
921,-815
921,-814
920,-813
919,-812
919,-811
918,-810
917,-809
917,-808
916,-807
916,-806
915,-805
914,-804
914,-803
913,-802
913,-801
912,-800
911,-799
910,-798
910,-797
910,-796
909,-795
908,-794
908,-793
907,-792
906,-791
906,-790
905,-789
904,-788
904,-787
903,-786
902,-785
902,-784
901,-783
900,-782
899,-781
899,-780
898,-779
897,-778
896,-777
896,-776
895,-775
894,-774
893,-773
893,-772
892,-771
891,-770
890,-769
889,-768
889,-767
888,-766
887,-765
886,-764
885,-763
884,-762
883,-761
882,-760
881,-759
880,-758
879,-757
878,-756
877,-755
876,-754
875,-753
874,-752
873,-751
872,-750
871,-749
870,-748
869,-747
868,-746
867,-745
866,-744
865,-743
864,-742
863,-742
862,-741
861,-740
860,-739
859,-738
859,-737
858,-737
857,-736
856,-735
855,-734
854,-733
853,-732
852,-732
851,-731
850,-730
849,-729
848,-729
847,-728
847,-727
846,-726
845,-726
844,-725
843,-724
842,-723
841,-722
840,-721
839,-721
838,-720
837,-719
836,-718
835,-717
834,-717
833,-716
832,-715
831,-714
830,-713
829,-713
828,-712
827,-711
826,-710
825,-710
824,-709
823,-708
822,-707
821,-706
820,-706
819,-705
818,-704
817,-703
816,-703
815,-702
814,-702
813,-701
812,-700
811,-699
810,-699
809,-698
808,-697
807,-696
806,-696
805,-695
804,-694
803,-694
802,-693
801,-693
800,-692
799,-691
798,-690
797,-690
796,-689
795,-689
794,-688
793,-687
792,-687
791,-686
790,-686
789,-685
788,-684
787,-684
786,-683
785,-682
784,-682
783,-681
782,-681
781,-680
780,-679
779,-679
778,-678
777,-677
776,-677
775,-676
774,-675
773,-675
772,-674
771,-674
770,-673
769,-673
768,-672
767,-672
766,-671
765,-670
764,-670
763,-669
762,-669
761,-669
760,-668
759,-667
758,-666
757,-666
756,-666
755,-665
754,-665
753,-664
752,-664
751,-663
750,-663
749,-662
748,-662
747,-661
746,-661
745,-661
744,-660
743,-659
742,-659
741,-659
740,-658
739,-658
738,-657
737,-657
736,-657
735,-656
734,-656
733,-655
732,-655
731,-654
730,-654
729,-654
728,-654
727,-653
726,-653
725,-652
724,-652
723,-652
722,-651
721,-651
720,-651
719,-651
718,-650
717,-650
716,-650
715,-650
714,-650
713,-649
712,-649
711,-648
710,-648
709,-648
708,-647
707,-647
706,-647
705,-647
704,-647
703,-647
702,-647
701,-646
700,-646
699,-646
698,-646
697,-646
696,-645
695,-645
694,-645
693,-645
692,-644
691,-644
690,-644
689,-643
688,-643
687,-642
686,-642
685,-642
684,-642
683,-642
682,-642
681,-642
680,-641
679,-641
678,-640
677,-640
676,-640
675,-640
674,-639
673,-639
672,-639
671,-639
670,-639
669,-639
668,-638
667,-638
666,-638
665,-638
664,-637
663,-637
662,-637
661,-636
660,-635
659,-635
658,-634
657,-634
656,-633
655,-633
654,-632
653,-631
652,-630
651,-629
650,-628
649,-627
648,-627
647,-626
646,-625
645,-624
644,-623
643,-622
643,-621
642,-620
641,-619
640,-618
639,-617
638,-616
638,-615
637,-614
637,-613
636,-612
635,-611
635,-610
634,-609
633,-608
632,-607
632,-606
631,-606
630,-605
630,-604
629,-603
628,-602
628,-601
627,-600
626,-599
625,-598
625,-597
624,-596
623,-595
622,-594
622,-593
621,-592
620,-591
619,-590
619,-589
618,-588
617,-587
617,-586
616,-585
615,-584
614,-583
613,-582
613,-581
612,-580
611,-579
611,-578
610,-577
609,-576
608,-575
608,-574
607,-573
606,-572
605,-571
605,-570
604,-569
603,-568
603,-567
602,-566
601,-565
600,-564
600,-563
599,-562
598,-561
597,-560
597,-559
596,-558
595,-557
594,-556
594,-555
593,-554
592,-553
592,-552
591,-551
590,-550
589,-549
589,-548
588,-547
588,-546
587,-545
586,-544
585,-543
584,-542
584,-541
583,-540
582,-539
582,-538
581,-537
580,-536
580,-535
579,-534
578,-533
577,-532
576,-531
576,-530
575,-529
574,-528
574,-527
573,-526
572,-525
571,-524
571,-523
570,-522
569,-521
569,-520
568,-519
567,-518
567,-517
566,-516
565,-515
565,-514
564,-513
563,-512
563,-511
562,-510
562,-509
561,-508
561,-507
560,-506
559,-505
559,-504
558,-503
557,-502
557,-501
556,-500
555,-499
555,-498
554,-497
554,-496
553,-495
553,-494
552,-493
551,-492
551,-491
550,-490
550,-489
549,-488
548,-487
548,-486
547,-485
546,-484
545,-484
544,-484
543,-484
542,-484
541,-484
540,-484
539,-484
538,-484
538,-485
538,-486
537,-487
536,-488
535,-488
534,-488
533,-487
533,-486
532,-485
531,-485
530,-485
529,-485
528,-485
527,-485
526,-484
525,-484
524,-483
523,-483
522,-482
521,-482
520,-481
520,-480
520,-479
520,-478
520,-477
521,-476
522,-476
523,-476
524,-476
524,-475
524,-474
524,-473
524,-472
524,-471
523,-471
522,-471
521,-471
520,-470
520,-469
520,-468
519,-468
518,-468
517,-468
516,-468
515,-468
514,-468
513,-468
512,-468
511,-468
510,-467
509,-467
508,-467
507,-467
506,-467
505,-468
504,-468
503,-468
502,-468
501,-468
500,-468
499,-468
498,-468
497,-468
496,-468
495,-468
