508,-473
508,-474
508,-475
508,-476
508,-477
508,-478
508,-479
508,-480
508,-481
508,-482
508,-483
508,-484
508,-485
508,-486
508,-487
508,-488
508,-489
508,-490
508,-491
508,-492
508,-493
508,-494
508,-495
508,-496
508,-497
509,-498
509,-499
509,-500
509,-501
509,-502
509,-503
510,-504
510,-505
510,-506
510,-507
510,-508
510,-509
510,-510
510,-511
511,-512
511,-513
511,-514
511,-515
512,-516
512,-517
512,-518
512,-519
513,-520
513,-521
513,-522
513,-523
513,-524
514,-525
514,-526
515,-527
515,-528
515,-529
516,-530
516,-531
517,-532
517,-533
517,-534
517,-535
517,-536
518,-537
519,-538
519,-539
519,-540
519,-541
520,-542
520,-543
521,-544
522,-545
522,-546
522,-547
522,-548
522,-549
523,-550
523,-551
523,-552
524,-553
524,-554
524,-555
525,-556
525,-557
526,-558
526,-559
526,-560
526,-561
527,-562
527,-563
527,-564
527,-565
528,-566
528,-567
528,-568
529,-569
529,-570
529,-571
529,-572
530,-572
531,-573
531,-574
531,-575
531,-576
532,-577
532,-578
533,-579
533,-580
533,-581
533,-582
534,-582
535,-583
535,-584
535,-585
535,-586
536,-587
536,-588
536,-589
537,-590
537,-591
538,-592
538,-593
538,-594
539,-595
539,-596
540,-597
540,-598
541,-599
541,-600
541,-601
542,-602
542,-603
543,-604
543,-605
543,-606
543,-607
544,-608
544,-609
544,-610
545,-611
545,-612
545,-613
546,-614
547,-615
547,-616
547,-617
547,-618
548,-619
548,-620
548,-621
548,-622
548,-623
549,-624
549,-625
549,-626
550,-627
550,-628
550,-629
551,-630
551,-631
552,-632
552,-633
552,-634
553,-635
553,-636
553,-637
554,-638
555,-639
555,-640
555,-641
556,-642
556,-643
556,-644
557,-644
558,-645
558,-646
558,-647
559,-648
559,-649
559,-650
560,-651
560,-652
560,-653
561,-654
561,-655
562,-656
563,-657
563,-658
563,-659
564,-660
564,-661
564,-662
565,-663
566,-664
566,-665
567,-666
567,-667
567,-668
568,-669
568,-670
568,-671
569,-672
569,-673
570,-674
571,-675
571,-676
572,-677
572,-678
573,-679
573,-680
573,-681
573,-682
574,-682
575,-683
575,-684
575,-685
576,-686
576,-687
576,-688
577,-689
577,-690
577,-691
578,-692
579,-693
579,-694
580,-695
581,-696
582,-697
582,-698
582,-699
582,-700
583,-701
583,-702
584,-703
584,-704
585,-705
585,-706
586,-707
586,-708
587,-709
588,-710
588,-711
589,-712
589,-713
590,-714
591,-715
591,-716
592,-717
592,-718
592,-719
593,-720
594,-721
595,-722
596,-723
596,-724
596,-725
597,-726
598,-727
599,-728
599,-729
600,-730
601,-731
602,-732
603,-733
603,-734
604,-735
604,-736
605,-737
606,-738
606,-739
607,-740
608,-741
609,-742
609,-743
610,-744
611,-745
611,-746
612,-747
613,-748
613,-749
614,-750
614,-751
615,-752
615,-753
616,-754
617,-754
618,-755
618,-756
619,-757
619,-758
620,-758
621,-759
621,-760
622,-761
622,-762
623,-763
624,-764
624,-765
625,-766
626,-767
627,-768
627,-769
628,-769
629,-770
630,-771
630,-772
631,-773
632,-774
632,-775
633,-775
634,-776
635,-777
635,-778
636,-779
637,-780
638,-780
639,-780
640,-781
641,-782
642,-783
642,-784
643,-784
644,-784
645,-785
645,-786
646,-786
647,-787
648,-788
649,-789
650,-790
651,-791
652,-792
653,-793
653,-794
654,-794
655,-795
656,-796
657,-796
658,-797
659,-798
659,-799
660,-799
661,-800
662,-800
663,-801
663,-802
664,-802
665,-803
666,-804
667,-805
667,-806
668,-806
669,-807
670,-808
671,-809
672,-810
673,-811
674,-812
675,-812
676,-812
677,-813
677,-814
677,-815
677,-816
678,-816
679,-817
680,-818
681,-819
682,-820
683,-821
684,-821
685,-822
686,-823
687,-823
688,-824
689,-825
690,-825
691,-825
692,-826
693,-827
693,-828
694,-829
695,-830
695,-831
695,-832
696,-832
697,-832
698,-832
699,-832
700,-833
700,-834
700,-835
701,-836
702,-837
703,-837
704,-837
705,-838
705,-839
706,-840
707,-841
708,-841
709,-841
710,-842
710,-843
711,-843
712,-844
713,-844
714,-844
715,-845
716,-845
717,-846
717,-847
717,-848
718,-848
719,-849
720,-849
721,-849
722,-850
722,-851
723,-851
724,-852
724,-853
725,-854
726,-854
727,-854
728,-854
729,-855
730,-856
731,-857
732,-857
733,-857
734,-858
735,-859
736,-859
737,-860
738,-861
739,-861
740,-861
741,-862
742,-863
743,-864
743,-865
744,-865
745,-865
746,-866
747,-867
748,-867
749,-868
750,-869
751,-870
752,-870
753,-871
754,-872
755,-872
756,-872
757,-872
758,-872
759,-873
760,-874
761,-875
761,-876
762,-876
763,-877
764,-877
765,-877
766,-877
767,-878
767,-879
768,-879
769,-879
770,-880
771,-880
772,-881
773,-882
774,-882
775,-882
776,-882
777,-883
777,-884
778,-884
779,-884
780,-884
781,-885
782,-885
783,-885
784,-886
785,-886
786,-886
787,-886
788,-887
789,-887
790,-887
791,-887
792,-888
793,-888
794,-889
795,-889
796,-889
797,-890
798,-890
799,-890
800,-890
801,-890
802,-890
803,-890
804,-891
805,-891
806,-891
807,-892
808,-892
809,-892
810,-892
811,-893
812,-893
813,-893
814,-893
815,-894
816,-894
817,-894
818,-894
819,-894
820,-895
821,-895
822,-896
823,-896
824,-896
825,-897
826,-897
827,-898
828,-898
829,-899
830,-900
831,-900
832,-901
833,-902
834,-902
835,-903
835,-904
836,-904
837,-905
837,-906
838,-906
839,-907
839,-908
839,-909
840,-910
841,-911
842,-912
843,-913
844,-914
844,-915
845,-916
845,-917
846,-917
847,-917
848,-918
848,-919
848,-920
849,-921
849,-922
850,-923
850,-924
851,-924
852,-924
853,-925
853,-926
853,-927
854,-928
854,-929
854,-930
855,-930
856,-930
857,-931
857,-932
858,-933
859,-933
860,-934
861,-935
861,-936
862,-937
862,-938
863,-939
864,-939
865,-939
866,-940
867,-941
868,-942
868,-943
869,-944
870,-944
871,-945
871,-946
871,-947
872,-947
873,-948
873,-949
873,-950
874,-950
875,-950
876,-951
876,-952
876,-953
877,-953
878,-953
879,-953
880,-954
880,-955
881,-955
882,-955
883,-956
884,-957
884,-958
884,-959
884,-960
884,-961
884,-962
885,-962
886,-962
887,-962
888,-963
888,-964
888,-965
888,-966
888,-967
889,-967
890,-967
891,-967
892,-967
893,-967
894,-967
895,-967
896,-968
896,-969
897,-969
898,-970
898,-971
899,-971
900,-971
901,-971
902,-971
903,-972
903,-973
903,-974
903,-975
904,-975
905,-976
905,-977
905,-978
905,-979
906,-980
907,-980
908,-980
909,-981
910,-981
911,-981
912,-982
912,-983
912,-984
911,-985
910,-985
909,-985
908,-985
907,-985
906,-985
905,-985
904,-985
904,-986
904,-987
904,-988
904,-989
904,-990
905,-990
906,-990
907,-990
908,-990
909,-990
910,-991
910,-992
910,-993
910,-994
910,-995
910,-996
910,-997
910,-998
910,-999
910,-1000
910,-1001
910,-1002
910,-1003
910,-1004
910,-1005
910,-1006
911,-1006
912,-1006
913,-1006
914,-1007
915,-1007
916,-1007
917,-1007
918,-1007
919,-1007
920,-1008
921,-1009
922,-1009
923,-1010
924,-1011
924,-1012
924,-1013
924,-1014
924,-1015
925,-1015
926,-1015
927,-1015
928,-1015
929,-1015
930,-1015
931,-1015
932,-1016
933,-1017
933,-1018
933,-1019
934,-1019
935,-1020
936,-1020
937,-1020
938,-1020
939,-1020
940,-1020
941,-1020
942,-1021
943,-1022
943,-1023
943,-1024
943,-1025
943,-1026
944,-1027
945,-1028
945,-1029
946,-1029
947,-1029
948,-1029
949,-1029
950,-1029
950,-1028
951,-1027
952,-1027
953,-1027
954,-1026
954,-1025
954,-1024
954,-1023
954,-1022
955,-1021
956,-1021
957,-1021
958,-1020
959,-1019
960,-1019
961,-1019
962,-1019
963,-1019
964,-1019
965,-1019
966,-1019
967,-1019
968,-1020
969,-1020
970,-1021
970,-1022
971,-1022
972,-1022
973,-1023
974,-1024
975,-1025
975,-1026
975,-1027
976,-1027
977,-1027
978,-1027
979,-1027
980,-1027
981,-1027
982,-1027
983,-1027
984,-1027
985,-1027
986,-1027
986,-1026
986,-1025
987,-1024
988,-1024
989,-1024
990,-1024
991,-1024
991,-1023
991,-1022
991,-1021
991,-1020
991,-1019
991,-1018
991,-1017
991,-1016
991,-1015
991,-1014
991,-1013
991,-1012
991,-1011
990,-1010
990,-1009
990,-1008
990,-1007
990,-1006
990,-1005
990,-1004
989,-1004
988,-1004
987,-1003
986,-1002
985,-1002
984,-1001
984,-1000
984,-999
985,-998
985,-997
985,-996
985,-995
986,-994
987,-993
988,-993
989,-992
990,-992
990,-991
991,-990
992,-989
993,-988
993,-987
993,-986
993,-985
993,-984
993,-983
993,-982
992,-981
991,-980
991,-979
990,-979
989,-979
988,-978
988,-977
987,-976
986,-975
985,-974
984,-973
983,-972
982,-971
981,-970
980,-969
979,-968
978,-967
977,-967
976,-966
975,-965
974,-964
973,-963
972,-962
971,-961
970,-960
969,-959
968,-958
967,-957
966,-957
965,-956
965,-955
964,-955
963,-954
962,-953
961,-952
960,-951
959,-950
958,-949
957,-948
956,-947
956,-946
955,-945
954,-944
953,-943
952,-942
951,-941
950,-940
949,-939
948,-939
947,-938
946,-937
945,-936
945,-935
944,-934
943,-933
942,-932
941,-931
940,-930
939,-929
938,-928
937,-927
936,-926
935,-925
935,-924
934,-923
933,-922
932,-921
931,-920
930,-919
929,-918
928,-917
928,-916
927,-915
926,-914
926,-913
925,-912
924,-911
924,-910
923,-909
922,-908
922,-907
921,-906
920,-905
920,-904
919,-903
919,-902
918,-901
917,-900
917,-899
917,-898
916,-897
916,-896
916,-895
915,-894
915,-893
914,-892
914,-891
914,-890
913,-889
913,-888
913,-887
913,-886
912,-885
911,-884
911,-883
911,-882
911,-881
911,-880
910,-879
910,-878
909,-877
909,-876
909,-875
908,-874
908,-873
908,-872
907,-871
907,-870
907,-869
906,-868
906,-867
906,-866
906,-865
906,-864
905,-863
905,-862
905,-861
904,-860
904,-859
904,-858
904,-857
904,-856
903,-855
903,-854
903,-853
903,-852
903,-851
902,-850
902,-849
902,-848
902,-847
902,-846
902,-845
901,-844
901,-843
901,-842
901,-841
901,-840
901,-839
900,-838
900,-837
900,-836
900,-835
900,-834
900,-833
900,-832
900,-831
899,-830
899,-829
899,-828
899,-827
899,-826
899,-825
899,-824
899,-823
899,-822
899,-821
899,-820
898,-819
898,-818
898,-817
898,-816
898,-815
898,-814
898,-813
898,-812
897,-811
897,-810
897,-809
897,-808
897,-807
896,-806
896,-805
896,-804
896,-803
896,-802
896,-801
895,-800
895,-799
895,-798
894,-797
894,-796
893,-795
893,-794
893,-793
893,-792
893,-791
893,-790
893,-789
892,-788
892,-787
891,-786
891,-785
891,-784
891,-783
891,-782
890,-781
890,-780
889,-779
889,-778
889,-777
889,-776
889,-775
888,-774
888,-773
888,-772
888,-771
887,-770
887,-769
887,-768
886,-767
886,-766
886,-765
886,-764
885,-763
885,-762
884,-761
884,-760
883,-759
883,-758
882,-757
882,-756
881,-755
881,-754
880,-753
880,-752
880,-751
879,-750
879,-749
878,-748
878,-747
878,-746
877,-745
877,-744
877,-743
876,-742
876,-741
875,-740
874,-739
874,-738
874,-737
873,-736
873,-735
872,-734
872,-733
872,-732
871,-731
870,-730
870,-729
870,-728
869,-727
869,-726
868,-725
867,-724
867,-723
866,-722
866,-721
866,-720
865,-719
865,-718
864,-717
863,-716
863,-715
863,-714
862,-713
861,-712
861,-711
861,-710
860,-709
859,-708
859,-707
858,-706
858,-705
857,-704
857,-703
857,-702
856,-701
855,-700
854,-699
854,-698
853,-697
853,-696
853,-695
852,-694
851,-693
850,-692
850,-691
849,-690
849,-689
848,-688
848,-687
847,-686
846,-685
846,-684
845,-683
845,-682
844,-681
843,-680
842,-679
842,-678
841,-677
840,-676
840,-675
839,-674
838,-673
838,-672
837,-671
837,-670
836,-669
835,-668
834,-667
834,-666
833,-665
832,-664
832,-663
831,-662
830,-661
830,-660
829,-659
828,-658
828,-657
827,-656
826,-655
825,-654
825,-653
824,-652
823,-651
823,-650
822,-649
821,-648
820,-647
819,-646
819,-645
818,-644
817,-643
817,-642
816,-641
815,-640
814,-639
813,-638
812,-637
811,-636
810,-635
810,-634
809,-633
808,-632
808,-631
807,-630
806,-629
805,-628
804,-627
803,-627
802,-626
801,-625
800,-624
799,-623
798,-622
797,-622
796,-621
795,-621
794,-621
793,-620
792,-620
791,-619
790,-618
789,-618
788,-617
787,-617
786,-616
785,-616
784,-615
783,-614
782,-614
781,-613
780,-613
779,-612
778,-611
777,-611
776,-610
775,-610
774,-609
773,-608
772,-608
771,-607
770,-606
769,-606
768,-605
767,-605
766,-604
765,-604
764,-603
763,-602
762,-602
761,-601
760,-600
759,-599
758,-599
757,-598
757,-597
757,-596
758,-595
759,-595
760,-595
761,-594
762,-594
763,-594
764,-594
764,-593
764,-592
764,-591
764,-590
763,-589
762,-589
761,-588
760,-587
759,-586
758,-585
757,-584
756,-583
755,-582
754,-581
753,-581
752,-580
752,-579
751,-578
750,-577
749,-576
748,-575
747,-574
746,-573
745,-573
744,-572
743,-571
742,-570
741,-569
740,-569
739,-568
738,-567
737,-566
736,-565
735,-565
734,-564
733,-563
732,-562
731,-562
730,-561
729,-560
728,-560
727,-559
727,-558
726,-557
725,-557
724,-557
723,-556
722,-555
721,-555
720,-554
719,-554
718,-553
717,-553
716,-552
715,-552
714,-551
713,-551
712,-550
711,-550
710,-549
709,-549
708,-548
707,-547
706,-547
705,-546
704,-546
703,-546
702,-546
701,-545
700,-544
699,-544
698,-543
697,-542
696,-542
695,-541
694,-541
693,-540
692,-539
691,-539
690,-538
689,-538
688,-537
687,-537
686,-536
685,-536
684,-535
683,-534
682,-534
681,-534
680,-534
679,-533
678,-533
677,-532
676,-531
675,-531
674,-531
673,-530
672,-530
671,-530
670,-529
669,-529
668,-528
667,-527
666,-527
665,-526
664,-526
663,-525
662,-525
661,-524
660,-524
659,-523
658,-523
657,-522
656,-522
655,-521
654,-521
653,-521
652,-520
651,-520
650,-520
649,-519
648,-519
647,-518
646,-518
645,-518
644,-517
643,-517
642,-516
641,-516
640,-516
639,-515
638,-515
637,-514
636,-514
635,-514
634,-513
633,-513
632,-512
631,-512
630,-512
629,-511
628,-511
627,-511
626,-510
625,-510
624,-510
623,-510
622,-509
621,-508
620,-508
619,-507
618,-507
617,-507
616,-507
615,-507
614,-507
613,-506
612,-506
611,-505
610,-504
609,-504
608,-504
607,-504
606,-503
605,-503
604,-503
603,-503
602,-503
601,-502
600,-502
599,-501
598,-501
597,-501
596,-500
595,-500
594,-500
593,-500
592,-500
591,-499
590,-499
589,-499
588,-498
587,-498
586,-498
585,-498
584,-497
583,-497
582,-496
581,-496
580,-496
579,-496
578,-496
577,-495
576,-495
575,-494
574,-494
573,-494
572,-493
571,-493
570,-493
569,-493
568,-492
567,-492
566,-492
565,-491
564,-491
563,-491
562,-491
561,-490
560,-490
559,-490
558,-490
557,-489
556,-489
555,-488
554,-488
553,-488
552,-488
551,-487
550,-487
549,-486
548,-486
547,-486
546,-485
545,-485
544,-485
543,-484
542,-484
541,-483
540,-483
539,-483
538,-482
537,-482
536,-481
535,-481
534,-480
533,-480
532,-479
531,-479
530,-478
529,-478
528,-478
527,-477
526,-477
525,-477
524,-476
523,-476
522,-475
521,-475
520,-474
519,-474
518,-473
517,-473
516,-473
515,-472
514,-472
513,-472
512,-472
511,-472
510,-472
509,-472
508,-473
