375,-670
375,-671
375,-672
375,-673
375,-674
375,-675
375,-676
375,-677
375,-678
375,-679
375,-680
375,-681
375,-682
376,-682
377,-683
378,-683
379,-683
380,-684
380,-685
380,-686
380,-687
381,-688
381,-689
381,-690
380,-691
380,-692
380,-693
380,-694
380,-695
380,-696
381,-697
381,-698
381,-699
381,-700
382,-700
383,-700
384,-701
385,-701
386,-702
387,-702
388,-702
389,-702
390,-702
391,-702
392,-702
393,-703
394,-703
395,-703
396,-704
397,-704
398,-704
399,-704
400,-704
401,-705
402,-705
403,-705
404,-705
405,-705
406,-706
406,-707
407,-708
408,-708
409,-708
410,-708
411,-708
412,-707
413,-707
414,-707
415,-707
416,-708
417,-708
418,-708
419,-708
420,-708
421,-709
422,-709
423,-709
424,-709
425,-709
426,-710
427,-710
428,-711
429,-711
430,-711
431,-712
432,-712
433,-712
434,-712
435,-712
436,-713
437,-713
438,-713
439,-713
440,-713
441,-713
442,-714
443,-714
444,-714
445,-714
446,-715
447,-715
448,-715
449,-715
450,-715
451,-716
452,-717
453,-717
454,-717
455,-717
456,-717
457,-718
458,-718
459,-718
460,-718
461,-718
462,-719
463,-719
464,-719
465,-719
466,-719
467,-720
468,-720
469,-720
470,-720
471,-720
472,-720
473,-720
474,-720
475,-721
476,-721
477,-722
477,-723
478,-723
479,-724
480,-724
481,-724
482,-724
483,-724
484,-724
485,-724
486,-725
487,-725
488,-725
489,-725
490,-725
491,-725
492,-726
493,-726
494,-726
495,-727
496,-727
497,-727
498,-727
499,-727
500,-728
500,-729
501,-729
502,-729
503,-729
504,-729
505,-730
506,-730
507,-730
508,-731
509,-731
510,-731
511,-731
512,-731
513,-732
514,-732
515,-732
516,-732
517,-733
518,-733
519,-733
520,-733
521,-734
522,-734
523,-734
524,-735
525,-735
526,-735
527,-735
528,-736
529,-736
530,-736
531,-736
532,-736
533,-736
534,-737
535,-738
536,-738
537,-738
538,-739
539,-739
540,-739
541,-739
542,-739
543,-739
544,-740
545,-740
546,-741
547,-741
548,-741
549,-741
550,-741
551,-741
552,-742
553,-742
554,-742
555,-742
556,-742
557,-742
558,-743
559,-743
560,-743
561,-743
562,-743
563,-744
564,-744
565,-744
566,-744
567,-745
568,-745
569,-746
570,-746
571,-746
572,-746
573,-746
574,-747
575,-747
576,-748
577,-749
578,-749
579,-749
580,-749
581,-749
582,-749
583,-750
584,-750
585,-750
586,-751
587,-751
588,-752
589,-752
590,-753
591,-753
592,-754
593,-755
594,-756
595,-756
596,-757
596,-758
597,-758
598,-759
598,-760
599,-760
600,-760
601,-761
602,-762
603,-763
603,-764
604,-765
605,-765
606,-766
607,-767
607,-768
607,-769
608,-770
609,-771
610,-771
611,-772
612,-772
613,-773
613,-774
614,-775
614,-776
615,-777
615,-778
616,-779
617,-780
618,-781
619,-781
620,-782
620,-783
620,-784
621,-784
622,-785
623,-786
624,-787
625,-788
625,-789
626,-790
627,-791
627,-792
627,-793
628,-793
629,-794
629,-795
630,-795
631,-795
632,-796
632,-797
633,-797
634,-798
634,-799
635,-799
636,-800
637,-801
638,-802
639,-802
640,-803
640,-804
641,-804
642,-805
643,-806
643,-807
644,-807
645,-807
646,-808
646,-809
646,-810
647,-810
648,-810
649,-811
650,-811
651,-812
652,-813
653,-814
653,-815
654,-816
655,-816
656,-816
657,-817
658,-818
658,-819
659,-820
660,-820
661,-820
662,-820
663,-821
663,-822
663,-823
664,-823
665,-823
666,-824
667,-824
668,-825
669,-826
670,-827
671,-827
672,-827
673,-827
674,-828
675,-829
675,-830
676,-830
677,-830
678,-831
678,-832
679,-833
680,-833
681,-833
682,-833
683,-834
684,-834
685,-835
686,-836
687,-836
688,-837
689,-837
690,-837
691,-837
692,-838
693,-839
694,-839
695,-839
696,-839
697,-840
697,-841
697,-842
697,-843
698,-843
699,-843
700,-844
701,-844
702,-844
703,-845
703,-846
704,-846
705,-846
706,-846
707,-846
708,-846
709,-847
710,-847
711,-848
712,-849
712,-850
713,-850
714,-850
715,-851
716,-851
717,-851
718,-851
719,-851
720,-852
720,-853
721,-853
722,-854
723,-854
724,-854
725,-854
726,-854
727,-854
728,-854
729,-854
730,-855
731,-855
732,-856
732,-857
733,-857
734,-857
735,-857
736,-857
737,-858
737,-859
738,-859
739,-859
740,-860
741,-861
742,-861
743,-861
744,-862
745,-863
746,-863
747,-863
748,-863
749,-863
750,-863
751,-863
752,-863
753,-864
753,-865
754,-865
755,-865
756,-865
757,-866
758,-866
759,-866
760,-866
761,-867
762,-867
763,-867
764,-867
765,-867
766,-867
767,-867
768,-868
768,-869
769,-869
770,-869
771,-869
772,-870
773,-871
774,-871
775,-871
776,-871
777,-871
778,-871
779,-871
780,-871
781,-871
782,-871
783,-871
784,-872
785,-872
786,-872
787,-873
788,-873
789,-873
790,-873
791,-874
792,-874
793,-874
794,-874
795,-875
796,-875
797,-875
798,-875
799,-875
800,-875
801,-875
802,-875
803,-875
804,-876
805,-876
806,-876
807,-876
808,-876
809,-876
810,-875
811,-875
812,-875
813,-876
814,-876
815,-876
816,-876
817,-876
818,-876
819,-876
820,-877
821,-877
822,-877
823,-878
824,-878
825,-878
826,-878
827,-878
828,-878
829,-878
830,-878
831,-878
832,-878
833,-878
834,-878
835,-878
836,-878
837,-879
838,-879
839,-879
840,-879
841,-879
842,-879
843,-879
844,-880
845,-880
846,-880
847,-880
848,-880
849,-880
850,-880
851,-879
852,-879
853,-879
854,-880
855,-880
856,-880
857,-880
858,-880
859,-880
860,-880
861,-880
862,-880
863,-880
864,-880
865,-880
866,-880
867,-880
868,-880
869,-880
870,-880
871,-880
872,-880
873,-880
874,-880
875,-880
876,-880
877,-880
878,-880
879,-880
880,-880
881,-880
882,-880
883,-879
884,-878
885,-878
886,-878
887,-878
888,-878
889,-878
890,-878
891,-878
892,-878
893,-878
894,-878
895,-878
896,-879
897,-879
898,-879
899,-879
900,-879
901,-878
902,-878
903,-878
904,-878
905,-878
906,-877
907,-877
908,-877
909,-877
910,-877
911,-877
912,-877
913,-876
914,-876
915,-876
916,-876
917,-876
918,-876
919,-876
920,-876
921,-876
922,-875
923,-875
924,-875
925,-875
926,-874
927,-874
928,-874
929,-874
930,-874
931,-873
932,-873
933,-873
934,-872
935,-872
936,-872
937,-872
938,-871
939,-871
940,-871
941,-871
942,-870
943,-870
944,-870
945,-870
946,-869
947,-869
948,-869
949,-869
950,-869
951,-869
952,-868
953,-868
954,-868
955,-868
956,-868
956,-867
956,-866
956,-865
956,-864
957,-863
957,-862
957,-861
958,-860
959,-860
960,-860
961,-860
962,-861
963,-861
964,-861
965,-861
966,-861
967,-861
968,-860
969,-860
970,-859
971,-859
972,-858
973,-858
974,-858
975,-858
976,-858
977,-857
978,-857
979,-856
980,-856
981,-855
982,-854
983,-854
984,-854
985,-854
986,-854
987,-854
988,-853
989,-853
990,-853
991,-852
992,-852
993,-852
994,-852
995,-851
995,-850
996,-849
997,-849
998,-848
999,-848
1000,-848
1001,-847
1002,-847
1002,-846
1002,-845
1002,-844
1003,-843
1004,-842
1005,-842
1006,-841
1007,-841
1008,-841
1009,-841
1010,-841
1011,-842
1011,-843
1012,-843
1013,-843
1014,-843
1015,-843
1016,-842
1017,-842
1018,-841
1019,-840
1020,-840
1021,-840
1022,-840
1023,-840
1024,-840
1025,-839
1026,-839
1027,-839
1028,-839
1029,-839
1030,-838
1031,-838
1032,-838
1033,-837
1034,-837
1035,-836
1036,-835
1037,-835
1038,-835
1039,-835
1040,-835
1041,-835
1042,-834
1043,-834
1044,-833
1045,-833
1046,-832
1047,-832
1048,-831
1049,-831
1050,-831
1051,-831
1052,-831
1053,-830
1054,-830
1055,-829
1056,-829
1057,-829
1058,-828
1059,-828
1060,-828
1061,-828
1062,-828
1063,-828
1064,-827
1065,-827
1066,-827
1067,-826
1068,-826
1069,-825
1070,-824
1071,-824
1072,-824
1073,-824
1074,-824
1075,-824
1076,-824
1077,-824
1078,-824
1079,-824
1080,-824
1081,-824
1082,-823
1083,-823
1084,-823
1085,-822
1086,-822
1087,-822
1088,-822
1089,-822
1090,-822
1091,-821
1092,-821
1093,-821
1094,-820
1095,-820
1096,-820
1097,-819
1098,-819
1099,-819
1100,-819
1101,-818
1102,-818
1103,-818
1104,-818
1105,-818
1106,-818
1107,-817
1108,-817
1109,-817
1110,-817
1111,-817
1112,-817
1113,-817
1114,-817
1114,-816
1115,-815
1116,-815
1117,-815
1118,-814
1119,-813
1120,-813
1121,-813
1122,-813
1122,-812
1123,-811
1124,-811
1125,-811
1126,-811
1127,-811
1127,-810
1127,-809
1127,-808
1127,-807
1127,-806
1127,-805
1126,-805
1125,-805
1124,-804
1123,-803
1123,-802
1123,-801
1123,-800
1122,-800
1121,-799
1121,-798
1121,-797
1121,-796
1121,-795
1121,-794
1121,-793
1121,-792
1121,-791
1120,-790
1119,-789
1118,-788
1117,-787
1117,-786
1116,-786
1115,-785
1115,-784
1114,-783
1113,-783
1112,-782
1112,-781
1111,-780
1110,-779
1109,-778
1108,-778
1107,-777
1106,-776
1106,-775
1105,-775
1104,-774
1103,-773
1103,-772
1102,-771
1101,-770
1100,-770
1099,-769
1098,-768
1097,-767
1096,-766
1095,-766
1094,-765
1093,-764
1092,-764
1091,-763
1090,-762
1089,-761
1088,-761
1087,-760
1086,-759
1085,-758
1084,-757
1083,-757
1082,-756
1081,-755
1080,-754
1079,-753
1078,-753
1077,-752
1076,-751
1075,-750
1074,-750
1073,-749
1072,-749
1071,-748
1070,-747
1069,-746
1069,-745
1068,-744
1067,-744
1066,-744
1065,-743
1064,-743
1063,-743
1062,-742
1061,-741
1061,-740
1060,-739
1059,-739
1058,-738
1057,-738
1056,-737
1055,-736
1055,-735
1054,-735
1053,-734
1052,-734
1051,-733
1050,-732
1049,-731
1048,-731
1047,-730
1046,-729
1045,-728
1044,-728
1043,-727
1042,-726
1041,-725
1040,-725
1039,-724
1038,-723
1037,-723
1036,-722
1035,-721
1034,-721
1033,-720
1033,-719
1032,-718
1031,-718
1030,-718
1029,-717
1029,-716
1028,-715
1027,-714
1026,-714
1025,-713
1024,-712
1023,-711
1022,-711
1021,-710
1020,-709
1019,-708
1018,-707
1017,-706
1016,-706
1015,-705
1014,-704
1013,-703
1012,-703
1011,-702
1010,-701
1009,-700
1008,-700
1007,-699
1007,-698
1006,-698
1005,-698
1004,-697
1004,-696
1003,-695
1002,-694
1001,-694
1000,-694
999,-693
998,-692
997,-691
996,-691
995,-690
994,-690
993,-689
992,-688
991,-687
990,-687
989,-686
988,-686
987,-685
986,-684
985,-684
984,-683
983,-682
982,-682
981,-681
980,-680
979,-680
978,-679
977,-678
976,-678
975,-677
974,-677
973,-676
972,-675
971,-675
970,-674
969,-673
968,-673
967,-672
966,-671
965,-671
964,-670
963,-670
962,-670
961,-669
960,-668
959,-668
958,-667
957,-667
956,-666
955,-666
954,-665
953,-665
952,-664
951,-664
950,-663
949,-662
948,-662
947,-661
946,-660
945,-660
944,-660
943,-659
942,-658
941,-658
940,-658
939,-657
938,-657
937,-656
936,-656
935,-655
934,-655
933,-654
932,-654
931,-654
930,-653
929,-653
928,-652
927,-652
926,-651
925,-651
924,-650
923,-650
922,-649
921,-649
920,-648
919,-648
918,-648
917,-647
916,-646
915,-646
914,-646
913,-645
912,-645
911,-645
910,-644
909,-644
908,-643
907,-643
906,-643
905,-642
904,-642
903,-642
902,-641
901,-641
900,-640
899,-639
898,-639
897,-639
896,-638
895,-638
894,-638
893,-638
892,-637
891,-637
890,-637
889,-636
888,-636
887,-636
886,-635
885,-635
884,-635
883,-634
882,-634
881,-634
880,-634
879,-633
878,-633
877,-633
876,-632
875,-632
874,-632
873,-632
872,-631
871,-631
870,-631
869,-631
868,-630
867,-630
866,-630
865,-630
864,-630
863,-629
862,-629
861,-629
860,-629
859,-628
858,-628
857,-628
856,-628
855,-628
854,-628
853,-627
852,-627
851,-627
850,-627
849,-627
848,-627
847,-627
846,-627
845,-627
844,-626
843,-626
842,-626
841,-626
840,-626
839,-626
838,-625
837,-625
836,-625
835,-625
834,-624
833,-624
832,-624
831,-624
830,-624
829,-624
828,-624
827,-623
826,-623
825,-623
824,-623
823,-623
822,-623
821,-623
820,-623
819,-622
818,-622
817,-622
816,-622
815,-622
814,-622
813,-622
812,-622
811,-622
810,-622
809,-622
808,-622
807,-622
806,-622
805,-622
804,-622
803,-622
802,-622
801,-622
800,-622
799,-622
798,-622
797,-622
796,-622
795,-622
794,-622
793,-622
792,-622
791,-622
790,-622
789,-622
788,-622
787,-622
786,-622
785,-622
784,-622
783,-622
782,-622
781,-622
780,-622
779,-622
778,-622
777,-622
776,-622
775,-622
774,-622
773,-622
772,-622
771,-623
770,-623
769,-623
768,-623
767,-623
766,-623
765,-623
764,-623
763,-623
762,-623
761,-623
760,-623
759,-624
758,-624
757,-624
756,-624
755,-624
754,-624
753,-625
752,-625
751,-625
750,-625
749,-625
748,-625
747,-625
746,-625
745,-625
744,-625
743,-626
742,-626
741,-626
740,-626
739,-627
738,-627
737,-627
736,-627
735,-627
734,-627
733,-627
732,-627
731,-627
730,-627
729,-628
728,-628
727,-628
726,-628
725,-629
724,-629
723,-629
722,-629
721,-629
720,-630
719,-630
718,-630
717,-630
716,-630
715,-631
714,-631
713,-631
712,-631
711,-631
710,-632
709,-632
708,-632
707,-632
706,-633
705,-634
704,-634
703,-634
702,-634
701,-635
700,-635
699,-636
698,-636
697,-636
696,-636
695,-636
694,-636
693,-637
692,-637
691,-638
690,-638
689,-638
688,-638
687,-638
686,-638
685,-639
684,-639
683,-639
682,-640
681,-640
680,-641
679,-641
678,-642
677,-642
676,-642
675,-642
674,-643
673,-643
672,-643
671,-644
670,-644
669,-644
668,-645
667,-646
666,-646
665,-647
664,-648
663,-648
662,-648
661,-649
660,-649
659,-649
658,-650
657,-651
656,-651
655,-651
654,-652
653,-652
652,-653
651,-654
650,-654
649,-654
648,-655
647,-655
646,-656
645,-656
644,-657
643,-658
642,-659
641,-659
640,-659
639,-660
638,-661
637,-661
636,-662
635,-662
634,-663
633,-664
632,-664
631,-665
630,-665
629,-666
628,-666
627,-667
626,-667
625,-668
624,-669
623,-669
622,-669
621,-670
620,-670
619,-671
618,-671
617,-672
616,-672
615,-673
614,-673
613,-674
612,-675
611,-675
610,-675
609,-675
608,-676
607,-676
606,-677
605,-678
604,-678
603,-678
602,-678
601,-679
600,-679
599,-679
598,-679
597,-680
596,-680
595,-681
594,-681
593,-682
592,-682
591,-683
590,-683
589,-683
588,-683
587,-683
586,-683
585,-683
584,-683
583,-683
582,-684
581,-684
580,-684
579,-684
578,-684
577,-684
576,-684
575,-684
574,-684
573,-684
572,-684
571,-684
570,-684
569,-684
568,-683
567,-683
566,-683
565,-683
564,-682
563,-682
562,-682
561,-682
560,-682
559,-682
558,-682
557,-682
556,-682
555,-682
554,-682
553,-681
552,-681
551,-681
550,-681
549,-680
548,-680
547,-680
546,-680
545,-680
544,-680
543,-680
542,-680
541,-679
540,-679
539,-678
538,-678
537,-678
536,-678
535,-678
534,-677
533,-676
532,-676
531,-676
530,-676
529,-676
528,-675
527,-675
526,-675
525,-674
524,-674
523,-674
522,-674
521,-674
520,-673
519,-673
518,-673
517,-673
516,-672
515,-672
514,-672
513,-672
512,-672
511,-671
510,-671
509,-671
508,-671
507,-670
506,-670
505,-670
504,-669
503,-669
502,-669
501,-668
500,-668
499,-668
498,-668
497,-667
496,-667
495,-667
494,-667
493,-666
492,-666
491,-666
490,-666
489,-665
488,-665
487,-665
486,-664
485,-664
484,-664
483,-664
482,-663
481,-663
480,-663
479,-663
478,-662
477,-662
476,-662
475,-661
474,-661
473,-661
472,-661
471,-660
470,-660
469,-660
468,-659
467,-659
466,-659
465,-658
464,-658
463,-657
462,-657
461,-657
460,-657
459,-656
458,-656
457,-656
456,-655
455,-655
454,-655
453,-654
452,-654
451,-654
450,-653
449,-653
448,-653
447,-652
446,-652
445,-652
444,-652
443,-651
442,-651
441,-651
440,-650
439,-650
438,-650
437,-650
436,-650
435,-649
434,-649
433,-648
432,-647
431,-647
430,-647
429,-647
428,-647
427,-646
426,-646
425,-646
424,-646
423,-645
422,-645
421,-644
420,-644
419,-643
418,-643
417,-643
416,-642
415,-641
414,-641
413,-641
412,-640
411,-640
410,-640
409,-640
408,-639
407,-638
406,-638
405,-637
404,-637
403,-637
402,-636
401,-636
400,-636
399,-635
398,-635
397,-635
396,-635
395,-635
394,-635
394,-636
393,-637
392,-638
392,-639
392,-640
391,-641
391,-642
390,-643
389,-644
388,-645
388,-646
387,-647
386,-648
386,-649
385,-650
385,-651
384,-652
383,-653
382,-654
381,-654
380,-655
379,-656
378,-657
378,-658
378,-659
377,-660
377,-661
376,-662
376,-663
376,-664
376,-665
376,-666
376,-667
376,-668
376,-669
375,-670
