469,-532
469,-533
469,-534
469,-535
469,-536
469,-537
469,-538
470,-538
471,-539
471,-540
472,-541
473,-542
474,-542
475,-542
476,-543
477,-543
478,-543
479,-544
479,-545
480,-545
481,-545
482,-545
483,-545
484,-546
485,-547
486,-547
487,-548
488,-548
489,-548
490,-549
491,-549
492,-549
493,-550
493,-551
493,-552
494,-553
495,-554
496,-554
497,-555
497,-556
497,-557
497,-558
498,-558
499,-559
500,-560
500,-561
501,-561
502,-561
503,-561
504,-562
505,-563
506,-563
507,-564
508,-565
509,-565
510,-565
511,-566
512,-566
513,-566
514,-566
515,-566
516,-566
517,-566
518,-566
519,-567
519,-568
519,-569
519,-570
520,-570
521,-571
522,-572
523,-572
524,-572
525,-572
526,-572
527,-573
527,-574
528,-574
529,-574
530,-575
531,-576
532,-576
533,-576
534,-576
535,-577
536,-578
537,-578
538,-578
539,-578
540,-579
541,-580
542,-581
543,-581
544,-581
545,-582
546,-582
547,-583
548,-583
549,-583
550,-583
551,-584
551,-585
552,-585
553,-586
554,-587
554,-588
554,-589
555,-589
556,-589
557,-589
558,-589
559,-589
560,-590
561,-590
562,-591
562,-592
563,-592
564,-592
565,-592
566,-593
567,-594
568,-595
568,-596
568,-597
568,-598
568,-599
568,-600
568,-601
569,-601
570,-601
571,-602
572,-602
573,-602
574,-602
575,-602
576,-603
576,-604
576,-605
576,-606
577,-606
578,-607
579,-607
580,-607
581,-607
582,-608
583,-608
584,-609
585,-609
586,-610
586,-611
587,-611
588,-611
589,-612
590,-612
591,-613
592,-613
593,-613
594,-614
594,-615
594,-616
594,-617
594,-618
594,-619
594,-620
595,-620
596,-620
597,-620
598,-620
599,-621
600,-621
601,-621
602,-621
603,-622
603,-623
604,-623
605,-623
606,-623
607,-624
607,-625
607,-626
607,-627
608,-627
609,-627
610,-628
611,-628
612,-628
613,-628
614,-629
614,-630
615,-631
615,-632
616,-633
617,-633
618,-633
619,-634
620,-634
621,-634
622,-635
622,-636
623,-636
624,-637
625,-638
626,-639
627,-640
628,-641
628,-642
629,-643
630,-643
631,-644
631,-645
632,-646
633,-647
634,-647
635,-648
635,-649
636,-649
637,-650
638,-651
638,-652
639,-653
639,-654
640,-654
641,-655
642,-656
642,-657
642,-658
642,-659
643,-660
643,-661
644,-662
645,-663
645,-664
645,-665
646,-665
647,-665
648,-665
649,-665
649,-664
650,-663
651,-663
652,-663
653,-663
654,-663
655,-664
656,-665
656,-666
656,-667
656,-668
656,-669
656,-670
656,-671
656,-672
656,-673
656,-674
656,-675
656,-676
656,-677
656,-678
656,-679
656,-680
656,-681
657,-682
657,-683
657,-684
657,-685
658,-686
658,-687
658,-688
658,-689
658,-690
658,-691
658,-692
658,-693
658,-694
658,-695
659,-696
659,-697
659,-698
659,-699
659,-700
659,-701
659,-702
659,-703
660,-704
660,-705
660,-706
660,-707
660,-708
660,-709
660,-710
660,-711
661,-712
661,-713
661,-714
661,-715
662,-716
662,-717
662,-718
662,-719
663,-720
663,-721
663,-722
663,-723
664,-724
664,-725
664,-726
664,-727
664,-728
665,-729
665,-730
665,-731
666,-732
666,-733
666,-734
666,-735
667,-736
667,-737
668,-738
668,-739
668,-740
669,-741
669,-742
669,-743
669,-744
670,-745
670,-746
670,-747
671,-748
671,-749
671,-750
671,-751
671,-752
672,-752
673,-753
673,-754
674,-755
674,-756
674,-757
675,-758
675,-759
675,-760
676,-760
677,-761
677,-762
677,-763
677,-764
678,-765
678,-766
678,-767
679,-767
680,-768
680,-769
681,-770
681,-771
681,-772
682,-773
682,-774
683,-775
683,-776
684,-777
685,-778
686,-779
686,-780
687,-781
687,-782
687,-783
688,-784
688,-785
689,-786
689,-787
690,-788
691,-789
691,-790
692,-791
692,-792
693,-793
694,-794
694,-795
695,-796
695,-797
695,-798
696,-799
697,-800
697,-801
698,-802
698,-803
699,-804
700,-805
700,-806
701,-807
701,-808
702,-809
703,-810
704,-811
704,-812
705,-813
706,-814
707,-815
707,-816
708,-817
709,-818
710,-819
710,-820
711,-821
712,-822
713,-823
714,-824
715,-825
715,-826
716,-827
717,-828
718,-829
718,-830
719,-831
719,-832
720,-832
721,-833
722,-834
723,-835
724,-836
724,-837
725,-837
726,-838
726,-839
726,-840
727,-840
728,-841
729,-842
729,-843
730,-843
731,-844
731,-845
732,-845
733,-846
734,-847
734,-848
735,-849
735,-850
736,-850
737,-850
738,-851
738,-852
739,-853
740,-854
741,-855
742,-856
742,-857
743,-857
744,-858
745,-859
746,-860
747,-861
748,-862
749,-863
750,-863
751,-864
752,-865
753,-866
754,-867
755,-868
756,-869
757,-870
758,-870
759,-871
760,-872
761,-873
762,-874
763,-875
764,-876
765,-877
766,-877
767,-878
768,-879
769,-880
770,-880
771,-881
772,-882
773,-883
774,-883
775,-884
776,-885
777,-886
778,-887
779,-887
780,-888
780,-889
781,-889
782,-890
783,-890
784,-891
785,-891
786,-892
787,-893
788,-894
789,-894
790,-895
791,-895
792,-896
793,-897
794,-897
795,-898
795,-899
796,-899
797,-899
798,-899
799,-900
799,-901
800,-901
801,-902
802,-903
803,-904
804,-904
805,-905
805,-906
806,-906
807,-906
808,-907
809,-908
810,-909
811,-909
812,-910
813,-910
814,-911
815,-911
816,-911
817,-912
818,-913
819,-914
820,-914
821,-914
822,-915
823,-916
824,-917
825,-917
826,-918
827,-918
828,-918
829,-919
830,-919
831,-919
832,-920
833,-921
834,-921
835,-921
836,-922
837,-922
838,-922
839,-923
840,-923
841,-923
842,-924
842,-925
843,-925
844,-925
845,-925
846,-926
847,-926
848,-926
849,-926
850,-927
851,-928
852,-928
853,-929
854,-930
855,-930
856,-930
857,-931
858,-931
859,-931
860,-931
861,-932
862,-933
863,-934
863,-935
864,-935
865,-935
866,-935
867,-935
868,-935
869,-935
870,-936
871,-937
872,-938
873,-938
874,-939
875,-939
876,-939
877,-939
878,-939
879,-939
880,-939
881,-939
882,-939
883,-940
883,-941
884,-942
885,-942
886,-942
887,-943
888,-943
889,-943
890,-943
891,-944
892,-945
893,-945
894,-946
895,-946
896,-946
897,-947
898,-947
899,-947
900,-947
901,-947
902,-947
903,-947
904,-948
905,-948
906,-948
907,-948
908,-949
909,-949
910,-949
911,-950
912,-950
913,-951
914,-951
915,-951
916,-951
917,-952
918,-953
919,-953
920,-953
921,-954
922,-954
923,-955
924,-955
925,-955
926,-955
927,-956
927,-957
928,-957
929,-957
930,-958
931,-958
932,-958
933,-959
934,-959
935,-960
936,-960
937,-961
938,-961
939,-961
940,-961
941,-962
942,-963
943,-963
944,-963
945,-964
946,-964
947,-964
948,-965
949,-965
950,-966
951,-966
952,-967
953,-967
954,-967
955,-968
955,-969
956,-969
957,-969
958,-969
959,-970
960,-970
961,-970
962,-971
963,-971
964,-972
965,-972
966,-973
967,-973
968,-973
969,-974
970,-974
971,-974
972,-975
973,-976
974,-976
975,-976
976,-977
977,-977
978,-978
979,-979
980,-980
981,-980
982,-980
983,-981
984,-982
985,-983
986,-983
987,-984
988,-984
989,-985
990,-985
991,-985
992,-986
992,-987
993,-987
994,-987
995,-988
996,-988
997,-989
998,-989
999,-990
999,-991
999,-992
999,-993
1000,-993
1001,-993
1002,-993
1003,-993
1004,-994
1005,-994
1006,-994
1007,-995
1008,-995
1009,-995
1010,-996
1011,-996
1012,-997
1013,-998
1014,-998
1015,-998
1016,-998
1017,-998
1018,-998
1019,-998
1020,-998
1021,-998
1022,-999
1023,-999
1024,-999
1025,-999
1026,-999
1027,-999
1027,-998
1028,-997
1029,-997
1029,-996
1030,-995
1031,-995
1032,-994
1032,-993
1032,-992
1032,-991
1032,-990
1032,-989
1032,-988
1032,-987
1032,-986
1032,-985
1032,-984
1032,-983
1032,-982
1032,-981
1032,-980
1032,-979
1032,-978
1032,-977
1031,-976
1031,-975
1031,-974
1031,-973
1030,-972
1030,-971
1030,-970
1030,-969
1030,-968
1029,-967
1029,-966
1029,-965
1029,-964
1028,-963
1028,-962
1028,-961
1028,-960
1027,-959
1027,-958
1026,-957
1026,-956
1026,-955
1026,-954
1025,-953
1025,-952
1024,-951
1024,-950
1024,-949
1024,-948
1023,-947
1023,-946
1022,-945
1022,-944
1021,-943
1021,-942
1021,-941
1021,-940
1020,-939
1020,-938
1019,-937
1019,-936
1018,-935
1018,-934
1018,-933
1017,-932
1017,-931
1016,-930
1016,-929
1016,-928
1015,-927
1015,-926
1014,-925
1014,-924
1013,-923
1013,-922
1012,-921
1012,-920
1012,-919
1011,-918
1011,-917
1010,-916
1010,-915
1010,-914
1009,-913
1009,-912
1008,-911
1008,-910
1008,-909
1007,-908
1007,-907
1007,-906
1006,-905
1006,-904
1005,-903
1005,-902
1005,-901
1004,-900
1004,-899
1003,-898
1003,-897
1002,-896
1002,-895
1001,-894
1001,-893
1000,-892
1000,-891
1000,-890
999,-889
999,-888
998,-887
998,-886
997,-885
997,-884
996,-883
995,-882
995,-881
994,-880
994,-879
993,-878
993,-877
993,-876
992,-875
992,-874
991,-873
990,-872
990,-871
990,-870
989,-869
989,-868
989,-867
988,-866
987,-865
987,-864
986,-863
986,-862
985,-861
985,-860
985,-859
984,-858
984,-857
983,-856
982,-855
982,-854
982,-853
981,-852
981,-851
980,-850
980,-849
979,-848
979,-847
978,-846
978,-845
977,-844
977,-843
977,-842
976,-841
976,-840
976,-839
975,-838
975,-837
974,-836
974,-835
974,-834
973,-833
973,-832
973,-831
972,-830
972,-829
972,-828
971,-827
971,-826
970,-825
970,-824
970,-823
969,-822
969,-821
968,-820
968,-819
967,-818
967,-817
966,-816
966,-815
965,-814
965,-813
964,-812
964,-811
963,-810
962,-809
962,-808
961,-807
961,-806
961,-805
960,-804
959,-803
959,-802
958,-801
958,-800
957,-799
957,-798
956,-797
956,-796
955,-795
955,-794
954,-793
954,-792
953,-791
953,-790
952,-789
952,-788
952,-787
951,-786
950,-785
950,-784
949,-783
949,-782
948,-781
947,-780
947,-779
947,-778
946,-777
945,-776
945,-775
944,-774
943,-773
943,-772
942,-771
942,-770
941,-769
941,-768
940,-767
939,-766
938,-765
938,-764
937,-763
937,-762
936,-761
935,-760
935,-759
934,-758
933,-757
933,-756
932,-755
932,-754
931,-753
930,-752
930,-751
929,-750
928,-749
928,-748
927,-747
926,-746
926,-745
925,-744
924,-743
924,-742
923,-741
922,-740
921,-739
921,-738
920,-737
920,-736
919,-735
918,-734
917,-733
917,-732
916,-731
915,-730
914,-729
913,-728
913,-727
912,-727
911,-726
911,-725
910,-724
909,-723
908,-722
907,-721
906,-720
905,-719
904,-718
903,-717
902,-716
902,-715
901,-715
900,-714
899,-713
898,-712
897,-711
896,-710
895,-709
894,-708
893,-707
892,-706
891,-705
890,-704
889,-703
888,-702
887,-701
886,-700
885,-699
884,-698
883,-697
882,-696
881,-695
880,-694
879,-693
878,-692
877,-691
876,-690
875,-690
874,-689
874,-688
873,-688
872,-687
871,-686
870,-685
869,-684
868,-683
867,-683
866,-682
865,-682
864,-681
863,-680
862,-679
861,-678
860,-677
859,-677
858,-676
857,-675
856,-674
855,-674
854,-673
853,-672
852,-672
851,-671
850,-671
849,-670
848,-670
847,-669
846,-668
845,-667
844,-667
843,-666
842,-666
841,-665
840,-664
839,-663
838,-663
837,-662
836,-662
835,-661
834,-660
833,-660
832,-659
831,-658
830,-658
829,-657
828,-657
827,-656
826,-655
825,-655
824,-654
823,-654
822,-653
821,-652
820,-652
819,-651
818,-651
817,-651
816,-650
815,-649
814,-649
813,-648
812,-648
811,-648
810,-647
809,-647
808,-647
807,-646
806,-646
805,-645
804,-644
803,-644
802,-644
801,-643
800,-642
799,-642
798,-641
797,-641
796,-640
795,-640
794,-639
793,-639
792,-639
791,-639
790,-639
789,-639
788,-639
787,-639
786,-638
786,-637
785,-637
784,-636
783,-635
782,-635
781,-635
780,-635
779,-635
778,-635
777,-634
776,-633
775,-633
774,-633
773,-632
772,-631
771,-631
770,-631
769,-631
768,-631
767,-630
766,-630
765,-630
764,-630
763,-630
762,-629
761,-629
760,-629
759,-628
758,-628
757,-628
756,-628
755,-628
754,-627
753,-627
752,-627
751,-627
750,-627
749,-626
748,-626
747,-626
746,-626
745,-626
744,-626
743,-625
742,-625
741,-625
740,-625
739,-625
738,-624
737,-624
736,-624
735,-624
734,-624
733,-624
732,-624
731,-624
730,-624
729,-624
728,-624
727,-624
726,-623
725,-623
724,-623
723,-623
722,-623
721,-623
720,-623
719,-622
718,-622
717,-622
716,-622
715,-622
714,-621
713,-621
712,-621
711,-621
710,-621
709,-621
708,-620
707,-620
706,-620
705,-620
704,-620
703,-620
702,-620
701,-619
700,-619
699,-618
698,-618
697,-618
696,-618
695,-617
694,-617
693,-616
692,-616
691,-615
690,-615
689,-615
688,-614
687,-614
686,-613
685,-612
684,-612
683,-612
682,-611
681,-610
680,-610
679,-609
678,-609
677,-608
676,-608
675,-607
674,-606
673,-606
672,-605
671,-605
670,-604
669,-603
668,-602
667,-602
666,-601
665,-600
664,-600
663,-599
662,-599
661,-598
660,-597
659,-597
658,-596
657,-595
656,-594
655,-594
654,-593
653,-592
652,-592
651,-591
650,-590
649,-590
648,-589
648,-588
647,-588
646,-587
645,-586
644,-585
643,-584
642,-584
641,-583
640,-582
639,-582
638,-581
637,-580
636,-579
635,-578
634,-578
633,-577
632,-576
631,-575
630,-574
629,-574
628,-573
627,-572
626,-571
625,-570
624,-570
623,-570
622,-569
622,-568
621,-568
620,-567
619,-566
618,-565
617,-564
616,-564
615,-563
614,-562
613,-562
612,-561
612,-560
611,-560
610,-559
609,-558
608,-558
607,-557
606,-556
605,-555
604,-554
603,-554
602,-553
601,-552
600,-551
599,-550
598,-550
597,-549
596,-548
595,-547
594,-547
593,-546
592,-545
591,-545
590,-544
589,-544
588,-543
587,-542
586,-541
585,-540
584,-540
583,-539
582,-538
581,-538
580,-537
579,-536
578,-535
577,-535
576,-534
575,-534
574,-533
573,-532
572,-531
571,-531
570,-530
570,-529
569,-529
568,-528
567,-527
566,-527
565,-526
564,-525
563,-525
562,-524
561,-523
560,-523
559,-522
558,-522
557,-521
556,-520
555,-520
554,-519
553,-518
552,-518
551,-518
550,-518
549,-518
548,-518
547,-518
547,-519
547,-520
546,-521
545,-521
544,-521
543,-521
542,-521
541,-521
541,-522
541,-523
541,-524
540,-525
539,-525
538,-525
537,-524
536,-524
535,-524
534,-524
533,-524
532,-523
532,-522
532,-521
531,-521
530,-521
529,-521
528,-521
527,-521
526,-521
525,-521
524,-521
523,-521
522,-521
521,-521
520,-521
519,-521
518,-521
517,-521
516,-521
515,-521
514,-521
513,-521
512,-521
511,-521
510,-520
510,-519
510,-518
509,-518
508,-517
507,-517
506,-517
505,-516
505,-515
505,-514
505,-513
505,-512
504,-512
503,-512
502,-511
501,-511
500,-511
499,-510
499,-509
499,-508
499,-507
499,-506
499,-505
499,-504
498,-504
497,-504
496,-504
495,-503
495,-502
494,-502
493,-502
492,-502
491,-502
490,-502
489,-502
488,-502
487,-502
487,-503
487,-504
487,-505
487,-506
487,-507
488,-508
489,-509
490,-509
491,-510
491,-511
492,-512
493,-513
493,-514
494,-514
495,-515
495,-516
495,-517
495,-518
495,-519
495,-520
496,-520
497,-521
498,-521
499,-522
499,-523
499,-524
498,-525
497,-525
496,-525
495,-525
494,-525
493,-525
493,-526
493,-527
492,-528
491,-528
490,-529
489,-530
488,-530
487,-530
487,-531
486,-532
485,-533
484,-533
483,-533
482,-533
481,-533
480,-533
479,-534
478,-534
477,-534
476,-533
476,-532
475,-532
474,-531
473,-531
472,-531
471,-531
470,-531
469,-532
