521,-480
521,-481
521,-482
521,-483
521,-484
521,-485
521,-486
521,-487
521,-488
521,-489
521,-490
521,-491
521,-492
521,-493
522,-493
523,-494
523,-495
523,-496
524,-497
524,-498
524,-499
524,-500
524,-501
524,-502
524,-503
524,-504
524,-505
525,-506
525,-507
525,-508
525,-509
525,-510
525,-511
525,-512
525,-513
526,-513
527,-513
528,-514
528,-515
528,-516
528,-517
529,-518
529,-519
529,-520
529,-521
529,-522
530,-523
531,-524
531,-525
531,-526
531,-527
532,-528
532,-529
533,-530
533,-531
533,-532
533,-533
534,-534
534,-535
534,-536
535,-537
535,-538
535,-539
535,-540
536,-541
536,-542
536,-543
536,-544
536,-545
537,-546
537,-547
537,-548
537,-549
538,-549
539,-550
539,-551
539,-552
539,-553
539,-554
539,-555
540,-556
540,-557
540,-558
540,-559
540,-560
541,-561
541,-562
541,-563
542,-564
542,-565
542,-566
543,-567
543,-568
543,-569
543,-570
543,-571
543,-572
544,-573
544,-574
545,-575
545,-576
546,-577
546,-578
546,-579
547,-580
547,-581
548,-582
548,-583
548,-584
548,-585
548,-586
549,-587
549,-588
550,-589
550,-590
550,-591
551,-592
551,-593
551,-594
551,-595
552,-596
552,-597
552,-598
553,-599
553,-600
553,-601
553,-602
553,-603
554,-604
554,-605
554,-606
554,-607
555,-608
555,-609
555,-610
555,-611
556,-612
557,-613
557,-614
557,-615
557,-616
557,-617
558,-618
558,-619
559,-620
559,-621
559,-622
560,-623
560,-624
560,-625
561,-626
561,-627
561,-628
562,-629
562,-630
562,-631
562,-632
563,-633
563,-634
563,-635
563,-636
564,-637
564,-638
564,-639
565,-640
566,-641
566,-642
566,-643
566,-644
566,-645
567,-646
567,-647
568,-648
568,-649
569,-650
569,-651
569,-652
570,-653
570,-654
571,-655
571,-656
572,-657
572,-658
573,-659
573,-660
574,-661
574,-662
575,-663
575,-664
575,-665
576,-665
577,-666
577,-667
577,-668
578,-669
579,-670
579,-671
580,-672
580,-673
580,-674
581,-675
582,-676
583,-677
583,-678
583,-679
583,-680
584,-681
585,-682
586,-683
586,-684
586,-685
587,-686
588,-687
588,-688
589,-689
590,-690
590,-691
590,-692
591,-693
592,-693
593,-694
593,-695
593,-696
594,-697
594,-698
595,-699
596,-700
596,-701
597,-702
598,-703
598,-704
599,-705
600,-706
600,-707
601,-708
602,-709
602,-710
602,-711
603,-712
604,-713
605,-714
606,-715
607,-716
607,-717
607,-718
608,-718
609,-719
609,-720
610,-721
611,-722
612,-723
613,-724
614,-725
614,-726
615,-727
616,-727
617,-728
617,-729
618,-730
618,-731
619,-732
619,-733
620,-734
621,-734
622,-735
623,-736
624,-737
624,-738
625,-739
626,-740
626,-741
627,-742
628,-743
629,-744
630,-745
631,-746
632,-747
633,-748
633,-749
634,-750
635,-751
636,-751
637,-752
637,-753
638,-754
639,-755
640,-756
641,-757
642,-758
643,-759
644,-760
644,-761
645,-762
646,-763
647,-764
647,-765
648,-765
649,-766
650,-767
651,-768
652,-769
653,-770
654,-770
655,-771
656,-772
657,-773
657,-774
658,-774
659,-775
660,-775
661,-776
662,-777
663,-778
663,-779
664,-780
665,-781
666,-782
667,-782
668,-783
669,-784
670,-785
671,-786
672,-786
673,-787
673,-788
674,-788
675,-789
676,-790
677,-791
678,-792
679,-793
680,-794
681,-794
682,-795
683,-796
684,-796
685,-797
686,-798
687,-799
688,-799
689,-800
690,-801
691,-802
692,-802
693,-803
694,-803
695,-804
696,-804
697,-805
697,-806
698,-806
699,-807
700,-807
701,-808
702,-808
703,-809
703,-810
704,-810
705,-810
706,-811
707,-811
708,-812
709,-812
710,-812
711,-813
712,-814
713,-815
714,-815
715,-815
716,-816
717,-816
718,-817
719,-818
720,-818
721,-819
722,-820
723,-820
724,-821
725,-821
726,-821
727,-822
728,-822
729,-823
730,-823
731,-824
732,-824
733,-825
734,-825
735,-825
736,-826
737,-826
738,-826
739,-827
740,-827
741,-827
742,-828
743,-828
744,-828
745,-829
746,-829
747,-829
748,-830
749,-830
750,-830
751,-830
752,-830
753,-830
754,-830
755,-831
756,-831
757,-831
758,-831
759,-832
760,-832
761,-832
762,-832
763,-832
764,-832
765,-832
766,-833
767,-833
768,-834
769,-834
770,-834
771,-834
772,-834
773,-834
774,-835
775,-835
776,-836
777,-836
778,-836
779,-836
780,-837
781,-837
782,-838
783,-838
784,-839
785,-839
786,-840
787,-840
788,-840
789,-841
790,-841
791,-842
792,-843
793,-844
794,-845
795,-845
796,-845
797,-846
797,-847
798,-848
798,-849
798,-850
798,-851
799,-851
800,-851
801,-851
802,-852
803,-852
804,-853
804,-854
804,-855
805,-855
806,-855
807,-856
807,-857
807,-858
808,-858
809,-859
810,-860
810,-861
811,-861
812,-862
813,-863
814,-864
815,-864
816,-865
816,-866
817,-866
818,-867
818,-868
818,-869
819,-869
820,-869
821,-870
822,-871
822,-872
822,-873
823,-874
824,-874
825,-874
826,-875
826,-876
827,-877
828,-878
828,-879
828,-880
828,-881
829,-882
830,-882
831,-882
832,-882
833,-883
834,-884
835,-885
835,-886
835,-887
835,-888
836,-888
837,-889
837,-890
837,-891
837,-892
838,-893
839,-894
840,-894
841,-894
842,-895
842,-896
842,-897
842,-898
843,-899
844,-900
845,-900
846,-900
847,-900
848,-901
848,-902
848,-903
848,-904
848,-905
849,-906
850,-906
851,-907
851,-908
852,-909
853,-910
854,-911
854,-912
855,-913
856,-913
857,-914
858,-915
858,-916
859,-917
860,-918
860,-919
861,-919
862,-920
862,-921
862,-922
863,-923
864,-924
864,-925
865,-926
866,-927
867,-928
867,-929
868,-929
869,-930
870,-931
870,-932
871,-932
872,-932
873,-932
874,-933
874,-934
874,-935
874,-936
874,-937
874,-938
875,-938
876,-939
877,-939
878,-939
879,-939
880,-940
880,-941
880,-942
880,-943
881,-944
882,-945
883,-946
884,-947
885,-948
885,-949
886,-950
887,-951
888,-951
889,-952
889,-953
889,-954
890,-955
891,-955
892,-956
893,-957
894,-958
895,-958
896,-959
896,-960
897,-961
898,-962
899,-963
899,-964
899,-965
900,-965
901,-966
902,-966
903,-967
904,-967
905,-968
905,-969
905,-970
905,-971
906,-972
906,-973
907,-973
908,-973
909,-974
910,-975
911,-976
912,-977
913,-978
914,-979
915,-980
915,-981
916,-981
917,-982
917,-983
918,-984
919,-984
920,-985
921,-986
922,-987
922,-988
922,-989
922,-990
923,-990
924,-990
925,-991
926,-992
927,-993
928,-994
929,-995
930,-995
931,-996
931,-997
932,-998
932,-999
933,-1000
933,-1001
933,-1002
934,-1003
935,-1003
936,-1004
937,-1004
938,-1005
939,-1006
939,-1007
939,-1008
939,-1009
939,-1010
939,-1011
940,-1012
941,-1012
942,-1012
943,-1012
944,-1013
944,-1014
945,-1015
946,-1016
946,-1017
947,-1018
948,-1018
949,-1019
950,-1019
951,-1019
952,-1020
953,-1021
954,-1022
954,-1023
955,-1023
956,-1023
957,-1024
958,-1025
958,-1026
959,-1026
960,-1027
960,-1028
961,-1028
962,-1029
963,-1029
964,-1030
965,-1031
965,-1032
966,-1032
967,-1032
968,-1032
969,-1032
970,-1032
970,-1031
970,-1030
971,-1029
972,-1029
972,-1028
972,-1027
972,-1026
972,-1025
972,-1024
972,-1023
973,-1022
973,-1021
973,-1020
973,-1019
974,-1018
975,-1018
976,-1017
977,-1017
978,-1017
978,-1016
978,-1015
978,-1014
978,-1013
978,-1012
978,-1011
978,-1010
979,-1009
980,-1009
981,-1008
981,-1007
981,-1006
981,-1005
981,-1004
981,-1003
981,-1002
981,-1001
980,-1001
979,-1000
979,-999
979,-998
979,-997
979,-996
979,-995
979,-994
979,-993
980,-992
980,-991
980,-990
980,-989
980,-988
980,-987
980,-986
979,-986
978,-986
977,-985
976,-984
975,-983
974,-983
973,-982
972,-981
972,-980
972,-979
971,-979
970,-979
969,-978
969,-977
969,-976
968,-975
967,-975
966,-975
965,-974
964,-973
963,-972
962,-972
961,-971
961,-970
960,-969
960,-968
960,-967
959,-966
959,-965
958,-965
957,-964
957,-963
957,-962
958,-961
959,-960
960,-960
961,-960
962,-961
963,-962
964,-962
965,-962
966,-962
967,-962
968,-962
968,-961
968,-960
968,-959
968,-958
967,-957
966,-956
965,-955
964,-954
963,-953
962,-952
961,-951
960,-950
960,-949
959,-949
958,-948
958,-947
957,-946
957,-945
956,-944
955,-943
954,-942
953,-941
952,-940
951,-939
951,-938
950,-937
949,-936
948,-935
947,-934
946,-933
945,-932
944,-931
943,-930
942,-929
942,-928
941,-928
940,-927
939,-926
939,-925
939,-924
938,-923
937,-922
936,-921
935,-920
934,-919
934,-918
933,-917
932,-916
931,-916
930,-915
930,-914
930,-913
929,-913
928,-912
927,-911
926,-910
926,-909
925,-908
924,-907
923,-906
923,-905
922,-904
921,-903
920,-902
919,-901
918,-900
917,-899
916,-898
915,-897
915,-896
914,-896
913,-895
913,-894
912,-893
911,-892
910,-891
909,-890
909,-889
908,-888
907,-887
906,-886
906,-885
905,-884
904,-883
903,-882
902,-881
901,-880
900,-879
900,-878
899,-877
898,-876
897,-875
896,-874
896,-873
895,-872
895,-871
894,-871
893,-870
893,-869
892,-868
891,-867
891,-866
890,-865
889,-864
888,-863
888,-862
887,-861
886,-860
885,-859
885,-858
884,-857
883,-856
882,-855
882,-854
881,-853
880,-852
879,-851
879,-850
878,-849
878,-848
877,-847
876,-846
875,-845
875,-844
874,-843
873,-842
872,-841
872,-840
871,-839
871,-838
871,-837
870,-837
869,-836
869,-835
868,-834
868,-833
867,-832
866,-831
866,-830
865,-829
864,-828
864,-827
864,-826
863,-825
863,-824
862,-823
862,-822
862,-821
861,-820
861,-819
860,-818
860,-817
859,-816
859,-815
858,-814
858,-813
858,-812
857,-811
857,-810
856,-809
856,-808
856,-807
855,-806
855,-805
854,-804
854,-803
854,-802
854,-801
853,-800
853,-799
853,-798
853,-797
852,-796
852,-795
851,-794
851,-793
851,-792
851,-791
851,-790
850,-789
850,-788
850,-787
850,-786
850,-785
850,-784
850,-783
850,-782
849,-781
849,-780
849,-779
849,-778
849,-777
849,-776
849,-775
848,-774
848,-773
848,-772
848,-771
848,-770
848,-769
848,-768
848,-767
848,-766
848,-765
848,-764
848,-763
848,-762
847,-761
847,-760
847,-759
847,-758
847,-757
847,-756
847,-755
846,-754
846,-753
846,-752
846,-751
846,-750
845,-749
845,-748
845,-747
845,-746
844,-745
844,-744
844,-743
844,-742
844,-741
843,-740
843,-739
843,-738
843,-737
842,-736
842,-735
842,-734
842,-733
842,-732
841,-731
841,-730
841,-729
840,-728
840,-727
840,-726
840,-725
839,-724
839,-723
839,-722
839,-721
839,-720
839,-719
838,-718
837,-717
837,-716
837,-715
836,-714
836,-713
835,-712
835,-711
835,-710
834,-709
834,-708
833,-707
833,-706
832,-705
832,-704
832,-703
832,-702
831,-701
831,-700
831,-699
830,-698
830,-697
829,-696
829,-695
828,-694
828,-693
828,-692
827,-691
827,-690
826,-689
826,-688
825,-687
825,-686
824,-685
824,-684
823,-683
823,-682
822,-681
822,-680
821,-679
821,-678
820,-677
820,-676
819,-675
819,-674
818,-673
817,-672
817,-671
816,-670
816,-669
815,-668
815,-667
814,-666
814,-665
813,-664
812,-663
812,-662
811,-661
811,-660
810,-659
810,-658
809,-657
808,-656
808,-655
807,-654
806,-653
806,-652
805,-651
804,-650
804,-649
803,-648
803,-647
802,-646
801,-645
800,-644
800,-643
800,-642
799,-641
798,-640
798,-639
797,-638
796,-637
795,-636
795,-635
794,-634
794,-633
793,-632
792,-631
791,-630
791,-629
790,-628
789,-627
788,-626
787,-625
786,-624
786,-623
785,-622
784,-621
784,-620
783,-619
782,-618
781,-617
780,-616
780,-615
779,-614
778,-613
777,-612
776,-611
775,-610
774,-609
774,-608
773,-607
772,-606
771,-605
770,-604
769,-603
768,-602
767,-601
766,-600
765,-599
765,-598
764,-597
763,-596
762,-595
761,-594
760,-593
759,-592
758,-591
757,-590
756,-589
755,-588
755,-587
754,-586
753,-586
752,-585
752,-584
751,-583
750,-582
749,-581
748,-581
747,-580
747,-579
746,-578
745,-577
744,-576
743,-575
742,-574
741,-573
740,-573
739,-572
739,-571
738,-571
737,-570
736,-569
735,-568
734,-567
733,-566
732,-566
731,-565
730,-564
729,-563
728,-562
727,-561
726,-560
725,-560
724,-559
723,-558
722,-557
721,-557
720,-556
719,-555
718,-554
717,-554
716,-553
715,-553
714,-552
713,-551
712,-550
711,-549
710,-549
709,-548
708,-547
707,-546
706,-546
705,-545
704,-545
703,-544
702,-543
701,-543
700,-542
699,-542
698,-541
697,-541
696,-540
695,-539
694,-538
693,-538
692,-538
691,-538
690,-537
690,-536
689,-536
688,-535
687,-534
686,-534
685,-534
684,-533
683,-532
682,-532
681,-531
680,-530
679,-530
678,-530
677,-529
676,-529
675,-528
674,-528
673,-527
672,-526
671,-526
670,-525
669,-525
668,-525
667,-524
666,-523
665,-523
664,-522
663,-522
662,-521
661,-521
660,-520
659,-520
658,-519
657,-519
656,-518
655,-518
654,-517
653,-517
652,-517
651,-516
650,-516
649,-516
648,-515
647,-514
646,-514
645,-514
644,-514
643,-513
642,-513
641,-513
640,-512
639,-512
638,-511
637,-511
636,-511
635,-510
634,-510
633,-510
632,-509
631,-509
630,-509
629,-508
628,-508
627,-507
626,-507
625,-507
624,-506
623,-506
622,-506
621,-505
620,-505
619,-505
618,-504
617,-504
616,-504
615,-503
614,-503
613,-503
612,-502
611,-502
610,-502
609,-502
608,-501
607,-501
606,-500
605,-500
604,-499
603,-499
602,-498
601,-497
600,-497
599,-497
598,-496
597,-495
596,-495
595,-495
594,-494
593,-494
592,-493
591,-493
590,-493
589,-492
588,-492
587,-492
586,-491
585,-490
584,-490
583,-489
582,-489
581,-489
580,-488
579,-488
578,-487
577,-487
576,-486
575,-486
574,-485
573,-485
572,-484
571,-484
570,-484
569,-484
568,-483
567,-483
566,-482
565,-482
564,-481
563,-481
562,-480
561,-480
560,-480
559,-480
558,-479
557,-479
556,-478
555,-478
554,-478
553,-477
552,-477
551,-476
550,-476
549,-476
548,-475
547,-475
546,-475
545,-474
544,-474
543,-473
542,-473
541,-473
540,-472
539,-472
538,-472
537,-471
536,-471
535,-470
534,-470
533,-470
532,-469
531,-469
530,-469
529,-469
528,-469
527,-469
526,-469
525,-469
524,-469
523,-470
523,-471
522,-472
522,-473
522,-474
522,-475
522,-476
522,-477
522,-478
522,-479
521,-480
