491,-492
491,-493
491,-494
491,-495
491,-496
491,-497
491,-498
491,-499
491,-500
491,-501
491,-502
492,-503
492,-504
492,-505
492,-506
492,-507
493,-508
493,-509
493,-510
493,-511
493,-512
493,-513
493,-514
494,-515
494,-516
495,-516
496,-517
496,-518
496,-519
496,-520
496,-521
497,-522
497,-523
497,-524
497,-525
498,-526
498,-527
498,-528
499,-529
499,-530
499,-531
499,-532
500,-533
500,-534
500,-535
501,-536
501,-537
502,-538
502,-539
502,-540
502,-541
503,-542
503,-543
503,-544
504,-545
504,-546
504,-547
504,-548
505,-549
506,-550
506,-551
507,-552
507,-553
507,-554
508,-555
508,-556
509,-557
509,-558
509,-559
510,-560
510,-561
510,-562
511,-563
512,-564
512,-565
513,-566
513,-567
514,-568
514,-569
515,-570
515,-571
516,-572
516,-573
517,-574
517,-575
518,-576
518,-577
518,-578
518,-579
519,-580
520,-581
520,-582
520,-583
521,-584
521,-585
522,-586
522,-587
523,-588
523,-589
524,-590
525,-591
526,-592
526,-593
526,-594
527,-595
527,-596
528,-597
529,-598
529,-599
529,-600
530,-601
530,-602
531,-603
532,-604
532,-605
533,-606
533,-607
534,-608
534,-609
535,-610
535,-611
536,-612
536,-613
536,-614
537,-614
538,-615
538,-616
538,-617
539,-618
540,-619
541,-620
541,-621
541,-622
542,-623
543,-624
543,-625
544,-626
544,-627
545,-628
546,-629
546,-630
546,-631
547,-632
547,-633
548,-634
549,-635
549,-636
550,-637
550,-638
551,-639
551,-640
552,-641
553,-642
553,-643
554,-644
555,-645
555,-646
555,-647
556,-648
556,-649
556,-650
557,-651
557,-652
558,-653
559,-654
559,-655
560,-656
560,-657
561,-658
561,-659
562,-660
562,-661
563,-662
563,-663
564,-664
565,-665
565,-666
565,-667
566,-667
567,-668
567,-669
567,-670
568,-670
569,-671
569,-672
569,-673
570,-674
571,-675
571,-676
572,-677
573,-678
574,-679
574,-680
575,-681
576,-682
577,-683
577,-684
578,-685
579,-686
580,-687
580,-688
581,-689
582,-690
583,-691
583,-692
584,-693
585,-694
585,-695
586,-696
587,-697
588,-698
589,-699
590,-700
591,-701
591,-702
592,-703
593,-704
594,-705
595,-706
595,-707
596,-708
597,-709
598,-710
599,-711
600,-712
601,-713
602,-714
602,-715
603,-716
604,-717
605,-718
606,-719
606,-720
607,-721
608,-721
609,-722
610,-723
611,-724
612,-725
613,-726
614,-727
615,-728
615,-729
616,-730
617,-731
618,-732
618,-733
619,-733
620,-734
621,-735
622,-736
623,-737
624,-737
625,-738
625,-739
626,-740
627,-741
628,-741
629,-742
629,-743
630,-744
631,-745
632,-746
633,-747
634,-748
635,-749
636,-749
637,-750
638,-751
639,-752
639,-753
640,-753
641,-754
642,-755
643,-755
644,-755
645,-756
646,-757
647,-758
648,-759
648,-760
649,-761
650,-761
651,-761
652,-762
652,-763
652,-764
653,-765
654,-765
655,-765
656,-765
657,-766
658,-766
659,-766
660,-766
661,-767
661,-768
661,-769
661,-770
662,-770
663,-771
664,-772
665,-772
666,-772
667,-772
668,-773
668,-774
669,-775
670,-776
671,-776
672,-777
673,-778
673,-779
674,-779
675,-780
676,-780
677,-781
678,-781
679,-782
680,-783
681,-783
682,-784
683,-785
683,-786
684,-786
685,-787
686,-788
687,-788
688,-789
689,-790
690,-790
691,-791
692,-791
693,-791
694,-792
694,-793
695,-794
696,-795
696,-796
697,-797
698,-798
699,-798
700,-798
701,-798
702,-798
703,-799
704,-799
705,-799
706,-799
707,-800
708,-801
709,-801
710,-802
711,-802
712,-803
712,-804
713,-805
713,-806
713,-807
713,-808
714,-808
715,-809
715,-810
716,-810
717,-810
718,-810
719,-811
720,-811
721,-811
722,-811
723,-812
723,-813
723,-814
724,-815
725,-815
726,-815
727,-816
728,-816
729,-817
730,-817
731,-818
732,-818
733,-819
733,-820
733,-821
734,-822
735,-822
736,-823
737,-823
738,-824
739,-824
740,-825
741,-826
742,-827
743,-827
744,-827
745,-827
746,-828
747,-829
748,-830
749,-831
750,-832
751,-832
752,-832
753,-832
754,-832
755,-832
756,-833
757,-833
758,-833
759,-833
760,-834
761,-835
761,-836
761,-837
762,-838
763,-838
764,-838
765,-838
766,-838
767,-838
768,-838
769,-838
770,-839
770,-840
770,-841
770,-842
770,-843
770,-844
771,-844
772,-844
773,-844
774,-844
775,-845
775,-846
775,-847
776,-848
777,-848
778,-848
779,-848
780,-848
781,-848
782,-848
783,-848
784,-848
785,-848
786,-848
787,-848
788,-848
789,-848
790,-848
791,-848
792,-848
793,-848
794,-848
795,-848
796,-849
797,-849
798,-849
799,-849
800,-849
801,-848
802,-847
802,-846
802,-845
803,-844
804,-844
804,-843
805,-842
806,-842
807,-842
808,-842
809,-842
809,-841
810,-840
811,-839
812,-839
813,-838
814,-838
815,-837
816,-837
817,-836
818,-836
819,-836
820,-836
821,-835
822,-835
823,-835
824,-835
825,-835
826,-835
827,-834
828,-834
829,-834
830,-834
831,-835
832,-835
833,-835
834,-835
835,-836
836,-836
837,-837
838,-838
838,-839
839,-840
840,-840
841,-841
841,-842
841,-843
841,-844
841,-845
842,-846
843,-846
844,-847
845,-848
846,-848
847,-848
848,-849
849,-849
850,-849
851,-849
852,-850
853,-851
854,-851
855,-851
856,-852
857,-852
858,-853
859,-854
860,-855
861,-856
862,-856
863,-857
863,-858
864,-859
865,-860
865,-861
866,-862
867,-863
868,-863
869,-864
870,-865
870,-866
870,-867
871,-868
871,-869
872,-869
873,-870
874,-871
874,-872
875,-873
876,-873
877,-874
877,-875
878,-875
879,-876
880,-877
881,-877
882,-878
882,-879
883,-879
884,-879
885,-880
886,-881
887,-882
888,-883
889,-884
890,-885
891,-885
892,-886
892,-887
893,-888
894,-888
895,-889
896,-890
897,-891
897,-892
898,-892
899,-893
899,-894
899,-895
900,-896
901,-896
902,-897
903,-897
904,-898
904,-899
905,-900
906,-901
907,-902
908,-903
909,-904
910,-905
911,-906
911,-907
912,-908
913,-909
913,-910
914,-911
915,-911
916,-912
917,-913
918,-914
919,-915
919,-916
920,-917
921,-918
922,-919
922,-920
923,-921
924,-921
925,-922
925,-923
926,-924
927,-925
927,-926
928,-926
929,-927
929,-928
930,-929
931,-930
931,-931
932,-931
933,-932
934,-933
934,-934
935,-935
936,-936
936,-937
937,-938
938,-939
939,-940
939,-941
940,-941
941,-942
941,-943
942,-944
943,-945
943,-946
944,-947
945,-948
945,-949
946,-950
947,-951
948,-952
948,-953
949,-954
950,-955
951,-956
951,-957
952,-958
953,-959
954,-960
954,-961
954,-962
954,-963
955,-963
956,-964
956,-965
957,-966
958,-967
959,-968
959,-969
960,-969
961,-970
961,-971
962,-972
963,-973
963,-974
963,-975
964,-976
965,-977
966,-978
966,-979
966,-980
967,-980
968,-981
968,-982
968,-983
969,-983
970,-983
971,-984
971,-985
972,-986
972,-987
973,-988
974,-989
975,-990
976,-991
977,-992
977,-993
977,-994
977,-995
978,-995
979,-996
979,-997
979,-998
980,-998
981,-998
982,-998
983,-999
983,-1000
984,-1000
985,-1001
986,-1002
986,-1003
987,-1004
988,-1004
989,-1005
989,-1006
989,-1007
990,-1007
991,-1007
992,-1007
993,-1008
994,-1009
995,-1010
996,-1011
997,-1012
998,-1012
999,-1013
1000,-1013
1001,-1013
1002,-1013
1003,-1013
1004,-1013
1005,-1013
1006,-1013
1006,-1012
1006,-1011
1006,-1010
1006,-1009
1006,-1008
1007,-1007
1007,-1006
1007,-1005
1007,-1004
1007,-1003
1007,-1002
1006,-1001
1005,-1000
1005,-999
1005,-998
1006,-997
1007,-997
1007,-996
1007,-995
1007,-994
1008,-993
1009,-992
1010,-992
1011,-992
1011,-991
1011,-990
1011,-989
1011,-988
1010,-988
1009,-987
1008,-986
1007,-986
1006,-986
1005,-986
1004,-986
1003,-985
1003,-984
1003,-983
1002,-983
1001,-982
1000,-981
1000,-980
999,-979
999,-978
999,-977
999,-976
999,-975
999,-974
999,-973
998,-973
997,-972
997,-971
997,-970
997,-969
997,-968
997,-967
997,-966
997,-965
997,-964
996,-964
995,-963
995,-962
995,-961
994,-960
993,-959
992,-958
991,-957
991,-956
991,-955
991,-954
991,-953
992,-952
993,-952
994,-952
995,-953
996,-953
997,-953
998,-953
999,-953
1000,-953
1000,-952
1000,-951
1000,-950
1000,-949
1000,-948
999,-947
998,-946
998,-945
997,-944
997,-943
996,-942
996,-941
995,-940
994,-939
993,-938
992,-937
992,-936
991,-935
990,-934
989,-933
989,-932
988,-932
987,-931
987,-930
986,-929
986,-928
985,-927
984,-926
983,-925
982,-924
981,-923
981,-922
980,-921
979,-920
978,-919
977,-918
977,-917
976,-916
975,-915
974,-914
973,-913
972,-912
971,-911
971,-910
970,-909
969,-908
968,-907
968,-906
967,-905
966,-904
965,-903
964,-902
964,-901
963,-900
962,-899
961,-898
960,-897
959,-896
958,-895
958,-894
957,-893
956,-892
955,-891
954,-890
953,-889
953,-888
952,-887
951,-886
950,-885
950,-884
949,-883
948,-882
947,-881
946,-880
945,-879
944,-878
943,-877
943,-876
942,-875
941,-874
940,-873
940,-872
939,-871
938,-870
937,-869
936,-868
935,-867
934,-866
933,-865
932,-864
931,-863
931,-862
930,-861
929,-860
928,-859
927,-858
926,-857
926,-856
925,-855
924,-854
923,-853
923,-852
922,-851
921,-850
920,-849
919,-848
918,-847
918,-846
917,-845
916,-844
915,-843
914,-842
913,-841
912,-840
911,-839
910,-838
909,-837
909,-836
908,-835
907,-834
906,-833
905,-832
904,-831
903,-830
902,-829
902,-828
901,-827
900,-826
899,-825
898,-824
897,-823
897,-822
896,-821
895,-820
894,-819
893,-818
892,-817
892,-816
891,-815
890,-814
890,-813
889,-812
888,-811
888,-810
887,-809
887,-808
886,-808
885,-807
885,-806
884,-805
884,-804
883,-803
882,-802
881,-801
881,-800
880,-799
880,-798
879,-797
879,-796
878,-795
877,-794
877,-793
877,-792
876,-791
876,-790
875,-789
874,-788
874,-787
873,-786
872,-785
871,-784
870,-783
870,-782
869,-781
868,-780
868,-779
868,-778
867,-777
867,-776
867,-775
866,-774
866,-773
866,-772
865,-771
865,-770
865,-769
864,-768
864,-767
864,-766
864,-765
864,-764
863,-763
863,-762
863,-761
863,-760
862,-759
862,-758
862,-757
862,-756
861,-755
861,-754
861,-753
861,-752
861,-751
860,-750
860,-749
860,-748
860,-747
860,-746
859,-745
859,-744
859,-743
859,-742
859,-741
859,-740
859,-739
859,-738
858,-737
858,-736
858,-735
858,-734
858,-733
857,-732
857,-731
856,-730
856,-729
856,-728
856,-727
856,-726
855,-725
855,-724
855,-723
855,-722
855,-721
855,-720
854,-719
854,-718
854,-717
854,-716
853,-715
853,-714
852,-713
852,-712
852,-711
852,-710
851,-709
851,-708
851,-707
850,-706
850,-705
850,-704
849,-703
848,-702
848,-701
848,-700
847,-699
847,-698
847,-697
846,-696
846,-695
846,-694
845,-693
844,-692
844,-691
844,-690
843,-689
843,-688
842,-687
842,-686
841,-685
841,-684
840,-683
840,-682
839,-681
839,-680
838,-679
837,-678
837,-677
836,-676
836,-675
835,-674
835,-673
834,-672
834,-671
833,-670
832,-669
832,-668
831,-667
831,-666
830,-665
829,-664
828,-663
828,-662
828,-661
827,-660
826,-659
825,-658
824,-657
823,-656
823,-655
822,-654
821,-654
820,-653
820,-652
820,-651
819,-650
818,-649
817,-648
816,-647
816,-646
815,-645
814,-644
813,-643
813,-642
812,-641
811,-640
810,-639
810,-638
809,-638
808,-637
808,-636
807,-635
806,-635
805,-634
805,-633
804,-632
803,-631
802,-630
802,-629
801,-629
800,-628
800,-627
799,-626
798,-625
797,-624
796,-623
795,-622
794,-621
793,-620
792,-619
791,-618
790,-617
789,-616
788,-615
787,-614
786,-613
785,-612
784,-611
783,-610
782,-609
781,-609
780,-608
780,-607
779,-606
778,-605
777,-605
776,-604
775,-603
774,-602
773,-601
772,-600
771,-600
770,-599
769,-598
769,-597
768,-597
767,-596
766,-595
765,-594
764,-593
763,-593
762,-592
761,-591
760,-590
759,-590
758,-589
757,-588
756,-587
755,-587
754,-586
754,-585
753,-585
752,-585
751,-584
751,-583
750,-583
749,-582
748,-581
747,-580
746,-580
745,-579
744,-578
743,-577
742,-577
741,-576
740,-575
739,-574
738,-574
737,-573
736,-573
735,-572
734,-571
733,-571
732,-570
731,-569
730,-569
729,-568
728,-568
727,-567
726,-566
725,-566
724,-565
723,-564
722,-564
721,-563
720,-562
719,-562
718,-561
717,-561
716,-560
715,-560
714,-559
713,-559
712,-558
711,-557
710,-557
709,-556
708,-556
707,-556
706,-555
705,-555
704,-554
703,-553
702,-553
701,-553
700,-552
699,-551
698,-551
697,-550
696,-550
695,-549
694,-549
693,-548
692,-548
691,-548
690,-547
689,-547
688,-546
687,-546
686,-545
685,-545
684,-545
683,-544
682,-544
681,-544
680,-543
679,-542
678,-542
677,-542
676,-541
675,-541
674,-540
673,-540
672,-540
671,-540
670,-539
669,-539
668,-538
667,-538
666,-537
665,-537
664,-537
663,-537
662,-536
661,-536
660,-535
659,-535
658,-534
657,-534
656,-533
655,-533
654,-533
653,-533
652,-532
651,-532
650,-532
649,-531
648,-531
647,-530
646,-530
645,-530
644,-529
643,-529
642,-529
641,-528
640,-528
639,-528
638,-527
637,-527
636,-526
635,-526
634,-526
633,-525
632,-525
631,-525
630,-525
629,-524
628,-524
627,-524
626,-524
625,-523
624,-523
623,-523
622,-522
621,-522
620,-522
619,-522
618,-521
617,-521
616,-521
615,-521
614,-521
613,-520
612,-520
611,-520
610,-520
609,-519
608,-519
607,-518
606,-518
605,-518
604,-517
603,-517
602,-517
601,-517
600,-517
599,-516
598,-516
597,-516
596,-516
595,-516
594,-515
593,-515
592,-515
591,-514
590,-514
589,-514
588,-514
587,-513
586,-513
585,-513
584,-512
583,-512
582,-512
581,-511
580,-511
579,-511
578,-511
577,-510
576,-510
575,-510
574,-509
573,-509
572,-509
571,-509
570,-508
569,-508
568,-508
567,-508
566,-508
565,-507
564,-507
563,-506
562,-506
561,-506
560,-506
559,-506
558,-505
557,-505
556,-505
555,-505
554,-504
553,-504
552,-504
551,-504
550,-503
549,-503
548,-503
547,-502
546,-502
545,-502
544,-502
543,-501
542,-501
541,-501
540,-501
539,-500
538,-500
537,-499
536,-499
535,-499
534,-499
533,-499
532,-498
531,-498
530,-498
529,-498
528,-498
527,-497
526,-497
525,-497
524,-497
523,-496
522,-496
521,-496
520,-496
519,-496
518,-495
517,-495
516,-495
515,-495
514,-494
513,-494
512,-494
511,-494
510,-493
509,-493
508,-492
507,-492
506,-492
505,-491
504,-491
503,-490
502,-490
501,-489
500,-489
499,-489
498,-489
497,-488
496,-488
495,-488
494,-488
493,-488
492,-489
492,-490
492,-491
491,-492
