528,-466
528,-467
528,-468
528,-469
528,-470
529,-471
529,-472
529,-473
529,-474
530,-475
530,-476
531,-477
532,-478
532,-479
532,-480
532,-481
532,-482
532,-483
533,-484
534,-484
535,-485
535,-486
535,-487
535,-488
535,-489
535,-490
535,-491
535,-492
535,-493
536,-494
536,-495
537,-496
537,-497
537,-498
537,-499
538,-500
538,-501
538,-502
538,-503
539,-504
539,-505
539,-506
539,-507
540,-508
540,-509
540,-510
541,-511
541,-512
541,-513
541,-514
542,-515
542,-516
542,-517
542,-518
543,-519
543,-520
543,-521
543,-522
544,-523
544,-524
544,-525
544,-526
544,-527
544,-528
545,-529
545,-530
545,-531
545,-532
546,-533
546,-534
546,-535
546,-536
547,-537
547,-538
547,-539
547,-540
547,-541
548,-542
548,-543
548,-544
548,-545
549,-546
549,-547
549,-548
550,-549
550,-550
550,-551
550,-552
550,-553
551,-554
551,-555
551,-556
551,-557
552,-558
552,-559
552,-560
553,-561
553,-562
553,-563
553,-564
553,-565
554,-566
554,-567
554,-568
554,-569
555,-570
555,-571
555,-572
555,-573
556,-574
556,-575
556,-576
556,-577
556,-578
556,-579
557,-580
557,-581
557,-582
558,-583
558,-584
558,-585
558,-586
558,-587
559,-588
559,-589
559,-590
559,-591
559,-592
559,-593
559,-594
560,-595
560,-596
561,-597
561,-598
561,-599
561,-600
562,-601
562,-602
562,-603
562,-604
563,-605
563,-606
563,-607
564,-608
564,-609
564,-610
564,-611
564,-612
565,-613
565,-614
565,-615
566,-616
566,-617
566,-618
567,-619
567,-620
568,-621
568,-622
568,-623
569,-624
569,-625
569,-626
570,-627
570,-628
570,-629
570,-630
570,-631
571,-632
571,-633
571,-634
572,-635
572,-636
573,-637
573,-638
574,-639
574,-640
574,-641
574,-642
574,-643
574,-644
575,-645
576,-646
576,-647
577,-648
577,-649
577,-650
578,-651
578,-652
578,-653
579,-654
580,-655
580,-656
581,-657
581,-658
581,-659
582,-660
582,-661
582,-662
583,-663
583,-664
583,-665
583,-666
584,-667
584,-668
585,-669
586,-670
587,-671
587,-672
587,-673
588,-674
588,-675
588,-676
589,-677
589,-678
590,-679
590,-680
591,-681
591,-682
592,-683
592,-684
593,-685
594,-686
595,-687
595,-688
596,-689
596,-690
597,-690
598,-691
598,-692
598,-693
599,-694
599,-695
600,-696
600,-697
601,-697
602,-698
602,-699
602,-700
603,-700
604,-701
605,-701
606,-702
607,-703
607,-704
608,-705
609,-705
610,-706
611,-707
612,-708
612,-709
612,-710
613,-711
614,-712
615,-713
615,-714
616,-715
617,-715
618,-715
619,-716
620,-717
620,-718
620,-719
621,-719
622,-720
622,-721
622,-722
622,-723
621,-724
620,-724
620,-725
620,-726
620,-727
620,-728
621,-729
621,-730
622,-731
622,-732
623,-732
624,-733
624,-734
625,-735
626,-735
627,-736
628,-737
629,-738
630,-738
631,-739
632,-739
633,-740
634,-741
634,-742
634,-743
634,-744
635,-745
635,-746
635,-747
636,-748
637,-749
638,-750
638,-751
639,-751
640,-752
640,-753
641,-754
641,-755
641,-756
642,-756
643,-757
644,-758
644,-759
645,-759
646,-760
647,-761
647,-762
648,-763
649,-764
649,-765
650,-766
650,-767
650,-768
651,-769
652,-770
652,-771
653,-771
654,-772
654,-773
655,-774
656,-774
657,-775
658,-776
659,-777
660,-778
661,-778
662,-779
663,-780
663,-781
664,-782
665,-782
666,-783
667,-784
668,-785
669,-786
670,-786
671,-787
672,-788
673,-789
674,-789
675,-790
676,-791
676,-792
677,-792
678,-793
679,-794
680,-795
681,-796
682,-796
683,-797
683,-798
684,-798
685,-798
686,-798
687,-798
688,-798
689,-798
690,-799
690,-800
690,-801
690,-802
690,-803
691,-804
692,-804
693,-805
694,-805
695,-806
696,-806
697,-807
697,-808
698,-808
699,-809
700,-809
701,-810
702,-810
703,-810
704,-811
704,-812
705,-813
706,-813
707,-813
708,-814
709,-814
710,-815
711,-816
712,-816
713,-817
714,-817
715,-818
716,-818
717,-819
718,-819
719,-820
720,-821
721,-821
722,-822
723,-822
724,-823
725,-823
726,-823
727,-824
728,-824
729,-825
730,-825
731,-826
732,-826
733,-826
734,-827
735,-827
736,-827
737,-827
738,-828
739,-828
740,-828
741,-828
742,-828
743,-829
744,-829
745,-829
746,-829
747,-830
748,-830
749,-831
750,-831
751,-832
752,-832
753,-833
754,-833
755,-834
756,-834
757,-834
758,-835
759,-835
760,-836
761,-836
762,-837
763,-838
764,-839
765,-839
766,-840
767,-840
768,-841
769,-842
770,-843
771,-843
772,-844
773,-844
774,-844
775,-845
775,-846
775,-847
776,-847
777,-848
778,-849
779,-849
780,-850
781,-851
782,-852
783,-852
784,-853
785,-854
786,-854
787,-854
788,-854
789,-855
790,-856
790,-857
791,-857
792,-857
793,-857
794,-857
795,-858
796,-858
797,-858
798,-858
799,-858
800,-858
801,-858
802,-858
803,-858
804,-858
805,-858
806,-859
807,-860
808,-860
809,-861
809,-862
810,-863
811,-863
812,-864
813,-865
813,-866
813,-867
814,-867
815,-868
815,-869
816,-869
817,-869
818,-870
819,-870
820,-871
821,-872
821,-873
821,-874
822,-874
823,-874
824,-875
825,-876
825,-877
826,-877
827,-878
828,-879
828,-880
829,-881
830,-882
830,-883
831,-883
832,-883
833,-884
834,-885
835,-885
836,-886
837,-887
837,-888
837,-889
838,-890
839,-890
840,-891
841,-892
841,-893
841,-894
842,-894
843,-895
843,-896
843,-897
844,-897
845,-897
846,-898
846,-899
846,-900
846,-901
847,-902
847,-903
847,-904
847,-905
848,-905
849,-905
850,-905
851,-906
852,-906
853,-907
854,-908
854,-909
855,-910
856,-910
857,-911
857,-912
857,-913
856,-914
855,-915
854,-915
853,-915
852,-915
851,-915
850,-915
849,-915
849,-916
849,-917
849,-918
849,-919
850,-919
851,-920
852,-921
852,-922
853,-922
854,-923
855,-924
855,-925
855,-926
855,-927
856,-927
857,-928
857,-929
857,-930
858,-930
859,-931
860,-932
860,-933
861,-933
862,-934
862,-935
862,-936
863,-937
864,-937
865,-938
865,-939
865,-940
866,-941
866,-942
867,-943
868,-944
868,-945
869,-945
870,-946
871,-947
872,-948
872,-949
872,-950
873,-951
873,-952
874,-953
874,-954
874,-955
875,-956
876,-956
877,-957
877,-958
878,-959
879,-960
879,-961
880,-961
881,-962
882,-963
883,-964
883,-965
883,-966
884,-967
884,-968
885,-969
885,-970
886,-970
887,-970
888,-971
888,-972
888,-973
889,-974
889,-975
890,-976
890,-977
891,-978
892,-979
893,-980
893,-981
894,-981
895,-982
895,-983
896,-984
897,-985
897,-986
898,-987
899,-987
900,-988
900,-989
900,-990
901,-990
902,-991
902,-992
902,-993
902,-994
903,-994
904,-995
905,-996
906,-997
907,-998
908,-999
908,-1000
909,-1001
910,-1002
910,-1003
911,-1004
912,-1004
913,-1005
913,-1006
913,-1007
914,-1008
914,-1009
915,-1010
916,-1011
916,-1012
917,-1013
918,-1014
919,-1015
920,-1015
921,-1016
921,-1017
921,-1018
921,-1019
922,-1020
923,-1021
924,-1022
925,-1023
926,-1024
926,-1025
926,-1026
927,-1027
928,-1028
928,-1029
928,-1030
929,-1030
930,-1031
931,-1032
931,-1033
931,-1034
931,-1035
932,-1036
933,-1037
933,-1038
933,-1039
934,-1040
935,-1040
936,-1040
937,-1040
938,-1041
938,-1042
938,-1043
939,-1043
940,-1044
941,-1044
942,-1044
943,-1044
944,-1044
945,-1044
945,-1043
946,-1042
947,-1042
948,-1042
948,-1041
948,-1040
948,-1039
948,-1038
948,-1037
948,-1036
948,-1035
948,-1034
948,-1033
948,-1032
948,-1031
947,-1030
947,-1029
946,-1029
945,-1028
945,-1027
945,-1026
944,-1025
944,-1024
943,-1024
942,-1023
941,-1022
941,-1021
940,-1020
939,-1019
938,-1018
938,-1017
937,-1016
937,-1015
936,-1014
936,-1013
935,-1013
934,-1012
934,-1011
933,-1011
932,-1010
931,-1009
931,-1008
931,-1007
931,-1006
931,-1005
930,-1005
929,-1004
929,-1003
928,-1002
927,-1001
927,-1000
926,-999
925,-998
925,-997
924,-996
923,-995
922,-994
921,-993
921,-992
920,-991
919,-990
919,-989
918,-988
918,-987
917,-986
916,-985
915,-984
915,-983
914,-982
913,-981
912,-980
912,-979
912,-978
912,-977
913,-976
914,-976
915,-976
916,-977
916,-978
917,-978
918,-978
919,-978
920,-978
921,-979
921,-980
921,-981
921,-982
921,-983
922,-983
923,-983
924,-984
924,-985
924,-986
925,-986
926,-986
927,-986
928,-986
929,-986
930,-987
931,-988
931,-989
931,-990
932,-990
933,-991
934,-992
934,-993
935,-993
936,-994
936,-995
936,-996
936,-997
937,-998
938,-999
938,-1000
938,-1001
938,-1002
938,-1003
938,-1004
939,-1005
940,-1006
941,-1006
942,-1007
942,-1008
942,-1009
942,-1010
942,-1011
942,-1012
943,-1012
944,-1013
945,-1013
946,-1013
947,-1014
947,-1015
947,-1016
947,-1017
947,-1018
947,-1019
947,-1020
947,-1021
947,-1022
948,-1023
948,-1024
949,-1024
950,-1024
951,-1024
952,-1024
953,-1024
954,-1024
955,-1025
956,-1025
957,-1025
958,-1026
958,-1027
958,-1028
958,-1029
959,-1029
960,-1029
961,-1029
962,-1029
963,-1029
964,-1029
965,-1029
966,-1030
966,-1031
967,-1032
968,-1032
969,-1033
969,-1034
970,-1034
971,-1034
972,-1034
973,-1034
973,-1033
973,-1032
973,-1031
973,-1030
973,-1029
973,-1028
973,-1027
973,-1026
973,-1025
973,-1024
972,-1024
971,-1024
970,-1023
969,-1023
968,-1023
967,-1023
966,-1023
965,-1023
964,-1022
964,-1021
964,-1020
964,-1019
964,-1018
965,-1017
966,-1017
966,-1016
966,-1015
966,-1014
966,-1013
966,-1012
966,-1011
966,-1010
966,-1009
965,-1008
964,-1007
964,-1006
963,-1005
962,-1004
962,-1003
962,-1002
961,-1001
961,-1000
960,-999
960,-998
959,-997
959,-996
958,-995
958,-994
957,-993
956,-992
956,-991
955,-990
954,-989
953,-988
952,-987
952,-986
952,-985
951,-984
951,-983
950,-982
950,-981
949,-980
948,-979
947,-978
947,-977
946,-976
945,-975
944,-974
944,-973
944,-972
943,-971
942,-970
941,-969
941,-968
940,-967
939,-966
939,-965
939,-964
938,-963
937,-962
936,-961
936,-960
935,-959
934,-958
933,-957
933,-956
933,-955
932,-954
932,-953
931,-952
930,-951
929,-950
929,-949
928,-948
927,-947
927,-946
927,-945
926,-944
925,-943
924,-942
924,-941
923,-940
922,-939
922,-938
921,-937
920,-936
920,-935
919,-934
918,-933
917,-932
917,-931
916,-930
916,-929
915,-928
914,-927
914,-926
913,-925
913,-924
912,-923
911,-922
911,-921
910,-920
909,-919
909,-918
908,-917
907,-916
907,-915
906,-914
906,-913
905,-912
904,-911
904,-910
903,-909
902,-908
902,-907
901,-906
900,-905
900,-904
899,-903
899,-902
898,-901
897,-900
897,-899
896,-898
896,-897
895,-896
894,-895
894,-894
893,-893
892,-892
891,-891
891,-890
891,-889
890,-888
889,-887
888,-886
888,-885
887,-884
887,-883
886,-882
885,-881
885,-880
884,-879
884,-878
883,-877
882,-876
882,-875
881,-874
880,-873
880,-872
879,-871
879,-870
878,-869
877,-868
877,-867
876,-866
876,-865
875,-864
875,-863
874,-862
874,-861
873,-860
873,-859
872,-858
871,-857
871,-856
871,-855
870,-854
869,-853
869,-852
868,-851
868,-850
867,-849
867,-848
866,-847
866,-846
865,-845
865,-844
864,-843
864,-842
864,-841
863,-840
863,-839
862,-838
862,-837
861,-836
861,-835
861,-834
861,-833
860,-832
860,-831
860,-830
859,-829
859,-828
859,-827
858,-826
858,-825
858,-824
857,-823
857,-822
857,-821
856,-820
856,-819
856,-818
855,-817
855,-816
855,-815
854,-814
854,-813
853,-812
852,-811
851,-811
850,-810
850,-809
850,-808
850,-807
850,-806
850,-805
850,-804
850,-803
850,-802
850,-801
850,-800
850,-799
850,-798
849,-797
849,-796
849,-795
849,-794
849,-793
849,-792
849,-791
849,-790
849,-789
849,-788
849,-787
849,-786
849,-785
849,-784
849,-783
849,-782
849,-781
849,-780
849,-779
850,-778
850,-777
850,-776
850,-775
850,-774
850,-773
850,-772
850,-771
850,-770
850,-769
850,-768
850,-767
850,-766
850,-765
849,-764
849,-763
849,-762
849,-761
849,-760
849,-759
849,-758
848,-757
848,-756
848,-755
848,-754
848,-753
848,-752
848,-751
848,-750
847,-749
847,-748
847,-747
847,-746
846,-745
845,-744
845,-743
845,-742
845,-741
845,-740
845,-739
845,-738
844,-737
844,-736
844,-735
844,-734
843,-733
843,-732
842,-731
842,-730
842,-729
842,-728
842,-727
842,-726
841,-725
840,-724
840,-723
840,-722
840,-721
840,-720
839,-719
839,-718
839,-717
838,-716
838,-715
837,-714
837,-713
837,-712
836,-711
836,-710
836,-709
835,-708
835,-707
834,-706
834,-705
833,-704
833,-703
832,-702
832,-701
832,-700
832,-699
831,-698
831,-697
830,-696
830,-695
829,-694
829,-693
828,-692
828,-691
827,-690
827,-689
826,-688
826,-687
826,-686
825,-685
824,-684
824,-683
824,-682
823,-681
823,-680
823,-679
822,-678
822,-677
821,-677
820,-676
820,-675
819,-674
819,-673
819,-672
819,-671
818,-670
817,-669
817,-668
816,-667
816,-666
816,-665
815,-664
815,-663
814,-662
814,-661
813,-660
812,-659
812,-658
812,-657
811,-656
810,-655
810,-654
810,-653
809,-652
808,-651
808,-650
807,-649
806,-648
805,-647
805,-646
804,-645
803,-644
803,-643
802,-642
802,-641
801,-640
800,-639
800,-638
800,-637
799,-636
798,-635
797,-634
796,-633
796,-632
795,-631
795,-630
794,-629
793,-628
792,-627
792,-626
791,-625
790,-624
790,-623
789,-622
788,-621
787,-620
786,-619
785,-618
784,-617
784,-616
784,-615
783,-614
782,-613
781,-612
780,-611
780,-610
779,-609
778,-608
777,-607
776,-606
775,-605
774,-604
773,-603
773,-602
772,-601
771,-601
770,-600
770,-599
769,-598
768,-597
767,-596
766,-596
765,-595
765,-594
764,-593
763,-592
762,-591
761,-590
761,-589
760,-588
759,-587
758,-586
757,-585
756,-585
755,-584
755,-583
754,-582
753,-582
752,-581
752,-580
751,-579
750,-579
749,-578
748,-577
747,-576
747,-575
746,-574
745,-574
744,-573
743,-572
742,-571
741,-571
740,-570
740,-569
739,-568
738,-567
737,-566
736,-565
735,-565
734,-564
733,-563
732,-562
731,-561
730,-560
729,-559
728,-558
727,-557
726,-556
725,-556
724,-555
723,-554
722,-553
721,-552
720,-551
719,-550
718,-550
717,-549
716,-548
715,-548
714,-547
713,-546
712,-545
711,-544
710,-544
709,-543
708,-542
707,-542
706,-541
705,-540
704,-539
703,-539
702,-538
701,-538
700,-537
699,-536
698,-535
697,-535
696,-534
695,-533
694,-533
693,-532
692,-532
691,-531
690,-531
689,-530
688,-530
687,-529
686,-529
685,-528
684,-527
683,-527
682,-526
681,-526
680,-526
679,-525
678,-524
678,-523
677,-523
676,-522
675,-522
674,-521
673,-520
672,-520
671,-519
670,-518
669,-518
668,-517
667,-517
666,-516
665,-516
664,-515
663,-514
662,-514
661,-513
660,-512
659,-511
658,-511
657,-510
656,-510
655,-509
654,-509
653,-508
652,-507
651,-507
650,-506
649,-506
648,-505
647,-505
646,-504
645,-503
644,-503
643,-502
642,-502
641,-501
640,-501
639,-500
638,-500
637,-499
636,-498
635,-498
634,-497
633,-497
632,-496
631,-496
630,-495
629,-495
628,-494
627,-494
626,-493
625,-493
624,-493
623,-492
622,-491
621,-491
620,-490
619,-489
618,-489
617,-489
616,-488
615,-488
614,-487
613,-487
612,-486
611,-486
610,-486
609,-485
608,-485
607,-484
606,-483
605,-483
604,-483
603,-482
602,-481
601,-481
600,-481
599,-480
598,-480
597,-479
596,-479
595,-478
594,-478
593,-478
592,-477
591,-477
590,-476
589,-476
588,-476
587,-475
586,-475
585,-474
584,-474
583,-474
582,-473
581,-473
580,-473
579,-472
578,-472
577,-472
576,-471
575,-471
574,-470
573,-470
572,-470
571,-470
570,-469
569,-469
568,-468
567,-468
566,-468
565,-468
564,-467
563,-467
562,-467
561,-467
560,-466
559,-466
558,-466
557,-465
556,-465
555,-465
554,-464
553,-464
552,-464
551,-463
550,-463
549,-463
548,-462
547,-462
546,-461
545,-461
544,-461
543,-460
542,-460
541,-460
540,-459
539,-459
538,-459
537,-459
536,-458
535,-458
534,-458
533,-458
532,-458
531,-458
530,-458
530,-459
530,-460
530,-461
530,-462
530,-463
530,-464
529,-465
528,-466
