430,-803
430,-804
430,-805
430,-806
430,-807
431,-808
431,-809
431,-810
431,-811
431,-812
431,-813
431,-814
431,-815
431,-816
431,-817
432,-817
433,-817
434,-817
435,-817
436,-817
437,-818
437,-819
437,-820
438,-821
438,-822
438,-823
439,-823
440,-824
440,-825
441,-826
442,-826
443,-826
444,-826
445,-826
446,-826
447,-826
448,-826
449,-826
450,-826
451,-826
452,-826
453,-826
454,-826
455,-826
456,-826
457,-826
458,-826
459,-826
460,-826
461,-826
462,-826
463,-826
464,-826
465,-826
466,-826
467,-825
468,-824
469,-824
470,-824
471,-823
472,-823
473,-822
474,-822
474,-821
474,-820
475,-819
476,-819
477,-819
478,-819
479,-819
480,-818
481,-818
482,-818
483,-818
484,-818
485,-817
486,-817
487,-817
488,-816
489,-816
490,-816
491,-816
492,-816
493,-815
494,-815
495,-815
496,-815
497,-815
498,-815
499,-815
500,-815
501,-815
502,-815
503,-815
504,-815
505,-815
506,-815
507,-815
508,-815
509,-815
510,-815
511,-815
512,-815
513,-815
514,-815
515,-815
516,-815
517,-816
518,-816
519,-816
520,-816
521,-816
522,-816
523,-816
524,-817
525,-817
526,-817
527,-817
528,-817
529,-817
530,-817
531,-817
532,-817
533,-817
534,-817
535,-817
536,-817
537,-817
538,-817
539,-817
540,-818
541,-818
542,-818
543,-819
544,-819
545,-820
546,-820
547,-820
548,-820
549,-821
549,-822
549,-823
550,-823
551,-823
552,-824
553,-824
554,-825
555,-825
556,-826
557,-827
557,-828
558,-828
559,-828
560,-828
561,-829
561,-830
561,-831
562,-831
563,-832
564,-833
565,-833
566,-833
567,-833
568,-833
569,-834
569,-835
569,-836
569,-837
570,-838
571,-838
572,-839
572,-840
572,-841
573,-841
574,-842
574,-843
575,-843
576,-844
577,-845
578,-845
579,-845
580,-845
581,-846
581,-847
581,-848
582,-849
583,-849
584,-849
585,-849
586,-849
587,-849
588,-849
589,-849
590,-849
591,-849
592,-849
593,-850
594,-850
595,-850
596,-850
597,-850
598,-850
599,-851
600,-851
601,-852
601,-853
602,-853
603,-854
604,-854
605,-854
606,-854
607,-854
608,-854
609,-855
610,-855
611,-855
612,-856
612,-857
613,-857
614,-857
615,-858
616,-858
617,-858
618,-858
619,-858
620,-858
621,-858
622,-859
622,-860
622,-861
623,-862
624,-863
624,-864
624,-865
624,-866
624,-867
624,-868
625,-868
626,-868
627,-869
627,-870
628,-870
629,-870
630,-870
631,-870
632,-870
633,-869
634,-869
635,-869
636,-869
637,-869
638,-869
639,-869
640,-870
640,-871
641,-871
642,-871
643,-871
644,-871
645,-871
646,-871
647,-871
648,-871
649,-870
650,-870
651,-870
652,-870
653,-870
654,-870
655,-870
656,-870
657,-870
658,-870
659,-870
660,-870
661,-870
662,-870
663,-870
664,-870
665,-869
666,-869
667,-869
668,-869
669,-869
670,-869
671,-869
672,-869
673,-869
674,-869
675,-869
676,-869
677,-869
678,-869
679,-869
680,-869
681,-868
682,-868
683,-868
684,-868
685,-867
686,-867
687,-867
688,-867
689,-867
690,-867
691,-867
692,-866
693,-866
694,-866
695,-866
696,-866
697,-865
698,-865
699,-865
700,-865
701,-865
702,-865
703,-865
704,-865
705,-865
706,-865
707,-865
708,-865
709,-864
710,-864
711,-864
712,-864
713,-864
714,-864
715,-864
716,-864
717,-864
718,-864
719,-864
720,-864
721,-864
722,-864
723,-864
724,-864
725,-863
726,-863
727,-863
728,-862
729,-862
730,-862
731,-862
732,-862
733,-862
734,-862
735,-861
736,-861
737,-861
738,-861
739,-861
740,-861
741,-861
742,-861
743,-861
744,-860
745,-860
746,-860
747,-860
748,-860
749,-860
750,-860
751,-860
752,-860
753,-860
754,-859
755,-859
756,-859
757,-859
758,-859
759,-858
760,-858
761,-858
762,-858
763,-858
764,-857
765,-857
766,-857
767,-857
768,-857
769,-857
770,-857
771,-857
772,-857
773,-857
774,-857
775,-856
776,-856
777,-856
778,-856
779,-856
780,-856
781,-855
782,-855
783,-855
784,-855
785,-855
786,-855
787,-854
788,-854
789,-854
790,-854
791,-854
792,-853
793,-853
794,-853
795,-853
796,-853
797,-853
798,-853
799,-853
800,-853
801,-853
802,-852
803,-852
804,-851
805,-851
806,-851
807,-851
808,-851
809,-850
810,-850
811,-850
812,-849
813,-849
814,-849
815,-849
816,-849
817,-849
818,-849
819,-848
820,-848
821,-848
822,-848
823,-847
824,-847
825,-846
826,-846
827,-846
828,-846
829,-845
830,-845
831,-845
832,-845
833,-844
834,-844
835,-844
836,-843
837,-843
838,-843
839,-842
840,-842
841,-842
842,-841
843,-841
844,-841
845,-840
846,-840
847,-840
848,-839
849,-839
850,-838
851,-837
852,-837
853,-837
854,-836
855,-836
856,-836
857,-835
858,-835
859,-834
860,-834
861,-834
862,-833
863,-833
864,-833
865,-832
866,-832
867,-832
868,-832
869,-831
870,-831
871,-830
872,-830
873,-829
874,-829
875,-829
876,-829
877,-828
878,-828
879,-828
880,-827
881,-826
882,-826
883,-825
884,-825
885,-825
886,-825
887,-824
888,-824
889,-823
890,-822
891,-822
892,-821
893,-821
894,-821
895,-821
896,-820
897,-820
898,-819
899,-818
900,-818
901,-817
902,-817
903,-817
904,-816
905,-816
906,-815
907,-814
908,-813
909,-813
910,-813
911,-812
912,-812
913,-812
914,-811
915,-811
915,-810
916,-809
917,-809
918,-809
919,-808
920,-808
921,-807
922,-806
923,-806
924,-806
925,-805
926,-805
927,-804
928,-804
929,-803
930,-802
931,-802
932,-801
933,-801
934,-800
935,-799
936,-799
937,-798
938,-797
939,-797
940,-796
941,-796
941,-795
942,-794
943,-794
944,-794
945,-793
946,-792
947,-791
948,-790
949,-790
950,-789
951,-789
952,-788
953,-787
954,-787
955,-786
956,-785
957,-785
958,-784
959,-784
960,-783
961,-782
962,-781
963,-781
964,-780
965,-779
966,-778
967,-777
968,-777
969,-776
970,-775
971,-774
972,-774
973,-773
974,-773
975,-772
976,-771
977,-770
978,-770
979,-769
980,-768
981,-768
982,-767
982,-766
983,-765
984,-765
985,-764
986,-764
986,-763
987,-762
988,-762
989,-761
990,-760
991,-759
992,-758
993,-757
994,-756
995,-755
996,-754
997,-754
998,-753
999,-752
1000,-752
1001,-751
1002,-751
1002,-750
1003,-749
1004,-749
1005,-748
1006,-748
1007,-747
1008,-746
1009,-746
1010,-745
1011,-744
1012,-743
1013,-742
1014,-741
1015,-740
1016,-740
1017,-739
1018,-738
1019,-737
1020,-736
1021,-736
1022,-735
1023,-734
1024,-733
1025,-733
1026,-732
1027,-731
1028,-730
1029,-729
1030,-729
1031,-728
1032,-727
1033,-726
1034,-726
1034,-725
1035,-724
1036,-724
1037,-723
1038,-722
1039,-721
1040,-720
1041,-720
1042,-719
1043,-718
1044,-717
1045,-716
1046,-715
1047,-714
1048,-714
1048,-713
1049,-712
1050,-711
1051,-710
1052,-710
1053,-710
1054,-709
1055,-708
1056,-708
1056,-707
1057,-706
1058,-705
1059,-705
1059,-704
1059,-703
1060,-702
1061,-702
1062,-702
1063,-702
1064,-702
1065,-701
1065,-700
1066,-699
1067,-699
1068,-698
1068,-697
1068,-696
1069,-695
1070,-695
1071,-694
1071,-693
1071,-692
1071,-691
1071,-690
1072,-689
1072,-688
1072,-687
1072,-686
1072,-685
1072,-684
1072,-683
1072,-682
1072,-681
1072,-680
1071,-679
1070,-679
1069,-678
1068,-678
1067,-677
1066,-676
1065,-676
1064,-675
1063,-674
1062,-674
1061,-674
1060,-673
1059,-672
1058,-672
1057,-671
1056,-671
1055,-670
1054,-670
1053,-670
1052,-669
1051,-669
1050,-668
1049,-668
1048,-667
1047,-667
1046,-667
1045,-666
1044,-666
1043,-666
1042,-665
1041,-665
1040,-664
1039,-664
1038,-664
1037,-664
1036,-663
1035,-663
1034,-663
1033,-663
1032,-662
1031,-662
1030,-662
1029,-661
1028,-661
1027,-661
1026,-660
1025,-660
1024,-660
1023,-660
1022,-659
1021,-659
1020,-659
1019,-659
1018,-659
1017,-658
1016,-658
1015,-657
1014,-657
1013,-657
1012,-657
1011,-656
1010,-656
1009,-656
1008,-656
1007,-656
1006,-655
1005,-655
1004,-655
1003,-654
1002,-654
1001,-654
1000,-654
999,-654
998,-654
997,-653
996,-653
995,-653
994,-653
993,-653
992,-652
991,-652
990,-652
989,-652
988,-651
987,-651
986,-651
985,-651
984,-651
983,-651
982,-650
981,-650
980,-650
979,-650
978,-649
977,-649
976,-649
975,-649
974,-648
973,-648
972,-648
971,-648
970,-647
969,-647
968,-647
967,-647
966,-647
965,-647
964,-647
963,-646
962,-646
961,-646
960,-646
959,-646
958,-646
957,-645
956,-645
955,-645
954,-644
953,-644
952,-644
951,-644
950,-644
949,-644
948,-644
947,-644
946,-644
945,-643
944,-643
943,-643
942,-643
941,-642
940,-642
939,-642
938,-642
937,-642
936,-642
935,-642
934,-641
933,-641
932,-641
931,-641
930,-641
929,-641
928,-640
927,-640
926,-640
925,-640
924,-640
923,-640
922,-640
921,-640
920,-639
919,-639
918,-639
917,-639
916,-638
915,-638
914,-638
913,-638
912,-637
911,-637
910,-637
909,-636
908,-636
907,-636
906,-636
905,-636
904,-636
903,-636
902,-635
901,-635
900,-635
899,-635
898,-635
897,-635
896,-635
895,-635
894,-635
893,-635
892,-634
891,-634
890,-633
889,-633
888,-633
887,-633
886,-633
885,-633
884,-633
883,-633
882,-632
881,-632
880,-632
879,-632
878,-632
877,-632
876,-632
875,-632
874,-632
873,-632
872,-632
871,-632
870,-632
869,-632
868,-632
867,-631
866,-631
865,-631
864,-631
863,-631
862,-631
861,-631
860,-631
859,-631
858,-631
857,-631
856,-631
855,-631
854,-631
853,-631
852,-631
851,-631
850,-631
849,-631
848,-631
847,-631
846,-631
845,-631
844,-631
843,-631
842,-631
841,-631
840,-631
839,-630
838,-630
837,-630
836,-630
835,-630
834,-630
833,-630
832,-630
831,-630
830,-630
829,-630
828,-630
827,-630
826,-630
825,-630
824,-630
823,-630
822,-630
821,-630
820,-630
819,-630
818,-630
817,-630
816,-630
815,-630
814,-630
813,-630
812,-630
811,-630
810,-630
809,-630
808,-630
807,-630
806,-630
805,-630
804,-630
803,-630
802,-630
801,-630
800,-631
799,-631
798,-631
797,-631
796,-631
795,-631
794,-631
793,-631
792,-631
791,-631
790,-631
789,-631
788,-631
787,-631
786,-631
785,-632
784,-632
783,-632
782,-632
781,-632
780,-632
779,-632
778,-632
777,-632
776,-632
775,-632
774,-632
773,-632
772,-632
771,-633
770,-633
769,-633
768,-633
767,-633
766,-634
765,-634
764,-634
763,-634
762,-634
761,-635
760,-635
759,-635
758,-635
757,-635
756,-635
755,-635
754,-636
753,-636
752,-636
751,-636
750,-636
749,-636
748,-636
747,-636
746,-636
745,-637
744,-637
743,-637
742,-637
741,-637
740,-638
739,-638
738,-638
737,-638
736,-638
735,-638
734,-639
733,-639
732,-639
731,-639
730,-640
729,-640
728,-640
727,-640
726,-640
725,-640
724,-641
723,-641
722,-641
721,-641
720,-642
719,-642
718,-642
717,-642
716,-642
715,-642
714,-642
713,-643
712,-643
711,-643
710,-643
709,-644
708,-644
707,-644
706,-645
705,-645
704,-645
703,-645
702,-646
701,-646
700,-646
699,-647
698,-647
697,-647
696,-648
695,-648
694,-648
693,-648
692,-648
691,-648
690,-649
689,-649
688,-649
687,-650
686,-650
685,-651
684,-651
683,-651
682,-652
681,-652
680,-652
679,-652
678,-653
677,-653
676,-653
675,-654
674,-654
673,-654
672,-655
671,-655
670,-656
669,-656
668,-656
667,-656
666,-657
665,-658
664,-658
663,-658
662,-659
661,-659
660,-659
659,-660
658,-660
657,-661
656,-661
655,-662
654,-662
653,-663
652,-663
651,-664
650,-664
649,-665
648,-665
647,-665
646,-665
645,-666
644,-666
643,-667
642,-667
641,-668
640,-668
639,-668
638,-669
637,-669
636,-670
635,-670
634,-671
633,-671
632,-672
631,-672
630,-672
629,-673
628,-673
627,-674
626,-675
625,-675
624,-676
623,-676
622,-677
621,-678
620,-679
619,-679
618,-679
617,-680
616,-680
615,-681
614,-681
613,-682
612,-682
611,-683
610,-683
609,-684
608,-685
607,-685
606,-686
605,-687
604,-687
603,-688
602,-688
601,-689
600,-690
599,-691
598,-691
597,-692
596,-692
595,-693
594,-694
593,-694
593,-695
592,-696
591,-696
590,-697
589,-698
588,-699
587,-699
586,-700
585,-701
584,-702
583,-703
583,-704
582,-705
581,-705
580,-705
579,-706
579,-707
578,-708
577,-709
576,-709
575,-709
575,-710
575,-711
574,-712
573,-712
572,-712
571,-713
570,-714
569,-715
568,-716
567,-717
566,-718
565,-719
564,-720
563,-721
562,-722
561,-723
560,-724
559,-725
558,-726
557,-727
556,-728
556,-729
555,-730
554,-731
554,-732
553,-733
552,-733
551,-734
550,-735
549,-736
548,-737
547,-738
546,-739
545,-740
544,-741
543,-742
542,-743
541,-744
540,-745
539,-746
538,-746
537,-747
536,-748
535,-749
534,-750
533,-750
532,-751
531,-752
530,-753
529,-753
528,-754
527,-754
526,-755
525,-755
524,-756
523,-756
522,-756
521,-757
520,-757
519,-758
518,-758
517,-759
516,-759
515,-759
514,-759
513,-760
512,-760
511,-760
510,-761
509,-761
508,-762
507,-762
506,-762
505,-763
504,-763
503,-763
502,-764
501,-764
500,-764
499,-765
498,-765
497,-765
496,-766
495,-766
494,-766
493,-767
492,-767
491,-767
490,-767
489,-768
488,-768
487,-768
486,-768
485,-768
484,-769
483,-769
482,-769
481,-769
480,-769
479,-770
478,-770
477,-770
476,-771
475,-771
474,-771
473,-771
472,-772
471,-772
470,-772
469,-773
468,-773
467,-773
466,-773
465,-773
464,-774
463,-774
462,-774
461,-775
460,-775
459,-775
458,-776
457,-776
456,-776
455,-776
454,-777
453,-777
452,-777
451,-777
450,-777
449,-778
448,-778
447,-779
446,-779
445,-779
444,-779
443,-779
442,-780
441,-780
440,-780
439,-781
438,-781
437,-781
436,-782
435,-782
434,-782
433,-782
433,-783
433,-784
433,-785
433,-786
433,-787
434,-788
434,-789
434,-790
434,-791
434,-792
434,-793
434,-794
434,-795
434,-796
434,-797
434,-798
434,-799
433,-800
433,-801
432,-802
431,-802
430,-803
