584,-453
584,-454
584,-455
584,-456
584,-457
585,-458
585,-459
585,-460
585,-461
585,-462
585,-463
585,-464
585,-465
585,-466
585,-467
586,-467
587,-468
587,-469
587,-470
588,-470
589,-471
589,-472
589,-473
589,-474
589,-475
590,-476
590,-477
590,-478
590,-479
590,-480
590,-481
590,-482
590,-483
590,-484
591,-485
591,-486
591,-487
591,-488
592,-489
592,-490
592,-491
592,-492
592,-493
592,-494
592,-495
593,-496
593,-497
593,-498
593,-499
593,-500
593,-501
593,-502
593,-503
593,-504
593,-505
594,-506
594,-507
594,-508
594,-509
594,-510
594,-511
595,-512
595,-513
595,-514
595,-515
595,-516
595,-517
596,-518
596,-519
596,-520
597,-521
597,-522
597,-523
597,-524
598,-525
598,-526
598,-527
598,-528
598,-529
599,-530
599,-531
599,-532
599,-533
599,-534
599,-535
600,-536
600,-537
600,-538
600,-539
601,-540
601,-541
601,-542
601,-543
601,-544
601,-545
601,-546
601,-547
602,-548
602,-549
602,-550
602,-551
602,-552
603,-553
603,-554
603,-555
603,-556
603,-557
603,-558
603,-559
603,-560
604,-561
604,-562
604,-563
604,-564
604,-565
605,-566
605,-567
605,-568
605,-569
605,-570
605,-571
606,-572
606,-573
606,-574
606,-575
607,-576
607,-577
607,-578
607,-579
607,-580
607,-581
607,-582
607,-583
607,-584
608,-585
608,-586
608,-587
608,-588
609,-589
609,-590
609,-591
609,-592
609,-593
610,-594
610,-595
610,-596
610,-597
610,-598
611,-599
611,-600
611,-601
611,-602
612,-603
612,-604
612,-605
613,-606
613,-607
613,-608
613,-609
613,-610
614,-611
614,-612
614,-613
614,-614
614,-615
615,-616
615,-617
615,-618
616,-619
616,-620
617,-621
617,-622
617,-623
617,-624
618,-625
618,-626
618,-627
618,-628
618,-629
619,-630
619,-631
619,-632
619,-633
619,-634
620,-635
621,-636
622,-637
622,-638
623,-639
624,-640
625,-641
625,-642
626,-643
627,-643
628,-644
628,-645
629,-646
630,-647
630,-648
631,-649
632,-650
633,-651
633,-652
634,-653
635,-654
636,-654
637,-655
637,-656
637,-657
638,-657
639,-658
640,-659
640,-660
641,-661
641,-662
641,-663
640,-664
639,-664
638,-664
637,-663
637,-662
636,-662
635,-661
635,-660
634,-660
633,-660
632,-660
631,-660
630,-660
630,-661
630,-662
630,-663
630,-664
630,-665
631,-666
632,-667
632,-668
632,-669
632,-670
633,-671
633,-672
633,-673
633,-674
633,-675
633,-676
633,-677
632,-678
631,-678
630,-678
629,-678
629,-679
629,-680
629,-681
629,-682
629,-683
629,-684
630,-684
631,-685
632,-686
632,-687
632,-688
633,-688
634,-689
634,-690
634,-691
634,-692
635,-692
636,-693
637,-694
637,-695
637,-696
637,-697
636,-698
636,-699
636,-700
636,-701
636,-702
637,-703
637,-704
638,-704
639,-705
640,-706
640,-707
640,-708
640,-709
640,-710
640,-711
640,-712
640,-713
641,-713
642,-714
643,-715
643,-716
643,-717
643,-718
644,-719
645,-719
646,-720
646,-721
646,-722
646,-723
647,-723
648,-724
649,-725
650,-726
651,-727
651,-728
651,-729
652,-730
652,-731
652,-732
653,-732
654,-733
654,-734
654,-735
655,-735
656,-736
656,-737
656,-738
656,-739
657,-740
657,-741
658,-742
658,-743
658,-744
659,-744
660,-744
661,-744
662,-745
662,-746
662,-747
663,-748
663,-749
664,-749
665,-750
665,-751
666,-752
667,-752
668,-752
669,-753
670,-754
670,-755
671,-756
672,-756
673,-757
673,-758
673,-759
674,-760
675,-761
676,-762
677,-763
678,-763
679,-764
679,-765
679,-766
680,-767
680,-768
681,-768
682,-769
682,-770
683,-771
684,-771
685,-772
685,-773
685,-774
686,-775
686,-776
687,-777
688,-778
688,-779
688,-780
689,-780
690,-781
691,-781
692,-782
693,-782
694,-783
695,-784
696,-785
696,-786
697,-787
698,-787
699,-788
700,-789
700,-790
701,-791
702,-791
703,-792
704,-793
705,-793
706,-793
707,-793
708,-793
709,-792
710,-792
711,-792
712,-793
713,-794
713,-795
714,-795
715,-796
715,-797
716,-798
717,-798
718,-799
719,-800
719,-801
720,-801
721,-802
722,-803
723,-804
724,-805
724,-806
725,-806
726,-807
726,-808
727,-808
728,-809
728,-810
729,-811
730,-811
731,-811
732,-812
732,-813
733,-814
733,-815
733,-816
734,-816
735,-817
736,-818
737,-818
738,-819
738,-820
739,-820
740,-820
741,-821
741,-822
741,-823
741,-824
742,-824
743,-824
744,-824
745,-825
746,-825
747,-826
747,-827
747,-828
747,-829
748,-829
749,-829
750,-829
751,-830
752,-831
752,-832
753,-833
753,-834
754,-834
755,-834
756,-834
757,-835
758,-836
759,-837
760,-838
761,-838
762,-839
763,-840
764,-840
765,-840
766,-840
767,-841
768,-842
769,-842
770,-842
771,-842
772,-843
773,-843
774,-844
775,-845
776,-845
777,-845
778,-846
779,-847
780,-847
781,-848
782,-848
783,-849
784,-850
785,-851
786,-851
787,-852
787,-853
788,-853
789,-853
790,-854
790,-855
790,-856
790,-857
790,-858
790,-859
791,-860
792,-861
792,-862
792,-863
793,-864
794,-865
794,-866
794,-867
795,-867
796,-867
797,-867
798,-868
798,-869
798,-870
798,-871
798,-872
798,-873
798,-874
799,-875
799,-876
799,-877
799,-878
799,-879
800,-879
801,-879
802,-879
803,-880
803,-881
803,-882
803,-883
804,-883
805,-884
805,-885
805,-886
805,-887
806,-888
806,-889
806,-890
807,-890
808,-891
809,-892
809,-893
809,-894
810,-895
810,-896
810,-897
810,-898
810,-899
811,-900
811,-901
811,-902
812,-902
813,-902
814,-903
815,-904
815,-905
815,-906
815,-907
815,-908
815,-909
816,-909
817,-909
818,-909
819,-909
820,-910
820,-911
820,-912
820,-913
820,-914
820,-915
820,-916
820,-917
821,-917
822,-918
823,-919
823,-920
824,-920
825,-921
826,-922
826,-923
826,-924
827,-924
828,-925
828,-926
829,-926
830,-927
830,-928
830,-929
830,-930
831,-931
831,-932
831,-933
831,-934
831,-935
831,-936
831,-937
832,-937
833,-937
834,-938
834,-939
834,-940
835,-941
835,-942
835,-943
835,-944
835,-945
835,-946
835,-947
836,-947
837,-947
838,-948
838,-949
838,-950
838,-951
839,-952
839,-953
839,-954
840,-954
841,-954
842,-955
843,-956
843,-957
844,-958
844,-959
844,-960
844,-961
844,-962
844,-963
844,-964
844,-965
845,-966
845,-967
845,-968
846,-969
846,-970
846,-971
847,-971
848,-972
848,-973
848,-974
849,-975
849,-976
850,-977
850,-978
850,-979
851,-980
851,-981
851,-982
851,-983
851,-984
851,-985
851,-986
852,-986
853,-986
854,-987
854,-988
855,-989
855,-990
856,-991
857,-992
857,-993
857,-994
857,-995
857,-996
857,-997
858,-998
859,-999
859,-1000
860,-1001
860,-1002
860,-1003
860,-1004
861,-1005
861,-1006
862,-1007
863,-1008
863,-1009
863,-1010
863,-1011
864,-1011
865,-1012
865,-1013
865,-1014
865,-1015
866,-1016
866,-1017
866,-1018
866,-1019
867,-1020
868,-1021
869,-1022
869,-1023
869,-1024
869,-1025
869,-1026
869,-1027
870,-1027
871,-1028
871,-1029
871,-1030
871,-1031
871,-1032
871,-1033
871,-1034
871,-1035
872,-1036
873,-1037
874,-1037
875,-1038
875,-1039
875,-1040
875,-1041
875,-1042
875,-1043
876,-1044
876,-1045
876,-1046
876,-1047
877,-1048
877,-1049
878,-1050
879,-1051
879,-1052
879,-1053
879,-1054
880,-1055
880,-1056
880,-1057
880,-1058
881,-1059
881,-1060
881,-1061
882,-1061
883,-1062
883,-1063
883,-1064
883,-1065
884,-1065
885,-1066
885,-1067
886,-1068
887,-1068
888,-1069
889,-1070
889,-1071
890,-1071
891,-1072
892,-1073
893,-1074
893,-1075
893,-1076
894,-1076
895,-1076
896,-1076
897,-1076
898,-1076
898,-1075
898,-1074
899,-1073
900,-1072
901,-1072
902,-1071
903,-1071
904,-1071
905,-1071
906,-1071
907,-1071
908,-1071
909,-1070
909,-1069
909,-1068
909,-1067
909,-1066
909,-1065
908,-1064
907,-1064
906,-1063
905,-1062
905,-1061
905,-1060
904,-1059
903,-1059
902,-1059
901,-1059
900,-1058
899,-1057
898,-1057
897,-1056
897,-1055
897,-1054
897,-1053
897,-1052
898,-1051
899,-1051
900,-1051
901,-1052
902,-1052
903,-1052
904,-1052
905,-1052
906,-1052
907,-1051
908,-1051
909,-1050
909,-1049
910,-1048
911,-1048
911,-1047
911,-1046
911,-1045
911,-1044
911,-1043
911,-1042
911,-1041
910,-1040
910,-1039
910,-1038
910,-1037
911,-1036
912,-1036
913,-1036
914,-1035
914,-1034
914,-1033
914,-1032
914,-1031
914,-1030
914,-1029
914,-1028
913,-1027
913,-1026
912,-1026
911,-1026
910,-1026
909,-1026
908,-1025
908,-1024
908,-1023
909,-1022
910,-1022
911,-1021
912,-1020
913,-1020
914,-1020
915,-1020
916,-1020
917,-1020
917,-1019
917,-1018
917,-1017
917,-1016
917,-1015
916,-1014
915,-1013
915,-1012
915,-1011
915,-1010
915,-1009
915,-1008
915,-1007
915,-1006
914,-1005
914,-1004
914,-1003
914,-1002
913,-1001
913,-1000
913,-999
912,-998
912,-997
912,-996
912,-995
911,-994
911,-993
911,-992
911,-991
910,-990
910,-989
909,-988
909,-987
908,-986
908,-985
908,-984
908,-983
907,-982
907,-981
906,-980
906,-979
906,-978
905,-977
905,-976
905,-975
904,-974
904,-973
903,-972
903,-971
903,-970
902,-969
902,-968
902,-967
901,-966
901,-965
900,-964
900,-963
900,-962
899,-961
899,-960
898,-959
898,-958
897,-957
897,-956
897,-955
897,-954
896,-953
895,-952
895,-951
895,-950
895,-949
894,-948
894,-947
893,-946
893,-945
893,-944
892,-943
892,-942
892,-941
891,-940
891,-939
891,-938
890,-937
890,-936
890,-935
889,-934
889,-933
889,-932
889,-931
888,-930
888,-929
887,-928
887,-927
887,-926
886,-925
886,-924
886,-923
885,-922
885,-921
884,-920
884,-919
884,-918
883,-917
883,-916
883,-915
882,-914
882,-913
882,-912
881,-911
881,-910
880,-909
880,-908
880,-907
879,-906
879,-905
878,-904
878,-903
878,-902
878,-901
877,-900
877,-899
876,-898
876,-897
876,-896
875,-895
875,-894
875,-893
874,-892
874,-891
873,-890
873,-889
873,-888
872,-887
872,-886
872,-885
871,-884
871,-883
871,-882
870,-881
870,-880
870,-879
869,-878
869,-877
868,-876
868,-875
868,-874
868,-873
867,-872
867,-871
867,-870
866,-869
865,-868
865,-867
865,-866
864,-865
864,-864
864,-863
863,-862
863,-861
863,-860
862,-859
862,-858
862,-857
862,-856
861,-855
861,-854
860,-853
860,-852
860,-851
859,-850
859,-849
859,-848
859,-847
859,-846
858,-845
858,-844
857,-843
857,-842
857,-841
857,-840
857,-839
857,-838
857,-837
857,-836
857,-835
857,-834
857,-833
857,-832
857,-831
857,-830
857,-829
857,-828
857,-827
857,-826
857,-825
857,-824
857,-823
857,-822
857,-821
858,-820
858,-819
858,-818
858,-817
858,-816
859,-815
859,-814
859,-813
859,-812
859,-811
860,-810
860,-809
860,-808
861,-807
861,-806
861,-805
862,-804
862,-803
862,-802
863,-801
863,-800
863,-799
863,-798
864,-797
864,-796
864,-795
864,-794
865,-793
865,-792
865,-791
865,-790
866,-789
866,-788
866,-787
866,-786
866,-785
866,-784
867,-783
867,-782
867,-781
867,-780
867,-779
867,-778
867,-777
867,-776
867,-775
867,-774
867,-773
867,-772
867,-771
867,-770
867,-769
867,-768
867,-767
867,-766
867,-765
867,-764
867,-763
867,-762
867,-761
867,-760
867,-759
867,-758
866,-757
866,-756
866,-755
866,-754
866,-753
866,-752
866,-751
866,-750
866,-749
866,-748
866,-747
866,-746
866,-745
866,-744
866,-743
866,-742
866,-741
866,-740
865,-739
865,-738
865,-737
865,-736
865,-735
865,-734
865,-733
864,-732
864,-731
864,-730
863,-729
863,-728
863,-727
863,-726
863,-725
863,-724
863,-723
863,-722
863,-721
862,-720
862,-719
862,-718
862,-717
862,-716
861,-715
861,-714
861,-713
860,-712
860,-711
860,-710
860,-709
859,-708
859,-707
859,-706
859,-705
859,-704
859,-703
859,-702
858,-701
857,-700
857,-699
857,-698
857,-697
857,-696
856,-695
856,-694
855,-693
855,-692
855,-691
855,-690
854,-689
854,-688
854,-687
853,-687
852,-686
852,-685
851,-684
851,-683
851,-682
851,-681
851,-680
851,-679
851,-678
850,-677
850,-676
850,-675
849,-674
849,-673
848,-672
848,-671
848,-670
847,-669
847,-668
847,-667
846,-666
846,-665
845,-664
845,-663
844,-662
844,-661
843,-660
842,-659
842,-658
842,-657
841,-656
840,-655
840,-654
840,-653
839,-652
839,-651
838,-650
837,-649
837,-648
836,-647
836,-646
836,-645
835,-644
835,-643
834,-642
833,-641
833,-640
832,-639
832,-638
831,-637
831,-636
830,-635
830,-634
829,-633
829,-632
828,-631
828,-630
827,-630
826,-629
826,-628
826,-627
825,-626
824,-625
824,-624
824,-623
823,-622
822,-621
822,-620
821,-619
820,-618
820,-617
819,-616
818,-615
817,-614
817,-613
816,-612
815,-611
815,-610
814,-609
813,-608
812,-607
812,-606
811,-605
811,-604
810,-603
809,-602
809,-601
808,-600
807,-599
807,-598
806,-597
805,-596
805,-595
804,-594
803,-593
803,-592
802,-591
801,-590
800,-589
800,-588
799,-587
798,-586
797,-585
797,-584
796,-583
795,-582
794,-581
794,-580
793,-579
792,-578
791,-577
790,-576
790,-575
789,-574
788,-573
787,-572
786,-571
785,-570
784,-569
783,-568
782,-567
781,-567
780,-566
780,-565
779,-564
778,-563
777,-562
776,-561
775,-560
774,-559
773,-558
772,-557
771,-556
770,-555
769,-554
768,-553
767,-552
766,-551
765,-550
764,-549
763,-548
762,-547
761,-547
760,-546
759,-545
758,-544
757,-543
756,-542
755,-541
754,-541
753,-540
752,-539
751,-538
750,-537
749,-537
748,-536
747,-535
746,-534
745,-534
744,-533
743,-532
742,-531
741,-531
740,-530
740,-529
739,-529
738,-528
738,-527
737,-527
736,-526
735,-525
734,-524
733,-523
732,-522
731,-522
730,-521
729,-520
728,-520
727,-519
726,-518
725,-518
724,-517
723,-516
722,-515
721,-514
720,-513
719,-512
719,-511
718,-511
717,-510
716,-509
715,-509
714,-508
713,-507
712,-506
711,-506
710,-505
709,-504
708,-504
707,-503
706,-502
705,-502
704,-501
703,-500
702,-499
701,-499
700,-498
699,-497
698,-497
697,-496
696,-495
695,-495
694,-494
693,-493
692,-492
691,-492
690,-491
689,-490
688,-489
687,-488
686,-487
685,-487
684,-486
683,-485
682,-484
681,-483
680,-482
679,-482
678,-481
677,-481
676,-480
676,-479
675,-478
674,-478
673,-477
672,-476
671,-476
670,-475
669,-474
668,-473
667,-472
666,-471
665,-471
664,-470
663,-469
662,-469
661,-468
660,-467
659,-466
658,-465
657,-464
656,-464
655,-463
654,-462
653,-462
652,-461
651,-460
650,-459
649,-459
648,-458
648,-457
647,-457
646,-456
645,-455
644,-454
643,-454
642,-453
641,-452
640,-451
639,-451
638,-450
637,-450
636,-449
635,-448
634,-448
633,-447
632,-446
631,-445
630,-444
629,-444
628,-443
627,-442
626,-442
625,-441
624,-440
623,-440
622,-439
621,-439
620,-438
619,-437
618,-437
617,-436
616,-436
615,-435
614,-435
613,-434
612,-434
611,-433
610,-433
609,-432
608,-432
607,-431
606,-431
605,-431
604,-430
603,-430
602,-429
601,-429
600,-428
599,-428
598,-428
597,-427
596,-427
595,-427
594,-426
593,-426
592,-426
591,-426
590,-426
589,-426
589,-427
589,-428
588,-429
588,-430
588,-431
588,-432
588,-433
588,-434
587,-435
587,-436
587,-437
587,-438
587,-439
587,-440
587,-441
587,-442
587,-443
587,-444
587,-445
587,-446
587,-447
587,-448
587,-449
587,-450
586,-451
586,-452
585,-453
584,-453
