432,-812
432,-813
432,-814
432,-815
432,-816
432,-817
432,-818
433,-819
434,-820
435,-820
436,-820
437,-820
438,-820
439,-820
440,-820
441,-821
442,-821
443,-821
444,-821
445,-821
446,-822
447,-822
448,-822
449,-822
450,-822
451,-822
452,-823
453,-823
454,-823
455,-823
456,-824
457,-824
458,-824
459,-824
460,-824
461,-825
462,-825
463,-825
464,-825
465,-826
466,-826
467,-826
468,-827
469,-827
470,-827
471,-828
472,-828
473,-828
474,-828
475,-828
476,-829
477,-829
478,-830
479,-830
480,-830
481,-830
482,-830
483,-830
484,-831
485,-831
486,-832
487,-832
488,-833
489,-833
490,-833
491,-834
492,-834
493,-834
494,-834
495,-834
496,-835
497,-835
498,-835
499,-835
500,-835
501,-836
501,-837
502,-837
503,-837
504,-837
505,-837
506,-837
507,-838
508,-838
509,-838
510,-838
511,-839
512,-839
513,-839
514,-840
515,-840
516,-841
517,-841
518,-841
519,-841
520,-841
521,-842
522,-842
523,-842
524,-842
525,-842
526,-843
527,-843
528,-844
529,-844
530,-845
531,-846
532,-846
533,-846
534,-846
535,-846
536,-846
537,-846
538,-847
539,-847
540,-847
541,-847
542,-848
543,-848
544,-848
545,-849
546,-849
547,-849
548,-850
549,-850
550,-850
551,-850
552,-850
553,-851
554,-851
555,-851
556,-852
557,-852
558,-853
559,-853
560,-853
561,-853
562,-853
563,-853
564,-854
565,-855
566,-855
567,-855
568,-855
569,-856
570,-856
571,-856
572,-856
573,-857
574,-857
575,-857
576,-857
577,-857
578,-857
579,-858
580,-858
581,-858
582,-858
583,-859
584,-859
585,-859
586,-860
587,-860
588,-861
589,-861
590,-861
591,-861
592,-862
593,-862
594,-862
595,-862
596,-862
597,-862
598,-862
599,-863
599,-864
600,-864
601,-864
602,-864
603,-864
604,-865
605,-865
606,-865
607,-865
608,-865
609,-866
610,-866
611,-866
612,-866
613,-866
614,-866
615,-866
616,-866
617,-866
618,-867
619,-867
620,-867
621,-867
622,-867
623,-868
624,-868
625,-868
626,-869
627,-869
628,-869
629,-869
630,-869
631,-869
632,-869
633,-869
634,-869
635,-869
636,-869
637,-869
638,-869
639,-869
640,-869
641,-870
642,-870
643,-870
644,-870
645,-870
646,-870
647,-870
648,-870
649,-870
650,-870
651,-870
652,-870
653,-870
654,-870
655,-870
656,-870
657,-870
658,-870
659,-870
660,-870
661,-870
662,-871
663,-871
664,-871
665,-871
666,-871
667,-871
668,-871
669,-871
670,-871
671,-871
672,-871
673,-871
674,-871
675,-871
676,-871
677,-871
678,-871
679,-871
680,-871
681,-871
682,-871
683,-871
684,-871
685,-871
686,-871
687,-871
688,-871
689,-871
690,-871
691,-871
692,-871
693,-871
694,-871
695,-871
696,-871
697,-871
698,-871
699,-871
700,-871
701,-871
702,-871
703,-871
704,-871
705,-871
706,-871
707,-871
708,-871
709,-871
710,-871
711,-871
712,-871
713,-871
714,-871
715,-870
716,-870
717,-870
718,-870
719,-870
720,-870
721,-870
722,-870
723,-870
724,-870
725,-870
726,-870
727,-870
728,-870
728,-869
728,-868
728,-867
728,-866
729,-865
730,-865
731,-865
732,-864
733,-864
734,-864
735,-864
736,-864
737,-864
738,-863
739,-863
740,-863
741,-863
742,-863
743,-863
744,-863
745,-864
746,-864
747,-864
748,-865
749,-865
750,-865
751,-865
752,-865
753,-865
754,-865
755,-865
756,-865
757,-865
758,-865
759,-864
760,-864
761,-863
762,-863
763,-863
764,-862
765,-862
766,-862
767,-862
768,-862
769,-862
770,-861
771,-861
772,-861
773,-861
774,-861
775,-861
776,-860
777,-860
778,-860
779,-860
780,-859
781,-858
782,-858
783,-858
784,-857
785,-857
786,-857
787,-857
788,-857
789,-857
790,-856
791,-856
792,-856
793,-856
793,-855
794,-854
795,-854
796,-854
797,-854
798,-853
799,-853
800,-853
801,-853
802,-853
803,-853
804,-852
805,-851
806,-851
807,-851
808,-851
809,-850
810,-850
811,-850
812,-849
813,-849
814,-849
815,-849
816,-848
817,-848
818,-848
819,-848
820,-847
821,-846
822,-846
823,-845
824,-845
825,-845
826,-845
827,-845
827,-844
827,-843
827,-842
827,-841
828,-840
829,-840
830,-840
831,-840
832,-839
833,-839
834,-839
835,-840
836,-840
837,-840
838,-840
839,-840
839,-839
839,-838
840,-837
841,-836
842,-835
843,-835
844,-835
845,-835
846,-835
847,-835
848,-835
849,-835
850,-835
851,-835
852,-835
853,-835
853,-834
854,-833
855,-833
856,-833
857,-833
857,-832
857,-831
857,-830
857,-829
858,-828
859,-828
860,-827
861,-827
862,-827
863,-827
864,-827
865,-827
866,-827
867,-827
867,-826
867,-825
868,-824
869,-824
870,-824
871,-823
872,-823
873,-823
874,-823
874,-822
875,-821
876,-821
877,-820
878,-820
879,-819
880,-819
881,-819
881,-818
882,-817
883,-816
884,-816
885,-815
886,-815
887,-815
887,-814
888,-813
889,-813
890,-812
891,-811
892,-811
893,-811
894,-811
894,-810
895,-809
896,-809
897,-809
898,-808
899,-808
899,-807
900,-806
901,-805
902,-804
903,-804
904,-803
905,-802
906,-801
907,-801
907,-800
908,-799
909,-799
910,-798
911,-797
912,-796
913,-796
914,-795
915,-795
916,-795
916,-794
916,-793
917,-792
918,-791
919,-791
920,-790
920,-789
921,-788
922,-788
923,-787
924,-786
925,-786
926,-785
926,-784
927,-783
928,-782
929,-781
929,-780
930,-779
931,-778
932,-777
933,-776
934,-775
934,-774
935,-773
936,-773
936,-772
937,-771
938,-770
939,-769
940,-769
940,-768
941,-767
942,-766
943,-765
944,-765
945,-764
946,-764
947,-763
948,-762
949,-762
950,-762
951,-762
952,-762
953,-762
954,-762
955,-762
956,-762
957,-762
958,-762
959,-761
960,-761
961,-761
962,-762
963,-762
964,-762
965,-762
966,-762
967,-763
968,-764
969,-764
970,-764
971,-764
972,-765
973,-765
974,-765
975,-765
976,-765
977,-765
978,-765
979,-765
980,-764
981,-764
981,-763
982,-762
983,-762
984,-762
985,-762
985,-761
986,-760
987,-760
988,-760
989,-760
990,-759
991,-759
992,-759
993,-759
994,-759
995,-759
996,-759
997,-759
998,-758
999,-758
1000,-758
1001,-758
1002,-759
1003,-759
1004,-759
1005,-759
1006,-759
1007,-760
1008,-760
1009,-760
1010,-760
1011,-760
1012,-760
1013,-760
1014,-760
1015,-760
1016,-760
1017,-760
1018,-759
1019,-759
1020,-759
1021,-759
1022,-759
1023,-759
1024,-759
1025,-759
1026,-759
1027,-759
1028,-759
1029,-759
1030,-759
1031,-759
1032,-759
1033,-759
1034,-759
1035,-759
1036,-759
1037,-759
1038,-759
1039,-759
1040,-759
1041,-759
1042,-759
1043,-759
1044,-759
1045,-759
1046,-759
1047,-759
1048,-759
1049,-759
1050,-759
1051,-758
1052,-758
1053,-758
1054,-758
1055,-758
1056,-758
1057,-758
1058,-758
1059,-758
1060,-758
1060,-757
1060,-756
1061,-755
1061,-754
1061,-753
1062,-752
1062,-751
1062,-750
1063,-749
1063,-748
1063,-747
1063,-746
1063,-745
1063,-744
1063,-743
1063,-742
1063,-741
1063,-740
1063,-739
1063,-738
1063,-737
1063,-736
1063,-735
1063,-734
1063,-733
1063,-732
1063,-731
1063,-730
1063,-729
1064,-728
1064,-727
1064,-726
1064,-725
1065,-724
1065,-723
1065,-722
1065,-721
1065,-720
1064,-719
1064,-718
1064,-717
1064,-716
1065,-715
1066,-714
1067,-714
1068,-714
1069,-714
1069,-713
1069,-712
1069,-711
1069,-710
1069,-709
1068,-708
1067,-707
1067,-706
1067,-705
1066,-704
1066,-703
1066,-702
1065,-701
1064,-700
1063,-699
1062,-699
1061,-698
1060,-697
1059,-697
1058,-696
1057,-696
1056,-695
1055,-695
1054,-694
1053,-694
1052,-693
1051,-693
1050,-692
1049,-692
1048,-691
1047,-691
1046,-691
1045,-691
1044,-690
1043,-690
1042,-690
1041,-689
1040,-689
1039,-689
1038,-689
1037,-688
1036,-688
1035,-688
1034,-688
1033,-687
1032,-687
1031,-687
1030,-687
1029,-687
1028,-687
1027,-686
1026,-686
1025,-686
1024,-686
1023,-686
1022,-686
1021,-686
1020,-686
1019,-686
1018,-685
1017,-685
1016,-685
1015,-685
1014,-685
1013,-685
1012,-685
1011,-686
1010,-686
1009,-686
1008,-686
1007,-686
1006,-686
1005,-686
1004,-685
1004,-684
1003,-683
1002,-683
1001,-683
1000,-683
999,-683
998,-683
997,-683
996,-683
995,-683
994,-683
993,-683
992,-682
991,-682
990,-682
989,-682
988,-682
987,-682
986,-682
985,-682
984,-682
983,-681
982,-681
981,-681
980,-681
979,-681
978,-681
977,-681
976,-681
975,-681
974,-681
973,-681
972,-681
971,-680
970,-679
969,-679
968,-679
967,-679
966,-679
965,-678
965,-677
964,-677
963,-677
962,-676
961,-676
960,-675
959,-674
958,-674
957,-673
956,-673
955,-672
954,-672
953,-672
952,-671
951,-670
950,-670
949,-670
948,-669
947,-669
946,-669
945,-668
944,-668
943,-667
942,-666
941,-666
940,-665
939,-665
938,-664
937,-664
936,-663
935,-663
934,-662
933,-661
932,-661
931,-661
930,-660
929,-660
928,-659
927,-659
926,-658
925,-658
924,-657
923,-656
922,-656
921,-656
920,-656
919,-655
918,-654
917,-654
916,-654
915,-653
914,-653
913,-652
912,-651
911,-651
910,-651
909,-650
908,-650
907,-649
906,-649
905,-648
904,-648
903,-648
902,-647
901,-647
900,-646
899,-646
898,-645
897,-645
896,-645
895,-645
894,-645
893,-644
892,-644
891,-643
890,-642
889,-642
888,-642
887,-641
886,-641
885,-641
884,-641
883,-640
882,-640
881,-640
880,-639
879,-639
878,-639
877,-639
876,-639
875,-639
874,-638
873,-638
872,-638
871,-638
870,-637
869,-637
868,-637
867,-637
866,-636
865,-636
864,-636
863,-636
862,-636
861,-636
860,-636
859,-636
858,-636
857,-635
856,-635
855,-635
854,-635
853,-635
852,-635
851,-635
850,-634
849,-634
848,-634
847,-634
846,-633
845,-633
844,-633
843,-633
842,-633
841,-633
840,-633
839,-633
838,-633
837,-632
836,-632
835,-632
834,-632
833,-632
832,-632
831,-632
830,-632
829,-632
828,-632
827,-632
826,-632
825,-632
824,-632
823,-631
822,-631
821,-631
820,-631
819,-631
818,-631
817,-631
816,-631
815,-631
814,-631
813,-630
812,-630
811,-630
810,-630
809,-630
808,-630
807,-630
806,-630
805,-630
804,-630
803,-630
802,-630
801,-630
800,-630
799,-630
798,-630
797,-630
796,-630
795,-630
794,-630
793,-630
792,-630
791,-630
790,-630
789,-631
788,-631
787,-631
786,-631
785,-631
784,-631
783,-631
782,-631
781,-631
780,-631
779,-631
778,-631
777,-631
776,-631
775,-631
774,-631
773,-631
772,-632
771,-632
770,-632
769,-632
768,-632
767,-632
766,-632
765,-632
764,-632
763,-632
762,-633
761,-633
760,-633
759,-633
758,-633
757,-633
756,-633
755,-633
754,-633
753,-633
752,-633
751,-633
750,-633
749,-634
748,-634
747,-634
746,-634
745,-634
744,-634
743,-634
742,-634
741,-634
740,-634
739,-635
738,-635
737,-635
736,-636
735,-636
734,-636
733,-636
732,-636
731,-636
730,-636
729,-637
728,-637
727,-637
726,-637
725,-637
724,-638
723,-638
722,-638
721,-639
720,-639
719,-639
718,-640
717,-640
716,-640
715,-640
714,-640
713,-641
712,-641
711,-641
710,-641
709,-641
708,-642
707,-642
706,-642
705,-642
704,-643
703,-643
702,-643
701,-644
700,-644
699,-644
698,-644
697,-644
696,-645
695,-645
694,-645
693,-645
692,-646
691,-646
690,-646
689,-646
688,-647
687,-647
686,-647
685,-648
684,-648
683,-648
682,-649
681,-649
680,-649
679,-649
678,-649
677,-650
676,-650
675,-651
674,-652
673,-652
672,-653
671,-653
670,-653
669,-653
668,-653
667,-653
666,-653
665,-653
664,-654
663,-654
662,-655
661,-656
660,-656
659,-656
658,-656
657,-657
656,-657
655,-657
654,-657
653,-658
652,-658
651,-658
650,-659
649,-659
648,-660
647,-660
646,-660
645,-661
644,-661
643,-662
642,-662
641,-662
640,-663
639,-664
638,-664
637,-664
636,-665
635,-665
634,-665
633,-666
632,-666
631,-666
630,-667
629,-668
628,-668
627,-668
626,-668
625,-669
624,-669
623,-670
622,-670
621,-671
620,-671
619,-672
618,-672
617,-672
616,-673
615,-673
614,-674
613,-674
612,-675
611,-675
610,-676
609,-676
608,-677
607,-677
606,-677
605,-678
604,-679
603,-679
602,-680
601,-680
600,-681
599,-681
598,-681
597,-682
596,-682
595,-683
594,-684
593,-684
592,-685
591,-685
590,-686
589,-686
588,-687
587,-688
586,-688
585,-689
584,-690
583,-690
582,-691
581,-691
580,-692
579,-692
578,-693
577,-693
576,-693
575,-694
574,-695
573,-695
572,-696
571,-697
570,-697
569,-698
568,-699
567,-700
566,-700
565,-701
564,-701
563,-702
562,-702
561,-703
561,-704
560,-705
559,-705
558,-705
557,-706
556,-706
555,-707
554,-708
553,-709
552,-709
551,-710
550,-710
549,-711
548,-712
547,-712
546,-712
545,-713
544,-713
543,-714
542,-715
541,-716
540,-716
539,-717
538,-718
537,-719
536,-719
535,-720
534,-720
533,-721
532,-721
531,-721
530,-721
529,-722
528,-723
527,-724
526,-725
525,-725
524,-726
523,-727
522,-727
521,-728
520,-728
519,-729
518,-730
517,-730
516,-731
515,-732
514,-733
513,-733
512,-734
511,-734
510,-735
509,-736
508,-737
507,-737
506,-738
505,-738
504,-739
503,-740
502,-741
501,-741
500,-741
499,-742
498,-743
497,-744
496,-745
495,-746
494,-746
493,-747
492,-748
491,-748
490,-748
489,-749
488,-749
488,-750
487,-751
486,-751
485,-752
484,-752
483,-753
482,-754
481,-755
480,-756
479,-757
478,-757
477,-758
476,-759
475,-760
474,-760
473,-761
472,-762
471,-762
470,-763
469,-764
468,-765
467,-766
466,-766
466,-767
465,-768
464,-769
463,-769
462,-770
461,-770
460,-771
459,-772
458,-773
457,-774
456,-775
455,-776
454,-777
453,-778
452,-779
451,-780
450,-780
450,-781
449,-782
448,-782
447,-783
447,-784
446,-785
445,-785
444,-786
444,-787
443,-788
442,-789
441,-790
441,-791
440,-792
439,-792
439,-793
438,-794
437,-795
437,-796
436,-797
435,-798
434,-799
433,-800
433,-801
433,-802
433,-803
433,-804
433,-805
434,-806
434,-807
434,-808
434,-809
434,-810
433,-811
432,-812
