442,-678
442,-679
442,-680
442,-681
442,-682
442,-683
442,-684
443,-684
444,-684
445,-684
446,-685
446,-686
446,-687
446,-688
446,-689
446,-690
447,-690
448,-691
449,-691
450,-691
451,-692
452,-692
453,-692
454,-693
454,-694
455,-695
456,-695
457,-695
458,-695
459,-695
459,-694
459,-693
459,-692
459,-691
460,-690
461,-689
462,-688
463,-688
464,-688
465,-688
466,-688
467,-688
468,-688
469,-688
470,-687
471,-687
472,-687
473,-687
474,-687
475,-687
476,-687
477,-687
478,-687
479,-688
479,-689
480,-689
481,-689
482,-689
483,-690
483,-691
483,-692
483,-693
484,-693
485,-693
486,-693
487,-694
488,-694
489,-695
490,-695
491,-695
492,-696
492,-697
492,-698
493,-698
494,-699
495,-700
495,-701
495,-702
495,-703
496,-703
497,-703
498,-703
499,-704
499,-705
500,-705
501,-705
502,-705
503,-705
504,-705
505,-705
506,-705
507,-705
507,-704
507,-703
508,-702
509,-702
510,-702
511,-703
512,-704
513,-704
514,-705
515,-706
516,-707
517,-707
518,-708
519,-709
520,-709
521,-710
522,-711
523,-711
524,-712
525,-712
526,-713
527,-714
528,-714
529,-715
530,-715
531,-716
532,-716
533,-717
534,-718
535,-718
536,-719
537,-719
538,-720
539,-721
540,-721
541,-722
542,-722
543,-723
544,-724
545,-724
546,-725
547,-725
548,-726
549,-726
550,-727
551,-728
552,-728
553,-729
554,-729
555,-730
556,-730
557,-730
558,-731
559,-732
560,-732
561,-733
562,-734
562,-735
562,-736
561,-737
560,-737
559,-737
558,-737
557,-737
556,-736
555,-735
554,-735
553,-735
552,-734
551,-734
550,-734
549,-733
548,-733
547,-732
546,-732
545,-731
544,-731
543,-731
542,-731
541,-730
541,-729
540,-729
539,-728
538,-728
537,-728
536,-728
535,-728
535,-729
535,-730
535,-731
534,-732
533,-732
532,-732
531,-731
530,-731
529,-731
528,-730
528,-729
527,-729
526,-729
525,-729
524,-729
523,-729
523,-730
523,-731
523,-732
523,-733
524,-733
525,-734
525,-735
525,-736
525,-737
525,-738
525,-739
525,-740
526,-740
527,-740
528,-740
529,-740
530,-740
531,-741
531,-742
531,-743
532,-743
533,-744
534,-744
535,-745
536,-746
537,-746
538,-746
539,-746
540,-747
540,-748
540,-749
541,-750
542,-750
543,-750
544,-750
545,-751
546,-751
547,-752
547,-753
548,-753
549,-753
550,-753
551,-754
551,-755
551,-756
552,-757
552,-758
553,-758
554,-758
555,-758
556,-758
557,-758
558,-759
559,-759
560,-759
561,-759
562,-759
563,-760
563,-761
563,-762
563,-763
564,-763
565,-763
566,-763
567,-763
568,-763
569,-763
570,-763
571,-762
572,-762
573,-762
574,-763
575,-763
576,-763
577,-764
578,-765
579,-765
580,-766
581,-766
582,-766
583,-766
584,-767
585,-767
586,-767
587,-767
588,-767
589,-768
590,-768
591,-768
592,-768
593,-768
594,-768
595,-768
596,-768
597,-768
598,-768
599,-768
600,-768
601,-768
602,-769
602,-770
603,-770
604,-770
605,-770
606,-770
607,-771
608,-771
609,-771
610,-771
611,-771
612,-771
613,-771
614,-771
615,-771
616,-772
617,-772
618,-772
619,-773
620,-774
621,-774
622,-775
622,-776
623,-777
624,-778
624,-779
625,-780
626,-781
627,-782
627,-783
628,-784
629,-785
629,-786
630,-787
631,-788
632,-789
632,-790
632,-791
633,-792
634,-793
635,-794
635,-795
636,-796
637,-797
638,-798
638,-799
639,-800
640,-801
641,-802
642,-803
643,-804
643,-805
644,-806
645,-807
646,-808
647,-809
648,-810
649,-811
650,-812
651,-813
652,-813
653,-814
654,-815
655,-816
655,-817
656,-817
657,-817
658,-818
659,-819
659,-820
660,-820
661,-821
662,-822
663,-822
664,-823
665,-823
666,-824
667,-825
668,-826
669,-827
670,-828
671,-828
672,-829
673,-830
674,-830
675,-831
676,-831
677,-832
678,-833
678,-834
679,-835
680,-835
681,-836
682,-836
683,-836
684,-837
684,-838
684,-839
685,-840
686,-840
687,-841
688,-841
689,-842
689,-843
689,-844
690,-844
691,-844
692,-845
693,-845
694,-845
695,-845
696,-845
697,-846
697,-847
698,-848
699,-848
700,-848
701,-849
701,-850
701,-851
701,-852
702,-853
703,-853
704,-853
705,-854
706,-854
707,-855
708,-855
709,-855
710,-855
711,-855
712,-855
713,-855
714,-855
715,-856
716,-857
717,-857
718,-858
718,-859
718,-860
719,-860
720,-860
721,-860
722,-861
722,-862
723,-862
724,-863
725,-863
726,-863
727,-863
728,-863
729,-863
730,-863
731,-864
732,-864
733,-865
734,-866
734,-867
735,-867
736,-867
737,-867
738,-867
739,-867
740,-868
741,-868
742,-868
743,-868
744,-868
745,-868
746,-869
746,-870
747,-871
747,-872
747,-873
747,-874
748,-874
749,-874
750,-874
751,-874
752,-874
753,-874
754,-874
755,-874
756,-873
757,-873
758,-873
759,-873
760,-874
761,-874
762,-874
763,-874
764,-874
765,-874
766,-874
767,-874
768,-873
769,-873
770,-873
771,-873
772,-873
773,-873
774,-873
775,-873
776,-873
777,-873
778,-873
779,-873
780,-873
781,-873
782,-873
783,-873
784,-873
785,-873
786,-873
787,-873
788,-873
789,-873
790,-873
791,-873
792,-872
793,-872
794,-872
795,-872
796,-872
797,-872
798,-872
799,-872
800,-872
801,-872
802,-872
803,-871
804,-871
805,-871
806,-871
807,-871
808,-871
809,-871
810,-871
811,-871
812,-871
813,-871
814,-871
815,-871
816,-871
817,-871
818,-871
819,-871
820,-871
821,-871
822,-871
823,-871
824,-871
825,-871
826,-871
827,-871
828,-871
829,-871
830,-871
831,-871
832,-871
833,-871
834,-871
835,-871
836,-870
837,-870
838,-870
839,-870
840,-870
841,-870
842,-870
843,-870
844,-870
845,-870
846,-870
847,-870
848,-870
849,-870
850,-870
851,-869
852,-869
853,-869
854,-869
855,-869
856,-868
857,-868
858,-867
859,-867
860,-867
861,-867
862,-867
863,-866
864,-866
865,-866
866,-866
867,-866
868,-866
869,-866
870,-866
871,-866
872,-866
873,-865
874,-865
875,-865
876,-865
877,-865
878,-864
879,-864
880,-864
881,-864
882,-863
883,-863
884,-863
885,-863
886,-862
887,-862
888,-862
889,-862
890,-861
891,-861
892,-861
893,-861
894,-860
895,-860
896,-860
897,-860
898,-859
899,-859
900,-859
901,-858
902,-858
903,-858
904,-857
905,-857
906,-856
907,-856
908,-856
909,-856
910,-856
910,-855
911,-854
912,-854
913,-854
914,-854
915,-853
916,-853
917,-853
918,-853
919,-853
920,-852
921,-852
922,-851
923,-851
924,-850
925,-850
926,-850
927,-850
928,-849
929,-848
930,-848
931,-848
932,-848
933,-847
933,-846
934,-845
935,-845
936,-845
937,-845
938,-845
939,-845
940,-844
941,-844
942,-843
943,-842
944,-841
945,-841
945,-840
946,-839
947,-839
948,-838
949,-838
950,-838
951,-838
952,-838
953,-838
954,-837
955,-836
955,-835
956,-834
957,-833
958,-833
959,-833
960,-833
961,-833
961,-832
961,-831
962,-830
963,-829
964,-829
965,-829
966,-828
967,-828
968,-827
969,-827
970,-826
971,-825
972,-825
973,-825
974,-824
975,-824
976,-824
977,-824
978,-823
978,-822
978,-821
979,-820
980,-819
981,-819
982,-818
983,-817
984,-817
985,-816
986,-816
987,-816
988,-815
989,-814
990,-813
991,-812
992,-812
993,-812
994,-812
995,-812
995,-811
995,-810
996,-809
997,-809
998,-808
999,-808
1000,-808
1001,-807
1002,-807
1002,-806
1003,-805
1004,-805
1005,-805
1006,-804
1007,-804
1008,-803
1009,-802
1010,-801
1011,-801
1012,-800
1013,-799
1014,-798
1015,-798
1016,-797
1017,-797
1018,-797
1019,-797
1020,-797
1021,-796
1022,-796
1023,-796
1024,-796
1025,-795
1026,-795
1027,-795
1028,-795
1029,-794
1030,-793
1031,-792
1032,-792
1032,-791
1033,-790
1034,-790
1035,-790
1035,-789
1035,-788
1036,-787
1037,-787
1038,-787
1038,-786
1039,-785
1040,-785
1040,-784
1041,-783
1042,-783
1043,-782
1044,-782
1045,-782
1046,-782
1047,-781
1047,-780
1048,-779
1049,-779
1050,-779
1051,-779
1052,-779
1052,-778
1052,-777
1053,-776
1054,-776
1055,-776
1055,-775
1055,-774
1055,-773
1055,-772
1055,-771
1056,-770
1057,-770
1058,-770
1059,-769
1060,-769
1060,-768
1060,-767
1060,-766
1060,-765
1060,-764
1060,-763
1059,-763
1058,-762
1057,-762
1056,-761
1056,-760
1056,-759
1056,-758
1056,-757
1056,-756
1056,-755
1055,-754
1054,-753
1053,-752
1052,-751
1051,-750
1050,-749
1049,-748
1048,-747
1047,-746
1046,-746
1045,-745
1044,-744
1043,-744
1042,-743
1042,-742
1041,-741
1040,-741
1039,-740
1038,-739
1037,-739
1036,-738
1035,-737
1034,-736
1033,-735
1032,-734
1031,-734
1030,-733
1029,-732
1028,-732
1027,-731
1026,-730
1025,-729
1024,-729
1023,-728
1022,-727
1021,-726
1020,-725
1019,-725
1018,-724
1017,-723
1016,-722
1015,-722
1014,-721
1013,-720
1012,-719
1011,-718
1010,-718
1009,-717
1008,-716
1007,-715
1006,-714
1005,-713
1004,-713
1003,-712
1002,-711
1001,-710
1000,-709
999,-708
998,-708
997,-707
996,-706
995,-705
994,-705
993,-704
992,-703
991,-702
990,-701
989,-700
988,-700
987,-699
986,-698
985,-697
984,-697
983,-696
982,-695
981,-695
980,-694
979,-693
978,-693
977,-692
976,-691
975,-691
974,-690
973,-689
972,-689
971,-688
970,-687
969,-686
968,-686
967,-685
966,-685
965,-684
964,-684
963,-683
962,-682
961,-681
960,-681
959,-680
958,-679
957,-678
956,-678
955,-677
954,-676
953,-676
952,-675
951,-674
950,-674
949,-673
948,-673
947,-673
946,-672
945,-672
944,-671
943,-670
942,-670
941,-669
940,-669
939,-668
938,-668
937,-667
936,-667
935,-666
934,-666
933,-665
932,-665
931,-664
930,-664
929,-663
928,-663
927,-662
926,-662
925,-661
924,-661
923,-660
922,-660
921,-660
920,-659
919,-658
918,-658
917,-657
916,-657
915,-656
914,-656
913,-655
912,-655
911,-654
910,-654
909,-653
908,-653
907,-653
906,-652
905,-652
904,-652
903,-651
902,-651
901,-650
900,-649
899,-649
898,-649
897,-648
896,-648
895,-647
894,-647
893,-646
892,-646
891,-645
890,-645
889,-645
888,-644
887,-644
886,-644
885,-644
884,-643
883,-643
882,-642
881,-642
880,-642
879,-642
878,-641
877,-641
876,-640
875,-640
874,-640
873,-640
872,-640
871,-640
870,-639
869,-639
868,-638
867,-638
866,-637
865,-637
864,-637
863,-637
862,-637
861,-637
860,-637
859,-637
858,-637
857,-636
856,-636
855,-636
854,-635
853,-635
852,-635
851,-635
850,-634
849,-634
848,-634
847,-634
846,-634
845,-633
844,-633
843,-633
842,-633
841,-633
840,-633
839,-632
838,-632
837,-632
836,-632
835,-632
834,-631
833,-631
832,-631
831,-631
830,-631
829,-630
828,-630
827,-630
826,-630
825,-630
824,-630
823,-630
822,-630
821,-630
820,-630
819,-630
818,-630
817,-630
816,-629
815,-629
814,-629
813,-629
812,-629
811,-629
810,-629
809,-629
808,-629
807,-629
806,-629
805,-629
804,-629
803,-629
802,-629
801,-629
800,-629
799,-629
798,-629
797,-629
796,-629
795,-629
794,-629
793,-628
792,-628
791,-628
790,-628
789,-628
788,-628
787,-628
786,-628
785,-628
784,-628
783,-629
782,-629
781,-629
780,-629
779,-629
778,-629
777,-629
776,-629
775,-629
774,-629
773,-629
772,-629
771,-629
770,-629
769,-629
768,-629
767,-629
766,-629
765,-629
764,-629
763,-629
762,-629
761,-629
760,-630
759,-630
758,-631
758,-632
758,-633
758,-634
757,-635
756,-636
755,-636
754,-636
753,-635
753,-634
753,-633
753,-632
753,-631
753,-630
752,-630
751,-630
750,-630
749,-630
748,-630
747,-631
746,-631
745,-631
744,-631
743,-631
742,-631
741,-632
740,-632
739,-632
738,-632
737,-632
736,-632
735,-633
734,-633
733,-633
732,-633
731,-634
730,-634
729,-634
728,-634
727,-634
726,-634
725,-634
724,-634
723,-635
722,-635
721,-635
720,-636
719,-636
718,-636
717,-637
716,-637
715,-637
714,-637
713,-638
712,-638
711,-638
710,-639
709,-639
708,-639
707,-640
706,-640
705,-640
704,-640
703,-641
702,-641
701,-641
700,-642
699,-642
698,-642
697,-643
696,-643
695,-644
694,-644
693,-644
692,-645
691,-645
690,-645
689,-646
688,-646
687,-646
686,-647
685,-647
684,-648
683,-648
682,-648
681,-649
680,-649
679,-650
678,-651
677,-651
676,-652
675,-652
674,-653
673,-653
672,-654
671,-655
670,-655
669,-656
668,-656
667,-656
667,-657
666,-658
665,-658
664,-659
663,-660
662,-660
661,-661
660,-661
659,-662
658,-662
658,-663
657,-664
656,-664
655,-665
654,-666
653,-666
652,-667
651,-668
650,-668
650,-669
649,-670
648,-670
647,-671
646,-672
646,-673
645,-674
644,-674
643,-675
642,-676
641,-677
640,-678
639,-679
638,-680
637,-681
636,-682
635,-683
634,-684
633,-685
632,-686
631,-687
630,-688
629,-689
628,-690
627,-691
626,-692
625,-693
624,-694
623,-695
622,-696
622,-697
621,-698
620,-698
619,-699
618,-699
617,-700
616,-701
615,-701
614,-702
613,-702
612,-702
611,-701
610,-701
609,-701
608,-700
607,-700
606,-700
605,-700
604,-700
603,-700
602,-700
601,-700
600,-701
599,-701
598,-701
597,-702
596,-702
595,-703
594,-703
593,-703
592,-703
591,-704
590,-704
589,-704
588,-704
587,-704
586,-705
585,-705
584,-705
583,-705
582,-705
581,-705
580,-705
579,-705
578,-705
577,-705
576,-705
575,-704
574,-704
573,-704
572,-704
571,-704
570,-703
569,-703
568,-703
567,-702
566,-702
565,-702
564,-701
563,-701
562,-701
561,-700
560,-700
559,-699
558,-699
557,-699
556,-698
555,-698
554,-697
553,-697
552,-696
551,-695
550,-695
549,-694
548,-694
547,-693
546,-693
545,-692
544,-692
543,-691
542,-691
541,-690
540,-690
539,-689
538,-688
537,-688
536,-687
535,-686
534,-686
533,-686
532,-685
531,-684
530,-683
529,-683
528,-682
527,-682
526,-681
525,-681
524,-680
523,-680
522,-679
521,-679
520,-678
519,-677
518,-677
517,-676
516,-676
515,-675
514,-674
513,-674
512,-673
511,-673
510,-672
509,-671
508,-671
507,-670
506,-670
505,-669
504,-669
503,-668
502,-667
501,-666
500,-666
499,-665
498,-665
497,-664
496,-664
495,-663
494,-663
493,-662
492,-662
491,-661
490,-660
489,-660
488,-659
487,-659
486,-658
485,-658
484,-657
483,-657
482,-656
481,-656
480,-655
479,-655
478,-654
477,-654
476,-653
475,-653
474,-652
473,-651
472,-651
471,-650
470,-649
469,-649
468,-648
467,-647
466,-647
465,-646
464,-645
463,-645
462,-645
461,-644
460,-643
459,-643
458,-642
457,-641
456,-640
455,-640
454,-639
453,-639
452,-638
451,-638
450,-638
449,-638
448,-638
447,-638
447,-639
447,-640
447,-641
447,-642
447,-643
447,-644
447,-645
447,-646
447,-647
447,-648
447,-649
447,-650
447,-651
447,-652
447,-653
447,-654
448,-655
449,-656
450,-657
451,-657
452,-658
453,-659
454,-660
455,-660
456,-661
457,-662
458,-663
459,-663
460,-664
461,-665
462,-666
462,-667
462,-668
461,-669
460,-669
459,-669
458,-669
458,-670
457,-671
456,-671
456,-672
456,-673
455,-674
454,-674
453,-674
452,-674
451,-673
451,-672
451,-671
451,-670
450,-670
449,-670
448,-670
447,-670
446,-671
445,-672
445,-673
444,-674
443,-675
443,-676
443,-677
442,-678
