435,-747
435,-748
435,-749
435,-750
435,-751
435,-752
435,-753
436,-754
436,-755
436,-756
436,-757
436,-758
436,-759
437,-759
438,-760
438,-761
438,-762
438,-763
439,-764
440,-765
441,-765
442,-765
443,-765
444,-765
445,-765
446,-766
447,-767
448,-767
449,-767
450,-768
451,-769
452,-769
453,-769
454,-769
455,-769
456,-769
457,-769
458,-769
459,-769
460,-768
461,-768
462,-768
463,-768
464,-768
465,-767
466,-767
467,-767
468,-767
469,-767
470,-767
471,-767
472,-767
473,-766
474,-766
475,-766
476,-766
477,-766
478,-766
479,-766
480,-766
481,-766
482,-765
482,-764
483,-763
484,-763
485,-763
486,-763
487,-763
488,-762
489,-762
490,-762
491,-762
492,-762
493,-762
494,-762
495,-762
496,-762
497,-762
498,-762
499,-762
500,-762
501,-762
502,-762
503,-762
504,-761
505,-761
506,-761
507,-761
508,-761
509,-761
510,-761
511,-761
512,-761
513,-761
514,-760
515,-760
516,-760
517,-760
518,-760
519,-760
520,-760
521,-760
522,-760
523,-760
524,-760
525,-760
526,-759
527,-759
528,-759
529,-759
530,-759
531,-759
532,-759
533,-759
534,-759
535,-759
536,-759
537,-759
538,-758
539,-758
540,-758
541,-758
542,-758
543,-758
544,-758
545,-758
546,-758
547,-758
548,-758
549,-757
550,-757
551,-757
552,-757
553,-757
554,-757
555,-757
556,-757
557,-757
558,-757
559,-756
560,-756
561,-756
562,-756
563,-756
564,-756
565,-756
566,-756
567,-756
568,-756
569,-755
570,-755
571,-755
572,-755
573,-755
574,-755
575,-755
576,-756
577,-756
578,-756
579,-756
580,-756
581,-756
582,-756
583,-756
584,-756
585,-756
586,-757
587,-757
588,-758
589,-758
590,-758
591,-759
591,-760
592,-760
593,-760
594,-761
595,-761
596,-761
597,-761
598,-762
599,-762
600,-762
601,-762
602,-763
603,-764
604,-764
605,-765
606,-765
607,-766
608,-767
608,-768
609,-768
610,-768
611,-769
612,-770
613,-771
614,-771
615,-772
615,-773
616,-773
617,-774
618,-775
619,-776
620,-776
621,-777
622,-778
623,-779
623,-780
624,-781
625,-782
626,-782
627,-782
628,-782
629,-783
630,-783
631,-784
631,-785
632,-785
633,-786
634,-786
635,-787
636,-788
637,-789
638,-789
639,-790
640,-790
641,-791
641,-792
642,-793
643,-794
644,-795
645,-796
646,-797
647,-798
648,-799
649,-800
649,-801
650,-801
651,-802
652,-803
653,-804
653,-805
654,-806
655,-806
656,-807
657,-808
658,-809
659,-810
659,-811
659,-812
660,-812
661,-813
662,-814
663,-814
664,-815
665,-816
666,-816
667,-816
668,-817
669,-818
670,-819
671,-819
672,-820
672,-821
673,-821
674,-822
675,-822
676,-823
677,-824
678,-825
679,-826
680,-826
681,-827
682,-828
682,-829
683,-829
684,-829
685,-830
686,-830
687,-831
688,-831
689,-832
690,-833
691,-833
692,-834
693,-835
694,-835
695,-835
696,-836
697,-837
698,-838
699,-838
700,-839
701,-840
702,-840
703,-840
704,-841
705,-841
706,-842
707,-842
708,-842
709,-843
710,-844
711,-845
711,-846
712,-846
713,-846
714,-847
715,-847
716,-848
716,-849
717,-849
718,-849
719,-850
720,-850
721,-850
722,-850
723,-850
724,-850
725,-851
726,-851
727,-851
728,-852
729,-852
730,-853
731,-853
732,-853
733,-853
734,-854
735,-854
736,-854
737,-854
738,-854
739,-854
740,-854
741,-855
742,-855
743,-855
744,-855
745,-856
746,-856
747,-857
748,-857
749,-857
750,-857
751,-857
752,-857
753,-858
754,-858
755,-858
756,-858
757,-858
758,-858
759,-858
760,-859
761,-859
762,-859
763,-859
764,-859
765,-860
766,-860
767,-860
768,-860
769,-861
770,-861
771,-861
772,-861
773,-862
774,-862
775,-862
776,-862
777,-862
778,-862
779,-862
780,-863
781,-863
782,-863
783,-863
784,-863
785,-863
786,-864
787,-864
788,-864
789,-864
790,-865
791,-865
792,-865
793,-865
794,-865
795,-866
796,-866
797,-866
798,-866
799,-866
800,-866
801,-866
802,-867
803,-867
804,-867
805,-867
806,-867
807,-867
808,-867
809,-867
810,-868
811,-868
812,-868
813,-868
814,-869
815,-869
816,-869
817,-869
818,-869
819,-869
820,-869
821,-869
822,-869
823,-869
824,-869
825,-869
826,-869
827,-869
828,-869
829,-869
830,-869
831,-869
832,-869
833,-869
834,-869
835,-869
836,-869
837,-869
838,-869
839,-869
840,-869
841,-869
842,-869
843,-869
844,-869
845,-869
846,-869
847,-869
848,-869
849,-869
850,-869
851,-869
852,-869
853,-870
854,-870
855,-870
856,-870
857,-870
858,-870
859,-870
860,-870
861,-870
862,-870
863,-870
864,-870
865,-870
866,-870
867,-870
868,-870
869,-870
870,-870
871,-870
872,-870
873,-870
874,-870
875,-870
876,-870
877,-871
878,-871
879,-871
880,-871
881,-871
882,-871
883,-871
884,-871
885,-871
886,-871
887,-871
888,-871
889,-871
890,-871
891,-871
892,-871
893,-871
894,-871
895,-871
896,-870
897,-870
898,-870
899,-870
900,-870
901,-870
902,-870
903,-870
904,-870
905,-870
906,-870
907,-870
908,-869
909,-869
910,-869
911,-869
912,-869
913,-869
914,-869
914,-868
914,-867
914,-866
914,-865
915,-864
916,-864
917,-864
918,-864
919,-864
920,-864
921,-864
922,-864
923,-864
923,-863
923,-862
923,-861
923,-860
924,-859
925,-859
926,-859
927,-859
928,-859
929,-859
930,-859
931,-859
932,-859
932,-858
933,-857
934,-857
935,-857
936,-857
937,-857
938,-857
939,-857
940,-857
941,-857
942,-857
943,-857
944,-856
945,-856
946,-856
947,-856
948,-855
949,-855
950,-855
951,-855
952,-855
953,-855
954,-854
955,-854
956,-854
957,-854
958,-854
959,-854
960,-853
961,-853
962,-852
963,-851
964,-851
965,-851
966,-850
967,-850
968,-850
969,-850
970,-849
971,-848
972,-848
973,-848
974,-847
975,-846
976,-846
977,-846
978,-845
979,-844
980,-844
981,-843
982,-842
983,-842
984,-841
985,-841
986,-841
987,-840
988,-840
989,-840
989,-839
990,-838
991,-838
992,-837
993,-837
994,-836
995,-836
996,-835
997,-834
998,-834
999,-833
1000,-832
1001,-831
1002,-831
1003,-831
1004,-831
1004,-830
1005,-829
1006,-829
1007,-828
1008,-828
1009,-827
1010,-827
1011,-826
1012,-826
1013,-826
1013,-825
1014,-824
1015,-823
1016,-823
1017,-822
1018,-821
1019,-821
1020,-821
1021,-820
1022,-819
1023,-818
1024,-818
1025,-817
1026,-817
1027,-816
1028,-816
1029,-815
1030,-814
1031,-814
1032,-814
1033,-814
1034,-814
1035,-813
1036,-813
1037,-813
1038,-813
1039,-812
1040,-811
1041,-811
1042,-811
1043,-810
1044,-809
1045,-808
1046,-808
1047,-808
1048,-808
1049,-808
1050,-807
1051,-806
1052,-806
1052,-805
1052,-804
1053,-803
1054,-803
1055,-803
1056,-803
1057,-802
1058,-802
1058,-801
1058,-800
1058,-799
1059,-798
1060,-798
1061,-798
1062,-798
1062,-797
1063,-796
1064,-796
1065,-796
1066,-796
1066,-795
1066,-794
1066,-793
1066,-792
1066,-791
1066,-790
1066,-789
1066,-788
1066,-787
1066,-786
1065,-785
1065,-784
1064,-783
1064,-782
1063,-781
1063,-780
1062,-779
1061,-778
1061,-777
1060,-776
1060,-775
1059,-774
1058,-773
1057,-772
1056,-771
1056,-770
1055,-770
1054,-769
1054,-768
1053,-767
1052,-766
1052,-765
1051,-764
1050,-763
1049,-762
1048,-761
1048,-760
1047,-759
1046,-758
1045,-757
1044,-756
1044,-755
1043,-754
1042,-753
1042,-752
1041,-751
1040,-751
1039,-750
1039,-749
1038,-748
1037,-748
1036,-747
1036,-746
1035,-745
1034,-745
1033,-744
1033,-743
1032,-743
1031,-742
1031,-741
1030,-740
1029,-740
1028,-739
1027,-738
1027,-737
1026,-736
1025,-735
1024,-734
1023,-733
1022,-732
1021,-731
1020,-730
1019,-729
1018,-728
1017,-727
1016,-727
1015,-726
1014,-725
1013,-724
1012,-723
1011,-722
1010,-721
1009,-720
1008,-719
1007,-718
1006,-717
1005,-716
1004,-715
1003,-714
1002,-713
1001,-713
1000,-712
999,-711
998,-710
997,-709
996,-709
995,-708
994,-707
993,-706
992,-705
991,-705
990,-704
990,-703
989,-703
988,-702
987,-701
986,-700
985,-700
984,-699
983,-698
982,-698
981,-697
981,-696
980,-696
979,-695
978,-694
977,-693
976,-693
975,-692
974,-691
973,-691
972,-690
971,-689
970,-688
969,-688
968,-687
968,-686
967,-686
966,-685
965,-684
964,-684
963,-683
962,-683
961,-682
960,-682
959,-681
958,-680
957,-680
956,-679
955,-679
954,-678
953,-677
952,-677
951,-676
950,-675
949,-675
948,-674
947,-673
946,-673
945,-672
944,-671
943,-671
942,-670
941,-670
940,-669
939,-669
938,-668
937,-668
936,-667
935,-667
934,-666
933,-665
932,-665
931,-665
930,-664
929,-663
928,-663
927,-662
926,-662
925,-661
924,-661
923,-661
922,-660
921,-659
920,-659
919,-658
918,-658
917,-658
916,-657
915,-656
914,-656
913,-655
912,-655
911,-655
910,-654
909,-654
908,-653
907,-653
906,-653
905,-652
904,-652
903,-652
902,-651
901,-651
900,-650
899,-650
898,-650
897,-649
896,-649
895,-649
894,-648
893,-648
892,-648
891,-648
890,-648
889,-647
888,-647
887,-646
886,-646
885,-646
884,-645
883,-645
882,-645
881,-644
880,-644
879,-644
878,-644
877,-643
876,-643
875,-642
874,-642
873,-642
872,-642
871,-641
870,-641
869,-641
868,-641
867,-640
866,-640
865,-640
864,-640
863,-639
862,-639
861,-639
860,-639
859,-638
858,-638
857,-638
856,-638
855,-637
854,-637
853,-637
852,-637
851,-637
850,-636
849,-636
848,-636
847,-636
846,-636
845,-636
844,-636
843,-636
842,-635
841,-635
840,-634
839,-634
838,-634
837,-634
836,-634
835,-634
834,-633
833,-633
832,-633
831,-633
830,-633
829,-633
828,-633
827,-632
826,-632
825,-632
824,-632
823,-632
822,-631
821,-631
820,-631
819,-631
818,-631
817,-631
816,-631
815,-631
814,-631
813,-631
812,-631
811,-631
810,-631
809,-631
808,-631
807,-631
806,-631
805,-631
804,-631
803,-631
802,-631
801,-631
800,-631
799,-631
798,-631
797,-631
796,-631
795,-631
794,-631
793,-631
792,-631
791,-631
790,-631
789,-631
788,-631
787,-631
786,-631
785,-631
784,-631
783,-631
782,-631
781,-631
780,-631
779,-631
778,-631
777,-631
776,-631
775,-631
774,-632
773,-632
772,-632
771,-632
770,-632
769,-632
768,-632
767,-632
766,-632
765,-632
764,-632
763,-632
762,-632
761,-632
760,-633
759,-633
758,-633
757,-633
756,-633
755,-633
754,-633
753,-634
752,-634
751,-634
750,-634
749,-634
748,-635
747,-635
746,-636
745,-636
744,-636
743,-636
742,-636
741,-636
740,-637
739,-637
738,-637
737,-637
736,-638
735,-638
734,-639
733,-639
732,-639
731,-639
730,-640
729,-640
728,-641
727,-641
726,-641
725,-641
724,-641
723,-642
722,-642
721,-643
720,-643
719,-643
718,-644
717,-644
716,-644
715,-645
714,-645
713,-646
712,-647
711,-647
710,-647
709,-648
708,-649
707,-649
706,-650
705,-650
704,-651
703,-652
702,-652
701,-653
700,-653
699,-654
698,-654
697,-655
696,-656
695,-656
694,-657
693,-658
692,-658
691,-659
690,-660
689,-660
688,-661
687,-662
686,-662
685,-663
684,-664
683,-664
682,-665
681,-666
680,-666
679,-667
678,-668
677,-668
676,-669
675,-670
674,-671
673,-672
672,-673
671,-673
670,-674
669,-675
668,-676
667,-677
666,-678
665,-678
665,-679
664,-680
663,-680
662,-681
661,-682
660,-683
659,-684
658,-685
657,-685
656,-686
655,-687
654,-688
653,-688
652,-689
651,-689
650,-690
649,-690
648,-691
647,-692
646,-692
645,-692
644,-693
643,-694
642,-694
641,-695
640,-695
639,-695
638,-696
637,-696
636,-697
635,-697
634,-697
633,-698
632,-698
631,-699
630,-699
629,-699
628,-700
627,-700
626,-700
625,-701
624,-701
623,-701
622,-702
621,-702
620,-702
619,-702
618,-702
617,-703
616,-703
615,-703
614,-704
613,-704
612,-704
611,-704
610,-704
609,-705
608,-705
607,-705
606,-705
605,-706
604,-706
603,-706
602,-706
601,-706
600,-706
599,-707
598,-707
597,-707
596,-708
595,-708
594,-708
593,-708
592,-709
591,-709
590,-709
589,-710
588,-710
587,-710
586,-710
585,-711
584,-711
583,-711
582,-712
581,-712
580,-712
579,-712
578,-712
577,-712
576,-712
575,-713
574,-713
573,-713
572,-714
571,-714
570,-714
569,-714
568,-714
567,-715
566,-715
565,-715
564,-715
563,-715
562,-715
561,-715
560,-715
559,-716
558,-716
557,-716
556,-716
555,-716
554,-717
553,-717
552,-717
551,-717
550,-717
549,-717
548,-717
547,-718
546,-718
545,-718
544,-718
543,-718
542,-718
541,-718
540,-719
539,-719
538,-719
537,-719
536,-719
535,-719
534,-719
533,-719
532,-720
531,-720
530,-720
529,-720
528,-720
527,-720
526,-720
525,-720
524,-721
523,-721
522,-721
521,-721
520,-721
519,-721
518,-721
517,-722
516,-722
515,-722
514,-722
513,-722
512,-722
511,-722
510,-722
509,-722
508,-722
507,-722
506,-722
505,-723
504,-723
503,-723
502,-723
501,-723
500,-723
499,-723
498,-723
497,-723
496,-723
495,-723
494,-723
493,-723
492,-723
491,-724
490,-724
489,-724
488,-724
487,-724
486,-724
485,-724
484,-724
483,-724
482,-724
481,-724
480,-724
479,-724
478,-724
477,-724
476,-724
475,-724
474,-724
473,-724
472,-724
471,-725
470,-725
469,-725
468,-725
467,-725
466,-725
465,-725
464,-725
463,-725
462,-726
461,-726
460,-726
459,-726
458,-726
457,-726
456,-726
455,-726
454,-726
453,-726
452,-726
451,-726
450,-726
449,-727
448,-727
447,-727
446,-727
445,-727
444,-727
443,-727
442,-727
441,-727
440,-728
439,-728
438,-728
437,-728
436,-728
436,-729
436,-730
436,-731
436,-732
437,-733
437,-734
437,-735
437,-736
437,-737
437,-738
437,-739
437,-740
437,-741
436,-742
436,-743
436,-744
436,-745
436,-746
435,-747
