355,-749
355,-750
355,-751
355,-752
355,-753
356,-753
357,-753
358,-754
359,-754
360,-755
361,-755
362,-756
363,-757
364,-758
364,-759
365,-759
366,-760
366,-761
366,-762
366,-763
366,-764
367,-765
367,-766
368,-766
369,-766
370,-767
370,-768
371,-768
372,-769
372,-770
372,-771
372,-772
373,-773
373,-774
373,-775
373,-776
373,-777
374,-777
375,-777
376,-777
377,-778
378,-778
379,-778
380,-778
381,-778
382,-778
383,-778
384,-778
385,-779
386,-779
387,-779
388,-779
389,-779
390,-779
391,-779
392,-780
393,-780
394,-780
395,-780
396,-780
397,-780
398,-780
399,-780
400,-779
401,-779
402,-778
403,-778
404,-778
405,-778
406,-778
407,-778
408,-778
409,-778
410,-778
411,-778
412,-777
413,-777
414,-777
415,-777
416,-777
417,-777
418,-777
419,-777
420,-777
421,-776
422,-776
423,-776
424,-776
425,-776
426,-776
427,-776
428,-776
429,-776
430,-776
431,-776
432,-776
433,-776
434,-776
435,-776
436,-776
437,-776
438,-776
439,-776
440,-777
441,-777
442,-777
443,-777
444,-777
445,-777
446,-777
447,-777
448,-777
449,-777
450,-777
451,-777
452,-777
453,-777
454,-777
455,-777
456,-777
457,-777
458,-777
459,-777
460,-777
461,-777
462,-777
463,-777
464,-777
465,-777
466,-777
467,-777
468,-777
469,-777
470,-777
471,-777
472,-778
473,-778
474,-778
475,-778
476,-778
477,-778
478,-778
479,-778
480,-778
481,-778
482,-778
483,-778
484,-778
485,-778
486,-778
487,-778
488,-778
489,-778
490,-778
491,-778
492,-778
493,-778
494,-778
495,-778
496,-778
497,-778
498,-778
499,-778
500,-778
501,-779
502,-779
503,-779
504,-779
505,-779
506,-779
507,-779
508,-779
509,-779
510,-779
511,-779
512,-779
513,-779
514,-779
515,-779
516,-779
517,-779
518,-779
519,-779
520,-780
521,-780
522,-780
523,-780
524,-780
525,-780
526,-780
527,-780
528,-780
529,-780
530,-780
531,-780
532,-780
533,-780
534,-780
535,-780
536,-780
537,-780
538,-780
539,-780
540,-780
541,-780
542,-780
543,-781
544,-781
545,-781
546,-781
547,-781
548,-782
549,-782
550,-782
551,-782
552,-782
553,-782
554,-783
555,-783
556,-783
557,-783
558,-783
559,-783
560,-783
561,-784
562,-784
563,-784
564,-784
565,-784
566,-784
567,-785
568,-785
569,-785
570,-785
571,-785
572,-786
573,-786
574,-786
575,-786
576,-787
577,-787
578,-788
579,-789
580,-789
581,-789
582,-789
583,-790
584,-790
585,-790
586,-790
587,-790
588,-790
589,-790
590,-790
591,-790
592,-790
593,-791
594,-791
595,-791
596,-791
597,-791
598,-791
599,-791
600,-791
600,-790
601,-789
602,-789
603,-789
604,-789
605,-789
606,-789
607,-789
608,-789
609,-789
609,-788
609,-787
610,-786
611,-785
612,-785
613,-785
614,-785
615,-785
616,-784
617,-784
618,-783
619,-783
620,-783
621,-783
622,-783
623,-783
624,-783
625,-784
626,-785
627,-785
628,-785
629,-786
630,-787
631,-788
632,-788
633,-789
634,-790
634,-791
635,-792
636,-792
637,-793
637,-794
637,-795
638,-795
639,-795
640,-796
641,-797
641,-798
642,-798
643,-798
644,-798
645,-799
645,-800
645,-801
645,-802
645,-803
646,-803
647,-803
648,-803
649,-803
650,-804
650,-805
650,-806
651,-807
652,-808
653,-809
654,-809
655,-809
656,-810
657,-810
658,-811
659,-812
659,-813
660,-813
661,-813
662,-814
662,-815
662,-816
663,-816
664,-817
665,-817
666,-818
667,-819
667,-820
668,-820
669,-821
670,-822
671,-823
672,-823
673,-824
674,-824
675,-825
675,-826
676,-826
677,-826
678,-827
679,-827
680,-827
681,-827
682,-828
683,-829
684,-829
685,-830
685,-831
686,-831
687,-832
688,-833
689,-833
690,-833
691,-834
691,-835
691,-836
691,-837
692,-837
693,-837
694,-837
695,-837
696,-837
697,-838
698,-838
699,-839
699,-840
700,-840
701,-840
702,-841
703,-841
704,-841
705,-842
706,-843
707,-843
708,-843
709,-843
710,-843
711,-844
711,-845
711,-846
712,-846
713,-846
714,-846
715,-846
716,-846
717,-847
718,-847
719,-847
720,-848
721,-848
722,-849
723,-849
724,-849
725,-850
726,-850
727,-850
728,-851
729,-851
730,-851
731,-851
732,-851
733,-852
734,-852
735,-852
736,-853
737,-854
738,-854
739,-854
740,-854
741,-854
742,-854
743,-855
744,-855
745,-855
746,-855
747,-855
748,-855
749,-855
750,-855
751,-856
752,-857
753,-857
754,-857
755,-858
756,-859
757,-859
758,-859
759,-859
760,-859
761,-859
762,-859
763,-859
764,-859
765,-859
766,-859
767,-860
768,-860
769,-861
770,-861
771,-861
772,-861
773,-862
774,-862
775,-862
776,-862
777,-862
778,-863
779,-863
780,-864
781,-864
782,-864
783,-864
784,-864
785,-864
786,-863
787,-863
788,-863
789,-863
790,-863
791,-863
792,-863
793,-864
794,-864
795,-864
796,-864
797,-864
798,-864
799,-864
800,-864
801,-864
802,-865
803,-865
804,-866
805,-866
806,-866
807,-866
808,-866
809,-865
810,-865
811,-865
812,-865
813,-865
814,-865
815,-866
816,-866
817,-866
818,-866
819,-866
820,-866
821,-866
822,-865
823,-865
824,-865
825,-865
826,-865
827,-865
828,-865
829,-865
830,-865
831,-865
832,-865
833,-865
834,-865
835,-865
836,-865
837,-865
838,-865
839,-865
840,-865
841,-865
842,-865
843,-865
844,-865
845,-865
846,-865
847,-865
848,-864
849,-864
850,-864
851,-864
852,-864
853,-864
854,-864
855,-864
856,-864
857,-863
858,-863
859,-863
860,-863
861,-863
862,-863
863,-863
864,-863
865,-863
866,-863
867,-863
868,-863
869,-863
870,-863
871,-863
872,-863
873,-863
874,-863
875,-863
876,-862
877,-862
878,-862
879,-862
880,-862
881,-862
882,-862
883,-862
884,-861
885,-861
886,-861
887,-861
888,-861
889,-861
890,-861
891,-861
892,-860
893,-860
894,-860
895,-860
896,-860
897,-860
898,-860
899,-860
900,-860
901,-860
902,-860
903,-860
904,-860
905,-860
906,-859
907,-859
908,-859
909,-859
910,-859
911,-858
912,-858
913,-858
914,-858
915,-857
916,-857
917,-857
918,-857
919,-856
920,-856
921,-856
922,-856
923,-856
924,-856
925,-856
926,-856
927,-856
928,-855
929,-855
930,-855
931,-854
932,-854
933,-854
934,-854
935,-853
936,-853
937,-853
938,-852
939,-852
940,-852
941,-852
942,-852
943,-851
944,-851
945,-851
946,-851
947,-850
948,-850
949,-850
950,-849
951,-849
952,-849
953,-849
954,-848
955,-848
956,-848
957,-848
958,-848
959,-848
960,-847
961,-847
962,-847
963,-846
964,-846
965,-846
965,-845
966,-844
967,-844
968,-844
969,-844
970,-844
971,-843
972,-843
973,-843
974,-843
975,-843
975,-842
976,-841
977,-841
978,-841
979,-841
980,-841
981,-840
982,-839
983,-839
984,-839
985,-838
986,-837
987,-837
988,-837
989,-837
989,-836
990,-835
991,-835
992,-835
993,-835
994,-835
995,-835
996,-835
997,-834
998,-833
999,-833
1000,-833
1001,-833
1002,-832
1003,-831
1004,-831
1005,-831
1005,-830
1006,-829
1007,-829
1008,-828
1009,-827
1010,-827
1011,-827
1012,-827
1013,-827
1014,-826
1014,-825
1015,-824
1016,-824
1017,-824
1018,-824
1019,-824
1020,-823
1021,-823
1022,-823
1022,-822
1023,-821
1024,-821
1025,-820
1026,-820
1027,-820
1028,-820
1029,-820
1030,-820
1031,-819
1032,-819
1032,-818
1032,-817
1032,-816
1033,-815
1034,-815
1035,-815
1036,-815
1037,-815
1038,-815
1039,-815
1040,-814
1041,-813
1041,-812
1042,-811
1043,-811
1044,-811
1044,-810
1045,-809
1046,-809
1047,-808
1048,-808
1049,-808
1050,-808
1051,-808
1052,-808
1053,-808
1054,-808
1055,-808
1056,-808
1057,-807
1058,-806
1059,-805
1060,-805
1060,-804
1061,-803
1062,-802
1063,-802
1064,-802
1065,-802
1066,-802
1067,-802
1068,-802
1069,-801
1070,-801
1071,-801
1072,-800
1073,-799
1074,-799
1075,-799
1075,-798
1076,-797
1077,-797
1078,-797
1078,-796
1079,-795
1080,-795
1081,-795
1082,-794
1083,-793
1084,-793
1085,-793
1086,-793
1087,-793
1088,-793
1089,-793
1090,-793
1091,-793
1092,-793
1093,-792
1094,-792
1095,-792
1096,-791
1097,-790
1098,-789
1099,-789
1100,-789
1101,-789
1102,-788
1103,-788
1104,-787
1105,-786
1106,-785
1107,-785
1108,-785
1109,-784
1110,-783
1111,-782
1112,-782
1113,-782
1114,-782
1115,-781
1116,-780
1117,-780
1118,-779
1119,-779
1120,-778
1121,-778
1122,-778
1123,-778
1124,-777
1125,-777
1126,-776
1127,-775
1128,-775
1129,-775
1130,-774
1131,-774
1132,-774
1133,-773
1134,-772
1135,-772
1135,-771
1136,-770
1137,-770
1138,-770
1139,-770
1139,-769
1140,-768
1141,-768
1142,-768
1143,-768
1144,-767
1145,-767
1146,-767
1146,-766
1146,-765
1146,-764
1146,-763
1146,-762
1145,-762
1144,-761
1144,-760
1143,-759
1143,-758
1142,-758
1141,-757
1141,-756
1141,-755
1142,-754
1143,-753
1144,-752
1144,-751
1144,-750
1144,-749
1144,-748
1143,-748
1142,-747
1141,-746
1140,-745
1139,-745
1138,-744
1137,-744
1136,-743
1135,-743
1134,-742
1133,-741
1132,-741
1131,-741
1130,-740
1129,-740
1128,-739
1127,-739
1126,-738
1125,-738
1124,-737
1123,-736
1122,-736
1121,-735
1120,-734
1119,-734
1118,-733
1117,-733
1116,-732
1115,-731
1114,-731
1113,-731
1112,-730
1111,-729
1110,-729
1109,-728
1108,-728
1107,-727
1106,-727
1105,-727
1104,-726
1103,-726
1102,-725
1101,-724
1100,-724
1099,-723
1098,-723
1097,-722
1096,-722
1095,-721
1094,-721
1093,-720
1092,-720
1091,-719
1090,-719
1089,-718
1088,-718
1087,-717
1086,-717
1085,-717
1084,-716
1083,-715
1082,-715
1081,-714
1080,-714
1079,-713
1078,-713
1077,-712
1076,-711
1075,-711
1074,-711
1073,-710
1072,-710
1071,-709
1070,-709
1069,-709
1068,-708
1067,-707
1066,-707
1065,-707
1064,-706
1063,-706
1062,-706
1061,-705
1060,-704
1059,-703
1058,-703
1057,-702
1056,-702
1055,-701
1054,-701
1053,-700
1052,-700
1051,-699
1050,-699
1049,-699
1048,-699
1047,-698
1046,-698
1045,-697
1044,-696
1043,-695
1042,-694
1041,-694
1040,-693
1039,-693
1038,-692
1037,-692
1036,-691
1035,-690
1034,-690
1033,-689
1032,-689
1031,-688
1030,-688
1029,-687
1028,-687
1027,-686
1026,-686
1025,-685
1024,-685
1023,-684
1022,-684
1021,-683
1020,-683
1019,-683
1018,-683
1017,-682
1016,-682
1015,-682
1014,-681
1013,-680
1012,-680
1011,-679
1010,-679
1009,-678
1008,-678
1007,-677
1006,-677
1005,-676
1004,-676
1003,-675
1002,-675
1001,-675
1000,-674
999,-674
998,-674
997,-673
996,-672
995,-672
994,-671
993,-671
992,-670
991,-670
990,-670
989,-669
988,-669
987,-668
986,-668
985,-667
984,-667
983,-667
982,-666
981,-666
980,-665
979,-665
978,-665
977,-664
976,-664
975,-664
974,-663
973,-662
972,-662
971,-662
970,-661
969,-661
968,-660
967,-660
966,-659
965,-659
964,-659
963,-659
962,-658
961,-658
960,-657
959,-657
958,-657
957,-656
956,-656
955,-655
954,-655
953,-655
952,-655
951,-654
950,-654
949,-654
948,-653
947,-653
946,-652
945,-652
944,-652
943,-652
942,-651
941,-651
940,-651
939,-650
938,-650
937,-650
936,-650
935,-649
934,-649
933,-648
932,-648
931,-648
930,-648
929,-647
928,-647
927,-647
926,-647
925,-647
924,-646
923,-646
922,-646
921,-646
920,-646
919,-645
918,-645
917,-645
916,-645
915,-644
914,-644
913,-644
912,-644
911,-643
910,-643
909,-643
908,-643
907,-643
906,-642
905,-642
904,-642
903,-642
902,-642
901,-642
900,-641
899,-641
898,-641
897,-641
896,-641
895,-640
894,-640
893,-640
892,-640
891,-640
890,-640
889,-640
888,-639
887,-639
886,-639
885,-639
884,-639
883,-639
882,-639
881,-639
880,-638
879,-638
878,-638
877,-638
876,-638
875,-638
874,-638
873,-638
872,-637
871,-637
870,-637
869,-637
868,-637
867,-637
866,-637
865,-637
864,-637
863,-637
862,-637
861,-637
860,-637
859,-637
858,-636
857,-636
856,-636
855,-636
854,-636
853,-636
852,-636
851,-636
850,-636
849,-636
848,-636
847,-636
846,-636
845,-636
844,-636
843,-636
842,-636
841,-636
840,-636
839,-636
838,-636
837,-636
836,-637
835,-637
834,-637
833,-637
832,-637
831,-637
830,-637
829,-637
828,-637
827,-637
826,-637
825,-637
824,-637
823,-637
822,-637
821,-637
820,-637
819,-638
818,-638
817,-638
816,-638
815,-638
814,-638
813,-638
812,-639
811,-639
810,-639
809,-639
808,-639
807,-639
806,-639
805,-640
804,-640
803,-640
802,-640
801,-640
800,-640
799,-640
798,-640
797,-641
796,-641
795,-641
794,-641
793,-641
792,-641
791,-642
790,-642
789,-642
788,-642
787,-642
786,-642
785,-642
784,-642
783,-642
782,-643
781,-643
780,-643
779,-643
778,-643
777,-643
776,-643
775,-644
774,-644
773,-644
772,-644
771,-644
770,-645
769,-645
768,-645
767,-645
766,-645
765,-645
764,-646
763,-646
762,-646
761,-646
760,-646
759,-647
758,-647
757,-647
756,-647
755,-647
754,-648
753,-648
752,-648
751,-648
750,-648
749,-649
748,-649
747,-649
746,-649
745,-650
744,-650
743,-650
742,-650
741,-651
740,-651
739,-651
738,-651
737,-652
736,-652
735,-652
734,-653
733,-653
732,-653
731,-654
730,-654
729,-654
728,-654
727,-655
726,-655
725,-655
724,-656
723,-656
722,-657
721,-657
720,-658
719,-658
718,-658
717,-658
716,-658
715,-659
714,-660
713,-660
712,-660
711,-661
710,-661
709,-662
708,-662
707,-662
706,-663
705,-663
704,-664
703,-664
702,-664
701,-665
700,-666
699,-666
698,-667
697,-667
696,-667
695,-667
694,-667
693,-668
692,-668
691,-669
690,-669
689,-670
688,-671
687,-671
686,-671
685,-672
684,-672
683,-673
682,-673
681,-674
680,-675
679,-675
678,-675
677,-676
676,-677
675,-677
674,-678
673,-678
672,-679
671,-680
670,-680
669,-681
668,-682
667,-682
666,-682
665,-683
664,-684
663,-685
662,-685
661,-686
660,-686
660,-687
659,-688
658,-688
657,-688
657,-689
656,-690
655,-690
654,-690
653,-691
652,-691
652,-692
651,-693
650,-694
649,-694
648,-695
647,-695
646,-696
645,-697
644,-698
643,-699
642,-699
641,-700
640,-700
639,-701
638,-701
637,-702
636,-703
635,-703
634,-704
633,-704
632,-705
631,-705
630,-706
629,-706
628,-707
627,-707
626,-707
625,-708
624,-709
623,-709
622,-709
621,-710
620,-710
619,-710
618,-711
617,-711
616,-711
615,-712
614,-712
613,-712
612,-713
611,-713
610,-713
609,-714
608,-714
607,-714
606,-714
605,-715
604,-715
603,-715
602,-715
601,-716
600,-716
599,-716
598,-716
597,-716
596,-716
595,-717
594,-717
593,-717
592,-717
591,-717
590,-717
589,-717
588,-717
587,-717
586,-717
585,-717
584,-717
583,-717
582,-717
581,-718
580,-718
579,-718
578,-718
577,-718
576,-718
575,-718
574,-718
573,-718
572,-718
571,-718
570,-718
569,-718
568,-718
567,-718
566,-718
565,-718
564,-718
563,-719
562,-719
561,-719
560,-719
559,-719
558,-719
557,-719
556,-719
555,-719
554,-719
553,-719
552,-720
551,-720
550,-720
549,-720
548,-720
547,-720
546,-720
545,-720
544,-720
543,-720
542,-720
541,-720
540,-720
539,-720
538,-721
537,-721
536,-721
535,-721
534,-721
533,-721
532,-721
531,-721
530,-721
529,-721
528,-721
527,-721
526,-721
525,-721
524,-721
523,-721
522,-721
521,-721
520,-721
519,-721
518,-721
517,-722
516,-722
515,-722
514,-722
513,-722
512,-722
511,-722
510,-722
509,-722
508,-722
507,-722
506,-722
505,-722
504,-722
503,-722
502,-722
501,-722
500,-722
499,-722
498,-722
497,-722
496,-722
495,-722
494,-722
493,-722
492,-722
491,-722
490,-722
489,-722
488,-722
487,-722
486,-722
485,-722
484,-722
483,-722
482,-722
481,-723
480,-723
479,-723
478,-723
477,-723
476,-723
475,-723
474,-723
473,-723
472,-723
471,-723
470,-723
469,-723
468,-723
467,-723
466,-723
465,-723
464,-723
463,-723
462,-723
461,-723
460,-723
459,-723
458,-723
457,-723
456,-723
455,-724
454,-724
453,-724
452,-724
451,-724
450,-724
449,-724
448,-724
447,-724
446,-724
445,-724
444,-724
443,-724
442,-724
441,-724
440,-724
439,-724
438,-724
437,-724
436,-724
435,-724
434,-724
433,-724
432,-724
431,-724
430,-724
429,-724
428,-724
427,-724
426,-724
425,-724
424,-724
423,-724
422,-724
421,-724
420,-724
419,-724
418,-724
417,-724
416,-724
415,-724
414,-724
413,-724
412,-724
411,-724
410,-724
409,-724
408,-724
407,-725
406,-725
405,-725
404,-725
403,-725
402,-725
401,-725
400,-725
399,-725
398,-725
397,-725
396,-725
395,-725
394,-725
393,-725
392,-725
391,-725
390,-725
389,-725
388,-725
387,-725
386,-725
385,-726
384,-726
383,-726
382,-726
381,-726
380,-727
379,-727
378,-727
377,-727
376,-727
375,-727
374,-727
373,-727
372,-727
371,-726
371,-725
370,-725
369,-725
368,-725
367,-725
366,-726
365,-726
364,-727
363,-727
362,-728
361,-728
360,-728
359,-729
358,-729
358,-730
358,-731
358,-732
358,-733
359,-733
360,-733
361,-733
362,-733
363,-733
364,-733
365,-733
366,-733
367,-733
368,-733
369,-733
370,-734
371,-734
372,-734
373,-734
374,-735
374,-736
374,-737
374,-738
373,-739
373,-740
373,-741
372,-742
371,-742
370,-742
370,-743
370,-744
370,-745
369,-746
368,-747
367,-747
366,-747
365,-747
364,-747
363,-747
362,-747
361,-747
360,-747
359,-747
359,-748
358,-749
357,-749
356,-749
355,-749
