517,-580
517,-581
517,-582
517,-583
517,-584
517,-585
517,-586
518,-587
519,-588
520,-589
521,-590
522,-591
522,-592
523,-592
524,-592
525,-593
525,-594
525,-595
525,-596
526,-597
527,-597
528,-598
529,-599
530,-600
531,-600
532,-601
533,-602
533,-603
534,-603
535,-604
536,-605
536,-606
537,-606
538,-607
539,-608
539,-609
540,-610
541,-611
542,-612
543,-613
544,-614
544,-615
545,-615
546,-616
547,-617
548,-618
549,-619
550,-620
551,-621
551,-622
552,-623
553,-623
554,-624
555,-625
555,-626
556,-627
557,-628
558,-628
559,-629
560,-630
561,-630
562,-631
562,-632
563,-633
564,-634
564,-635
565,-635
566,-636
566,-637
567,-637
568,-638
568,-639
568,-640
569,-641
570,-641
571,-642
572,-642
573,-643
574,-644
575,-644
576,-645
576,-646
577,-647
578,-648
579,-648
580,-649
580,-650
580,-651
580,-652
581,-652
582,-653
583,-653
584,-653
585,-654
585,-655
586,-655
587,-656
588,-656
589,-657
589,-658
590,-659
591,-660
591,-661
592,-661
593,-661
594,-662
594,-663
594,-664
595,-664
596,-665
597,-665
598,-666
599,-667
599,-668
600,-669
601,-670
601,-671
602,-671
603,-672
604,-672
605,-673
606,-673
607,-674
607,-675
607,-676
607,-677
607,-678
607,-679
608,-680
609,-681
609,-682
609,-683
610,-684
611,-684
612,-685
612,-686
613,-687
613,-688
613,-689
614,-689
615,-690
616,-690
617,-690
618,-690
619,-690
620,-691
620,-692
620,-693
620,-694
620,-695
620,-696
621,-696
622,-696
623,-696
624,-696
625,-696
626,-697
627,-697
628,-697
629,-697
630,-697
631,-697
632,-698
633,-698
634,-698
635,-699
636,-700
636,-701
637,-702
637,-703
637,-704
637,-705
638,-705
639,-706
639,-707
640,-708
640,-709
641,-710
642,-711
642,-712
642,-713
642,-714
642,-715
643,-716
644,-717
644,-718
645,-719
645,-720
645,-721
645,-722
645,-723
645,-724
645,-725
645,-726
645,-727
645,-728
645,-729
645,-730
645,-731
645,-732
645,-733
645,-734
646,-735
646,-736
646,-737
646,-738
647,-739
647,-740
647,-741
647,-742
648,-743
648,-744
648,-745
648,-746
648,-747
648,-748
648,-749
648,-750
649,-751
649,-752
650,-753
650,-754
650,-755
650,-756
650,-757
651,-758
651,-759
651,-760
651,-761
651,-762
652,-763
652,-764
653,-765
653,-766
653,-767
654,-768
654,-769
654,-770
654,-771
654,-772
655,-773
656,-774
656,-775
656,-776
656,-777
657,-778
657,-779
658,-780
658,-781
658,-782
659,-783
660,-784
660,-785
660,-786
661,-787
661,-788
662,-789
663,-790
663,-791
664,-792
664,-793
664,-794
665,-795
666,-796
666,-797
667,-798
668,-799
668,-800
669,-801
670,-802
670,-803
671,-804
671,-805
672,-806
673,-807
674,-808
674,-809
674,-810
675,-811
676,-812
677,-813
677,-814
678,-815
679,-816
680,-817
680,-818
681,-819
681,-820
682,-821
683,-821
684,-822
684,-823
685,-824
685,-825
686,-826
686,-827
687,-828
688,-829
688,-830
689,-830
690,-831
691,-831
692,-832
692,-833
693,-834
694,-835
695,-836
695,-837
696,-837
697,-838
697,-839
698,-840
699,-841
700,-842
701,-842
702,-843
702,-844
703,-845
703,-846
704,-846
705,-846
706,-847
707,-848
707,-849
708,-850
708,-851
709,-851
710,-851
711,-852
712,-853
713,-854
714,-855
715,-856
715,-857
716,-858
717,-858
718,-858
719,-859
719,-860
720,-861
721,-861
722,-862
723,-863
724,-864
725,-865
726,-865
727,-866
727,-867
727,-868
728,-869
729,-869
730,-869
731,-870
732,-870
733,-871
733,-872
734,-872
735,-873
736,-874
737,-874
738,-875
738,-876
738,-877
739,-878
740,-878
741,-878
742,-879
743,-879
744,-879
745,-880
745,-881
745,-882
746,-882
747,-882
748,-883
749,-883
750,-883
751,-884
751,-885
752,-885
753,-886
754,-886
755,-887
756,-887
757,-887
758,-888
758,-889
759,-889
760,-890
761,-890
762,-890
763,-890
764,-891
764,-892
765,-892
766,-893
767,-894
768,-894
769,-894
770,-895
771,-896
772,-897
772,-898
773,-898
774,-898
775,-899
776,-899
777,-899
778,-899
779,-899
780,-900
781,-900
782,-901
782,-902
783,-902
784,-902
785,-903
786,-904
787,-904
788,-904
789,-904
790,-905
791,-906
792,-906
793,-906
794,-906
795,-906
796,-906
797,-907
798,-908
798,-909
799,-909
800,-910
801,-910
802,-910
803,-911
804,-911
805,-911
806,-911
807,-912
808,-912
809,-913
810,-914
811,-914
812,-914
813,-915
814,-915
815,-915
816,-915
817,-915
818,-915
819,-916
820,-916
821,-917
822,-917
823,-918
824,-918
825,-918
826,-918
827,-919
828,-919
829,-919
830,-919
831,-919
832,-919
833,-920
834,-920
835,-920
836,-920
837,-921
838,-921
839,-921
840,-921
841,-922
842,-922
843,-922
844,-922
845,-922
846,-922
847,-923
848,-923
849,-923
850,-923
851,-923
852,-923
853,-923
854,-924
855,-924
856,-924
857,-924
858,-924
859,-924
860,-924
861,-924
862,-925
863,-925
864,-925
865,-925
866,-925
867,-925
868,-925
869,-925
870,-925
871,-925
872,-926
873,-926
874,-926
875,-926
876,-926
877,-926
878,-926
879,-926
880,-926
881,-927
882,-927
883,-927
884,-927
885,-928
886,-928
887,-928
888,-928
889,-929
890,-929
891,-929
892,-929
893,-930
894,-930
895,-930
896,-930
897,-931
898,-931
899,-931
900,-931
901,-931
902,-931
903,-931
904,-931
905,-931
906,-931
907,-931
908,-931
909,-931
910,-931
911,-931
912,-932
913,-932
914,-932
915,-932
916,-932
917,-932
918,-932
919,-932
920,-932
921,-932
922,-932
923,-932
924,-932
925,-932
926,-933
927,-933
928,-933
929,-933
930,-933
931,-933
932,-933
933,-934
934,-934
935,-934
936,-934
937,-934
938,-934
939,-934
940,-934
941,-934
942,-935
943,-935
944,-935
945,-935
946,-935
947,-935
948,-935
949,-935
950,-935
951,-935
952,-935
953,-935
954,-935
955,-935
956,-935
957,-935
958,-935
959,-935
960,-935
961,-935
962,-935
963,-935
964,-935
965,-935
966,-935
967,-935
968,-935
969,-935
970,-935
971,-935
972,-935
973,-935
974,-935
975,-935
976,-935
977,-935
978,-935
978,-934
978,-933
979,-932
979,-931
979,-930
979,-929
979,-928
979,-927
979,-926
979,-925
979,-924
979,-923
979,-922
980,-921
981,-921
982,-921
983,-921
984,-921
985,-921
985,-920
985,-919
985,-918
985,-917
985,-916
985,-915
985,-914
984,-913
984,-912
984,-911
983,-910
983,-909
982,-908
982,-907
982,-906
981,-905
980,-904
980,-903
980,-902
980,-901
979,-900
979,-899
979,-898
979,-897
978,-896
978,-895
978,-894
977,-893
976,-892
976,-891
976,-890
975,-889
975,-888
975,-887
974,-886
974,-885
973,-884
973,-883
972,-882
972,-881
972,-880
972,-879
971,-878
971,-877
971,-876
970,-875
970,-874
969,-873
969,-872
969,-871
968,-870
968,-869
967,-868
967,-867
967,-866
966,-865
966,-864
965,-863
965,-862
964,-861
964,-860
963,-859
963,-858
962,-857
962,-856
961,-855
961,-854
960,-853
960,-852
959,-851
959,-850
958,-849
958,-848
957,-847
957,-846
957,-845
956,-844
955,-843
955,-842
955,-841
954,-840
953,-839
953,-838
953,-837
952,-836
951,-835
951,-834
950,-833
950,-832
950,-831
949,-830
949,-829
949,-828
948,-827
947,-826
947,-825
946,-824
946,-823
946,-822
945,-821
945,-820
945,-819
944,-818
943,-817
942,-816
942,-815
942,-814
941,-813
941,-812
941,-811
940,-810
939,-809
939,-808
938,-807
938,-806
937,-805
937,-804
937,-803
936,-803
935,-802
935,-801
935,-800
934,-799
933,-798
933,-797
932,-796
931,-795
930,-794
930,-793
929,-792
929,-791
928,-790
927,-789
926,-788
926,-787
925,-786
925,-785
924,-784
923,-783
922,-782
922,-781
922,-780
921,-779
920,-778
919,-777
919,-776
918,-775
917,-774
916,-773
916,-772
916,-771
915,-771
914,-770
914,-769
913,-768
912,-767
912,-766
911,-765
910,-764
910,-763
909,-762
908,-761
907,-760
906,-759
906,-758
905,-757
904,-756
904,-755
903,-754
902,-753
901,-752
901,-751
900,-750
899,-749
898,-748
897,-747
896,-747
895,-746
894,-745
893,-744
893,-743
892,-742
891,-741
890,-740
889,-739
888,-738
887,-737
886,-736
885,-735
884,-734
883,-733
882,-732
881,-731
881,-730
880,-730
879,-729
879,-728
878,-728
877,-727
876,-726
875,-725
874,-725
873,-724
872,-723
872,-722
871,-722
870,-721
869,-720
868,-719
867,-719
866,-718
865,-717
864,-716
863,-715
862,-714
861,-713
860,-712
859,-712
858,-711
857,-710
856,-709
855,-708
854,-707
853,-706
852,-705
851,-705
850,-704
849,-703
848,-702
847,-702
846,-701
845,-701
844,-700
843,-699
842,-698
841,-698
840,-698
839,-697
838,-697
837,-696
836,-695
835,-694
834,-693
833,-693
832,-692
831,-691
830,-691
829,-690
828,-689
827,-689
826,-688
825,-687
824,-686
823,-686
822,-686
821,-685
820,-685
819,-684
818,-684
817,-683
816,-682
815,-682
814,-681
813,-680
812,-680
811,-679
810,-678
809,-678
808,-677
807,-677
806,-677
805,-676
804,-676
803,-675
802,-675
801,-674
800,-674
799,-674
798,-673
797,-673
796,-673
795,-672
794,-672
793,-671
792,-671
791,-671
790,-670
789,-670
788,-670
787,-669
786,-669
785,-669
784,-668
783,-668
782,-667
781,-666
780,-666
779,-666
778,-665
777,-665
776,-665
775,-665
774,-664
773,-664
772,-663
771,-663
770,-663
769,-662
768,-662
767,-662
766,-662
765,-661
764,-661
763,-661
762,-661
761,-660
760,-660
759,-660
758,-659
757,-659
756,-659
755,-659
754,-659
753,-658
752,-658
751,-658
750,-658
749,-658
748,-658
747,-657
746,-657
745,-657
744,-657
743,-657
742,-657
741,-657
740,-656
739,-656
738,-656
737,-656
736,-656
735,-656
734,-656
733,-656
732,-656
731,-656
730,-656
729,-656
728,-656
727,-656
726,-656
725,-656
724,-656
723,-656
722,-656
721,-656
720,-656
719,-656
718,-656
717,-656
716,-656
715,-656
714,-656
713,-656
712,-656
711,-656
710,-656
709,-656
708,-656
707,-656
706,-656
705,-656
704,-656
703,-656
702,-656
701,-657
700,-657
699,-657
698,-657
697,-657
696,-657
695,-657
694,-658
693,-658
692,-658
691,-658
690,-658
689,-658
688,-658
687,-658
686,-658
685,-658
684,-657
683,-657
682,-657
681,-657
680,-657
679,-657
678,-657
677,-657
676,-657
675,-656
674,-656
673,-655
672,-655
671,-654
670,-654
669,-654
668,-654
667,-653
666,-653
665,-653
664,-653
663,-652
662,-652
661,-652
660,-652
659,-651
658,-651
657,-651
656,-650
655,-650
654,-650
653,-649
652,-649
651,-648
650,-648
649,-647
648,-647
647,-646
646,-646
645,-645
644,-645
643,-644
642,-644
641,-643
640,-642
639,-641
638,-641
637,-640
636,-640
635,-639
634,-638
633,-637
632,-637
631,-636
630,-636
629,-635
628,-634
627,-634
626,-633
625,-632
624,-631
623,-631
622,-630
621,-629
620,-629
619,-628
618,-627
617,-627
616,-626
615,-625
614,-624
613,-624
612,-623
611,-622
610,-622
609,-621
608,-621
607,-620
606,-619
605,-618
604,-618
603,-617
602,-616
601,-616
600,-615
599,-614
598,-613
597,-613
596,-612
595,-611
594,-610
593,-610
592,-609
591,-608
590,-607
589,-607
588,-606
588,-605
587,-605
586,-604
585,-603
584,-603
583,-602
582,-601
581,-600
580,-600
579,-599
578,-598
577,-597
576,-596
575,-596
574,-595
573,-594
572,-593
571,-592
570,-591
569,-591
568,-590
567,-589
566,-588
565,-587
564,-586
563,-585
562,-584
561,-583
560,-582
559,-581
558,-580
557,-580
556,-579
555,-579
554,-578
554,-577
553,-577
552,-576
552,-575
551,-575
550,-574
550,-573
549,-573
548,-572
547,-572
546,-571
546,-570
545,-570
544,-569
543,-568
542,-567
541,-567
540,-567
539,-567
538,-567
537,-567
536,-567
535,-567
534,-567
533,-567
532,-568
531,-568
530,-568
529,-569
528,-569
527,-570
526,-571
525,-571
524,-572
523,-573
523,-574
522,-575
521,-576
520,-577
519,-578
519,-579
518,-580
517,-580
