521,-585
521,-586
521,-587
521,-588
521,-589
521,-590
521,-591
521,-592
521,-593
521,-594
522,-595
522,-596
523,-597
523,-598
523,-599
523,-600
523,-601
524,-602
524,-603
525,-603
526,-603
527,-603
528,-604
529,-605
530,-606
531,-606
532,-606
533,-606
534,-607
534,-608
534,-609
535,-609
536,-609
537,-609
538,-609
539,-610
540,-610
541,-611
541,-612
541,-613
541,-614
542,-614
543,-614
544,-614
545,-615
545,-616
546,-617
547,-617
548,-617
549,-618
549,-619
550,-619
551,-619
552,-619
553,-619
554,-619
555,-619
556,-620
556,-621
556,-622
557,-622
558,-623
559,-624
559,-625
560,-625
561,-625
562,-625
563,-626
564,-627
564,-628
565,-628
566,-628
567,-628
568,-629
569,-630
569,-631
570,-631
571,-632
572,-632
573,-633
573,-634
574,-634
575,-634
576,-635
577,-635
578,-636
578,-637
579,-638
580,-639
581,-639
582,-640
583,-641
584,-642
585,-642
586,-643
587,-644
588,-644
589,-645
590,-646
591,-647
592,-647
593,-648
594,-648
595,-649
595,-650
595,-651
596,-651
597,-652
598,-653
599,-653
600,-654
601,-654
602,-655
602,-656
603,-656
604,-657
605,-658
606,-659
607,-659
608,-660
609,-661
610,-662
611,-663
612,-663
613,-664
613,-665
614,-665
615,-666
615,-667
616,-667
617,-668
618,-669
619,-670
620,-671
621,-671
622,-672
622,-673
623,-673
624,-674
625,-675
625,-676
625,-677
626,-677
627,-678
628,-679
629,-679
630,-680
630,-681
631,-681
632,-682
632,-683
632,-684
632,-685
633,-685
634,-686
634,-687
634,-688
634,-689
635,-690
636,-691
636,-692
637,-693
637,-694
637,-695
638,-696
638,-697
639,-698
639,-699
639,-700
640,-701
640,-702
641,-703
641,-704
641,-705
642,-706
643,-707
643,-708
643,-709
644,-710
644,-711
644,-712
645,-713
645,-714
646,-715
646,-716
647,-717
647,-718
648,-719
649,-720
650,-720
651,-721
651,-722
652,-723
652,-724
652,-725
653,-726
653,-727
654,-728
654,-729
654,-730
654,-731
654,-732
655,-733
655,-734
655,-735
656,-736
656,-737
656,-738
656,-739
656,-740
656,-741
656,-742
657,-743
658,-744
658,-745
658,-746
658,-747
659,-748
659,-749
660,-750
660,-751
660,-752
661,-753
661,-754
661,-755
662,-756
662,-757
663,-758
663,-759
663,-760
663,-761
663,-762
664,-763
664,-764
665,-765
665,-766
666,-767
667,-768
667,-769
667,-770
668,-771
668,-772
668,-773
669,-774
670,-775
670,-776
671,-777
672,-778
672,-779
673,-780
673,-781
673,-782
674,-783
675,-783
676,-784
676,-785
677,-785
678,-785
679,-786
679,-787
679,-788
679,-789
680,-789
681,-790
681,-791
682,-792
682,-793
683,-793
684,-794
685,-795
686,-796
687,-797
688,-798
688,-799
689,-800
690,-801
691,-802
691,-803
692,-803
693,-804
694,-805
694,-806
694,-807
695,-808
696,-808
697,-808
698,-809
698,-810
699,-811
700,-812
700,-813
701,-814
702,-815
703,-816
704,-817
704,-818
705,-818
706,-819
706,-820
707,-821
708,-822
709,-822
710,-823
711,-824
711,-825
711,-826
712,-826
713,-826
714,-827
715,-828
716,-828
717,-829
718,-830
719,-831
720,-832
720,-833
720,-834
720,-835
719,-836
718,-836
717,-836
716,-836
715,-836
714,-836
713,-836
712,-836
711,-836
711,-837
711,-838
711,-839
711,-840
711,-841
712,-842
713,-843
713,-844
714,-845
714,-846
714,-847
715,-847
716,-848
716,-849
716,-850
716,-851
716,-852
715,-853
714,-854
714,-855
713,-856
713,-857
713,-858
713,-859
713,-860
714,-860
715,-860
716,-861
716,-862
717,-863
718,-863
719,-864
720,-864
721,-865
721,-866
721,-867
722,-867
723,-868
724,-869
725,-869
726,-869
727,-870
727,-871
727,-872
726,-873
726,-874
726,-875
726,-876
726,-877
726,-878
727,-878
728,-878
729,-878
730,-879
731,-879
732,-879
733,-879
734,-879
735,-879
736,-879
737,-879
738,-880
738,-881
738,-882
738,-883
738,-884
738,-885
738,-886
739,-886
740,-886
741,-886
742,-886
743,-886
744,-887
745,-888
746,-888
747,-888
748,-888
749,-889
750,-890
751,-891
752,-892
753,-893
754,-893
755,-893
756,-893
757,-894
758,-895
759,-895
760,-896
761,-897
762,-897
763,-897
764,-897
765,-898
766,-898
767,-899
768,-900
769,-900
770,-900
771,-900
772,-900
773,-900
774,-901
775,-901
776,-901
777,-901
778,-902
779,-902
780,-902
781,-902
782,-903
783,-903
784,-904
785,-904
786,-904
787,-904
788,-904
789,-904
790,-904
791,-904
791,-903
792,-902
793,-902
794,-901
795,-900
796,-899
797,-899
798,-898
799,-898
800,-898
801,-899
802,-899
803,-899
804,-899
805,-899
806,-899
806,-898
807,-897
808,-897
809,-897
810,-898
811,-898
812,-899
813,-899
814,-899
815,-900
816,-900
817,-900
818,-901
819,-901
820,-902
821,-902
822,-902
823,-902
824,-902
825,-903
825,-904
826,-904
827,-904
828,-904
829,-905
830,-905
831,-906
831,-907
832,-907
833,-907
834,-907
835,-907
836,-907
837,-907
838,-908
838,-909
838,-910
838,-911
838,-912
838,-913
839,-913
840,-913
841,-913
842,-913
843,-913
844,-913
845,-913
846,-913
847,-913
848,-913
849,-913
850,-913
851,-913
852,-914
852,-915
853,-916
854,-916
855,-916
856,-916
857,-916
858,-916
859,-917
860,-917
861,-917
862,-917
863,-917
864,-917
865,-917
866,-918
867,-918
868,-918
869,-919
870,-919
871,-919
872,-919
873,-919
874,-920
875,-920
876,-920
877,-921
878,-921
879,-921
880,-921
881,-921
882,-921
883,-921
884,-921
885,-921
886,-921
887,-921
888,-921
889,-921
890,-921
891,-921
892,-921
893,-921
894,-922
895,-923
896,-923
897,-923
898,-923
899,-924
900,-925
901,-925
902,-925
903,-926
904,-926
905,-926
906,-926
907,-926
908,-926
909,-926
910,-926
911,-926
912,-926
913,-927
914,-927
915,-927
916,-927
917,-927
918,-927
919,-927
920,-928
921,-928
922,-928
923,-928
924,-928
925,-928
926,-928
927,-929
928,-929
929,-929
930,-929
931,-929
932,-929
933,-929
934,-929
935,-929
936,-929
937,-929
938,-929
939,-929
940,-929
941,-929
942,-929
943,-930
944,-930
945,-930
946,-930
947,-930
948,-930
949,-930
950,-930
951,-930
952,-930
953,-930
954,-930
955,-930
956,-930
957,-929
958,-929
959,-929
960,-930
961,-930
962,-930
963,-930
964,-930
965,-930
966,-929
967,-929
968,-929
969,-929
970,-929
971,-929
972,-929
973,-929
974,-929
975,-929
976,-929
977,-929
977,-928
977,-927
978,-926
979,-926
980,-926
980,-925
980,-924
980,-923
980,-922
980,-921
981,-920
981,-919
981,-918
981,-917
981,-916
981,-915
981,-914
981,-913
981,-912
980,-911
980,-910
980,-909
980,-908
980,-907
980,-906
980,-905
979,-904
979,-903
979,-902
979,-901
979,-900
979,-899
979,-898
978,-897
978,-896
978,-895
978,-894
978,-893
978,-892
978,-891
977,-890
977,-889
977,-888
977,-887
977,-886
977,-885
977,-884
976,-883
976,-882
976,-881
976,-880
975,-879
975,-878
975,-877
975,-876
975,-875
974,-874
974,-873
974,-872
973,-871
973,-870
973,-869
973,-868
972,-867
972,-866
972,-865
972,-864
971,-863
971,-862
971,-861
970,-860
970,-859
970,-858
969,-857
969,-856
969,-855
969,-854
969,-853
968,-852
968,-851
968,-850
967,-849
967,-848
966,-847
966,-846
966,-845
965,-844
965,-843
965,-842
964,-841
964,-840
964,-839
963,-838
963,-837
963,-836
962,-835
962,-834
961,-833
961,-832
960,-831
960,-830
960,-829
960,-828
960,-827
959,-826
958,-825
958,-824
957,-823
957,-822
956,-821
956,-820
956,-819
955,-818
955,-817
954,-816
954,-815
954,-814
953,-813
952,-812
952,-811
952,-810
952,-809
951,-808
951,-807
951,-806
950,-805
950,-804
950,-803
949,-802
949,-801
948,-800
948,-799
948,-798
948,-797
947,-796
946,-795
946,-794
945,-793
945,-792
945,-791
944,-790
944,-789
943,-788
942,-787
942,-786
942,-785
941,-784
940,-783
940,-782
940,-781
939,-780
938,-779
937,-778
937,-777
937,-776
936,-775
936,-774
935,-773
934,-772
934,-771
933,-770
933,-769
932,-768
931,-767
931,-766
930,-765
929,-764
929,-763
928,-762
928,-761
927,-760
927,-759
926,-758
925,-757
924,-756
924,-755
923,-754
923,-753
922,-752
921,-751
921,-750
920,-749
919,-748
918,-747
917,-746
916,-745
916,-744
915,-743
914,-743
913,-742
913,-741
912,-740
911,-739
910,-738
909,-737
909,-736
908,-736
907,-735
907,-734
906,-733
905,-732
904,-731
903,-730
902,-729
901,-728
900,-727
899,-726
898,-725
897,-724
896,-723
895,-722
894,-721
893,-720
892,-719
892,-718
891,-718
890,-717
889,-716
888,-716
887,-715
886,-714
886,-713
885,-713
884,-712
883,-711
882,-710
881,-709
880,-708
879,-707
878,-706
877,-705
876,-704
875,-704
874,-703
873,-702
872,-701
871,-701
870,-700
869,-699
868,-698
867,-697
866,-697
865,-696
864,-696
863,-695
862,-694
861,-693
860,-693
859,-692
858,-692
857,-691
856,-690
855,-690
854,-689
853,-689
852,-688
851,-688
850,-687
849,-686
848,-685
847,-685
846,-684
845,-683
844,-683
843,-682
842,-682
841,-681
840,-681
839,-680
838,-680
837,-679
836,-678
835,-677
834,-677
833,-677
832,-676
831,-676
830,-675
829,-674
828,-673
827,-673
826,-673
825,-672
824,-672
823,-671
822,-670
821,-670
820,-669
819,-669
818,-669
817,-668
816,-668
815,-667
814,-667
813,-666
812,-666
811,-665
810,-665
809,-664
808,-664
807,-664
806,-664
805,-663
804,-662
803,-662
802,-662
801,-661
800,-661
799,-661
798,-661
797,-660
796,-660
795,-660
794,-659
793,-658
792,-658
791,-658
790,-658
789,-657
788,-657
787,-657
786,-657
785,-656
784,-656
783,-656
782,-655
781,-655
780,-655
779,-654
778,-654
777,-653
776,-653
775,-653
774,-653
773,-652
772,-652
771,-652
770,-652
769,-651
768,-651
767,-651
766,-651
765,-651
764,-651
763,-650
762,-650
761,-650
760,-650
759,-650
758,-650
757,-650
756,-650
755,-650
754,-650
753,-650
752,-650
751,-649
750,-649
749,-649
748,-649
747,-649
746,-649
745,-649
744,-650
743,-650
742,-650
741,-650
740,-650
739,-650
738,-650
737,-650
736,-650
735,-650
734,-650
733,-650
732,-650
731,-650
730,-650
729,-650
728,-650
727,-650
726,-651
725,-651
724,-651
723,-651
722,-651
721,-651
720,-651
719,-651
718,-652
717,-652
716,-652
715,-652
714,-652
713,-652
712,-652
711,-652
710,-652
709,-653
708,-653
707,-653
706,-653
705,-653
704,-653
703,-654
702,-654
701,-654
700,-654
699,-655
698,-655
697,-655
696,-655
695,-655
694,-655
693,-655
692,-655
691,-655
690,-655
689,-655
688,-654
687,-654
686,-654
685,-654
684,-654
683,-654
682,-654
681,-654
680,-654
679,-653
678,-653
677,-653
676,-653
675,-652
674,-652
673,-652
672,-651
671,-651
670,-650
669,-650
668,-649
667,-649
666,-648
665,-648
664,-647
663,-647
662,-646
661,-646
660,-645
659,-644
658,-644
657,-643
656,-643
655,-642
654,-642
653,-641
652,-640
651,-640
650,-639
649,-639
648,-638
647,-637
646,-637
645,-636
644,-636
643,-635
642,-634
641,-633
640,-633
639,-632
638,-632
637,-631
636,-630
635,-630
634,-630
633,-629
632,-628
631,-627
631,-626
630,-626
629,-625
628,-624
627,-624
626,-623
625,-622
624,-622
623,-621
622,-621
621,-620
620,-619
619,-618
618,-617
617,-616
616,-616
615,-616
614,-615
613,-614
612,-613
611,-613
610,-612
609,-611
608,-611
607,-610
606,-610
605,-609
604,-608
603,-608
602,-607
601,-606
600,-605
599,-605
598,-604
597,-604
596,-603
595,-602
594,-602
593,-601
592,-601
591,-600
590,-600
589,-599
588,-598
587,-598
586,-597
585,-596
584,-596
583,-595
582,-594
581,-594
580,-593
579,-593
578,-592
577,-592
576,-591
575,-591
574,-590
573,-589
572,-589
571,-588
570,-588
569,-588
568,-587
567,-586
566,-586
565,-585
564,-585
563,-584
562,-584
561,-583
560,-583
559,-583
558,-582
557,-581
556,-581
555,-580
554,-580
553,-579
552,-579
551,-578
550,-577
549,-577
548,-576
547,-576
546,-576
545,-575
544,-574
543,-574
542,-574
541,-573
540,-573
539,-572
538,-572
537,-572
536,-572
535,-572
535,-573
535,-574
534,-575
533,-575
533,-576
533,-577
532,-578
531,-578
530,-578
529,-578
528,-578
527,-578
526,-578
525,-579
525,-580
524,-581
523,-581
523,-582
522,-583
522,-584
521,-585
