354,-732
354,-733
354,-734
354,-735
354,-736
354,-737
355,-738
355,-739
355,-740
356,-741
357,-742
358,-743
359,-743
360,-743
361,-744
362,-744
363,-745
364,-745
365,-746
366,-746
367,-747
368,-747
369,-747
370,-748
371,-749
372,-749
373,-750
374,-750
375,-750
376,-751
377,-751
378,-751
379,-751
380,-751
381,-751
382,-751
383,-752
384,-752
385,-752
386,-752
387,-752
388,-752
389,-753
390,-753
391,-753
392,-753
393,-753
394,-753
395,-753
396,-753
397,-753
398,-753
399,-753
400,-753
401,-754
402,-754
403,-754
404,-754
405,-754
406,-754
407,-754
408,-754
409,-754
410,-754
411,-755
412,-755
413,-755
414,-755
415,-755
416,-755
417,-755
418,-755
419,-755
420,-755
421,-755
422,-755
423,-755
424,-755
425,-755
426,-755
427,-756
428,-756
429,-756
430,-756
431,-756
432,-756
433,-756
434,-756
435,-756
436,-756
437,-756
438,-756
439,-756
440,-756
441,-757
442,-757
443,-757
444,-757
445,-757
446,-757
447,-757
448,-757
449,-758
450,-758
451,-758
452,-758
453,-758
454,-758
455,-758
456,-758
457,-758
458,-758
459,-758
460,-758
461,-758
462,-758
463,-758
464,-758
465,-758
466,-758
467,-758
468,-758
469,-758
470,-758
471,-758
472,-758
473,-758
474,-758
475,-758
476,-758
477,-758
478,-758
479,-758
480,-758
481,-758
482,-758
483,-758
484,-758
485,-758
486,-758
487,-759
488,-759
489,-759
490,-759
491,-759
492,-759
493,-759
494,-759
495,-759
496,-759
497,-759
498,-759
499,-760
500,-760
501,-760
502,-760
503,-760
504,-760
505,-760
506,-760
507,-760
508,-760
509,-760
510,-760
511,-760
512,-760
513,-760
514,-760
515,-760
516,-760
517,-760
518,-760
519,-761
520,-761
521,-761
522,-761
523,-761
524,-761
525,-761
526,-761
527,-761
528,-761
529,-762
530,-762
531,-762
532,-762
533,-762
534,-762
535,-763
536,-763
537,-763
538,-763
539,-763
540,-763
541,-763
542,-763
543,-764
544,-764
545,-764
546,-764
547,-764
548,-764
549,-764
550,-764
551,-765
552,-765
553,-765
554,-765
555,-765
556,-765
557,-765
558,-765
559,-765
560,-766
561,-766
562,-766
563,-766
564,-766
565,-767
566,-767
567,-767
568,-767
569,-767
570,-767
571,-768
572,-768
573,-768
574,-768
575,-768
576,-768
577,-769
578,-769
579,-769
580,-769
581,-769
582,-769
583,-769
584,-769
585,-769
586,-769
587,-769
588,-770
589,-770
590,-770
591,-770
592,-770
593,-770
594,-770
595,-770
596,-771
597,-771
598,-771
599,-771
600,-772
601,-772
602,-772
603,-772
604,-772
605,-773
606,-773
607,-773
608,-774
609,-774
610,-774
611,-775
612,-775
613,-776
614,-776
615,-777
616,-778
617,-778
618,-778
619,-779
619,-780
620,-780
621,-781
622,-782
623,-783
624,-784
625,-785
626,-786
627,-787
628,-787
629,-787
630,-788
631,-789
631,-790
632,-790
633,-790
634,-791
635,-792
636,-792
637,-792
638,-793
639,-794
640,-795
641,-795
642,-796
643,-796
644,-797
645,-797
646,-798
647,-799
648,-799
649,-799
650,-800
650,-801
651,-801
652,-801
653,-801
654,-802
655,-803
655,-804
656,-804
657,-804
658,-804
659,-804
660,-805
661,-806
662,-806
663,-806
664,-806
665,-807
666,-808
667,-808
668,-808
669,-809
670,-809
671,-810
671,-811
672,-811
673,-811
674,-812
674,-813
675,-813
676,-813
677,-813
678,-814
679,-815
680,-816
680,-817
680,-818
681,-818
682,-818
683,-818
684,-818
685,-818
686,-819
687,-819
688,-820
689,-820
690,-821
691,-821
692,-821
693,-821
694,-822
695,-822
696,-823
697,-824
698,-824
699,-824
700,-824
701,-825
702,-826
703,-826
704,-826
705,-827
706,-827
707,-828
708,-828
709,-828
710,-828
711,-829
712,-829
713,-830
714,-830
715,-830
716,-831
717,-831
718,-832
719,-832
720,-833
721,-833
722,-833
723,-833
724,-834
725,-835
726,-835
727,-835
728,-836
728,-837
729,-837
730,-837
731,-837
732,-837
733,-837
734,-838
735,-838
736,-838
737,-839
738,-840
739,-840
740,-840
741,-840
742,-840
743,-841
744,-841
745,-842
745,-843
746,-843
747,-843
748,-843
749,-844
750,-845
751,-845
752,-846
753,-846
754,-846
755,-846
756,-846
757,-847
758,-847
759,-847
760,-848
760,-849
761,-849
762,-849
763,-849
764,-849
765,-850
766,-850
767,-850
768,-850
769,-851
770,-852
771,-852
772,-852
773,-852
774,-852
775,-852
776,-853
777,-853
778,-853
779,-854
780,-854
781,-854
782,-854
783,-854
784,-854
785,-854
786,-855
787,-855
788,-855
789,-855
790,-855
791,-856
792,-856
793,-856
794,-857
795,-857
796,-857
797,-857
798,-857
799,-857
800,-858
800,-859
801,-859
802,-859
803,-859
804,-859
805,-859
806,-859
807,-860
808,-860
809,-860
810,-860
811,-860
812,-860
813,-860
814,-861
815,-861
816,-861
817,-861
818,-861
819,-861
820,-862
821,-862
822,-862
823,-863
824,-863
825,-863
826,-863
827,-863
828,-863
829,-863
830,-864
831,-864
832,-864
833,-864
834,-864
835,-864
836,-864
837,-864
838,-864
839,-864
840,-864
841,-864
842,-864
843,-864
844,-864
845,-864
846,-864
847,-864
848,-864
849,-864
850,-864
851,-864
852,-864
853,-864
854,-864
855,-864
856,-864
857,-864
858,-864
859,-864
860,-864
861,-864
862,-864
863,-864
864,-864
865,-864
866,-864
867,-864
868,-864
869,-864
870,-863
871,-863
872,-863
873,-863
874,-863
875,-863
876,-863
877,-862
878,-862
879,-862
880,-862
881,-862
882,-861
883,-861
884,-861
885,-861
886,-861
887,-860
888,-860
889,-860
890,-860
891,-860
892,-860
893,-860
894,-860
895,-860
896,-860
897,-860
898,-860
899,-860
900,-859
901,-859
902,-859
903,-859
904,-859
905,-859
906,-859
907,-859
908,-859
909,-859
910,-859
911,-859
912,-858
913,-858
914,-858
915,-858
916,-858
917,-857
918,-857
919,-857
920,-856
921,-856
922,-856
923,-856
924,-856
925,-856
926,-855
927,-855
928,-855
929,-855
930,-855
931,-855
932,-855
933,-854
934,-854
935,-854
936,-854
937,-853
938,-853
939,-852
940,-852
941,-852
942,-852
943,-852
944,-852
945,-852
946,-851
947,-851
948,-850
949,-850
950,-850
951,-850
952,-849
953,-848
954,-848
955,-848
956,-848
957,-848
958,-847
959,-847
960,-847
961,-846
962,-846
963,-845
964,-845
965,-845
966,-844
967,-844
968,-844
969,-844
970,-843
971,-843
972,-843
973,-842
974,-842
975,-841
976,-841
977,-840
978,-840
979,-840
980,-840
981,-840
982,-840
983,-839
984,-839
985,-839
986,-838
987,-838
988,-837
989,-837
990,-836
991,-836
992,-836
993,-835
994,-835
995,-834
996,-834
997,-833
998,-833
999,-833
1000,-833
1001,-832
1002,-831
1003,-831
1004,-831
1005,-831
1006,-830
1007,-830
1008,-829
1009,-829
1010,-829
1011,-828
1012,-828
1013,-828
1014,-828
1014,-827
1015,-826
1016,-826
1017,-826
1018,-826
1019,-825
1020,-825
1021,-825
1022,-824
1023,-824
1024,-823
1025,-823
1026,-823
1027,-822
1028,-821
1029,-821
1030,-821
1031,-821
1032,-820
1033,-819
1034,-819
1035,-819
1036,-819
1036,-818
1037,-817
1038,-817
1039,-817
1040,-816
1041,-816
1042,-815
1043,-815
1044,-815
1045,-814
1046,-814
1047,-814
1047,-813
1048,-812
1049,-812
1050,-811
1051,-811
1052,-811
1053,-810
1054,-810
1055,-810
1056,-809
1057,-808
1058,-808
1059,-808
1060,-807
1061,-806
1062,-806
1063,-805
1064,-805
1065,-804
1066,-804
1067,-804
1068,-804
1069,-804
1070,-804
1071,-803
1072,-803
1073,-802
1074,-802
1075,-801
1076,-801
1077,-800
1078,-800
1079,-800
1080,-799
1081,-799
1082,-799
1083,-799
1084,-799
1085,-798
1086,-798
1087,-797
1088,-797
1089,-797
1090,-797
1091,-797
1092,-797
1093,-797
1093,-796
1094,-795
1095,-795
1096,-795
1097,-795
1098,-795
1099,-795
1100,-795
1101,-794
1102,-794
1102,-793
1103,-792
1104,-792
1105,-792
1106,-791
1107,-791
1108,-791
1109,-791
1110,-791
1111,-790
1112,-790
1113,-790
1114,-790
1115,-790
1116,-789
1117,-789
1118,-789
1119,-788
1120,-788
1121,-788
1122,-788
1123,-788
1124,-788
1125,-788
1125,-787
1126,-786
1127,-786
1128,-786
1129,-786
1130,-785
1131,-785
1132,-785
1133,-784
1134,-784
1135,-783
1136,-783
1137,-782
1138,-782
1139,-782
1140,-781
1141,-780
1142,-779
1143,-779
1144,-778
1145,-777
1145,-776
1145,-775
1145,-774
1146,-773
1147,-773
1147,-772
1147,-771
1148,-770
1148,-769
1148,-768
1148,-767
1148,-766
1148,-765
1148,-764
1148,-763
1148,-762
1147,-762
1146,-761
1145,-760
1144,-759
1143,-758
1142,-757
1141,-756
1140,-756
1139,-755
1138,-754
1137,-754
1136,-753
1135,-752
1134,-751
1133,-750
1132,-750
1131,-749
1130,-748
1129,-747
1128,-747
1127,-746
1126,-745
1125,-745
1124,-744
1123,-743
1122,-743
1121,-742
1120,-741
1119,-741
1118,-740
1118,-739
1117,-739
1116,-738
1115,-738
1114,-737
1113,-736
1112,-735
1111,-734
1110,-734
1109,-733
1108,-732
1107,-732
1106,-731
1105,-731
1104,-730
1103,-729
1102,-729
1101,-728
1100,-727
1099,-726
1098,-726
1097,-725
1096,-725
1095,-724
1094,-724
1093,-723
1092,-723
1091,-722
1090,-721
1089,-721
1088,-720
1087,-719
1086,-719
1085,-719
1084,-718
1083,-718
1082,-717
1081,-717
1080,-716
1079,-715
1078,-714
1077,-714
1076,-713
1075,-713
1074,-712
1073,-712
1072,-711
1071,-711
1070,-710
1069,-710
1068,-709
1067,-708
1066,-708
1065,-707
1064,-707
1063,-707
1062,-706
1061,-706
1060,-705
1059,-705
1058,-704
1057,-703
1056,-703
1055,-703
1054,-702
1053,-701
1052,-701
1051,-700
1050,-699
1049,-699
1048,-698
1047,-698
1046,-697
1045,-696
1044,-695
1043,-695
1042,-695
1041,-694
1040,-694
1039,-693
1038,-693
1037,-692
1036,-691
1035,-691
1034,-691
1033,-690
1032,-690
1031,-689
1030,-689
1029,-688
1028,-687
1027,-687
1026,-687
1025,-686
1024,-686
1023,-685
1022,-685
1021,-684
1020,-684
1019,-683
1018,-683
1017,-682
1016,-682
1015,-682
1014,-681
1013,-680
1012,-680
1011,-679
1010,-679
1009,-678
1008,-678
1007,-678
1006,-677
1005,-676
1004,-676
1003,-676
1002,-675
1001,-675
1000,-674
999,-674
998,-673
997,-673
996,-672
995,-672
994,-672
993,-671
992,-671
991,-671
990,-670
989,-670
988,-669
987,-669
986,-668
985,-668
984,-668
983,-667
982,-667
981,-666
980,-666
979,-666
978,-665
977,-665
976,-664
975,-664
974,-663
973,-663
972,-663
971,-662
970,-662
969,-662
968,-661
967,-661
966,-660
965,-660
964,-660
963,-659
962,-659
961,-659
960,-658
959,-658
958,-658
957,-658
956,-658
955,-657
954,-657
953,-656
952,-656
951,-656
950,-655
949,-655
948,-655
947,-654
946,-654
945,-654
944,-653
943,-653
942,-653
941,-652
940,-652
939,-652
938,-651
937,-651
936,-651
935,-651
934,-651
933,-651
932,-650
931,-650
930,-650
929,-650
928,-649
927,-649
926,-649
925,-649
924,-649
923,-648
922,-647
921,-647
920,-647
919,-647
918,-647
917,-647
916,-647
915,-646
914,-646
913,-646
912,-646
911,-646
910,-645
909,-645
908,-645
907,-644
906,-644
905,-644
904,-644
903,-644
902,-644
901,-644
900,-644
899,-644
898,-644
897,-644
896,-643
895,-643
894,-643
893,-643
892,-643
891,-642
890,-642
889,-642
888,-642
887,-642
886,-642
885,-642
884,-641
883,-641
882,-641
881,-641
880,-641
879,-641
878,-641
877,-641
876,-640
875,-640
874,-640
873,-640
872,-639
871,-639
870,-639
869,-639
868,-639
867,-639
866,-639
865,-639
864,-638
863,-638
862,-638
861,-638
860,-638
859,-638
858,-638
857,-638
856,-638
855,-638
854,-638
853,-637
852,-637
851,-637
850,-637
849,-637
848,-637
847,-637
846,-637
845,-637
844,-637
843,-637
842,-637
841,-637
840,-637
839,-637
838,-637
837,-637
836,-637
835,-637
834,-637
833,-637
832,-637
831,-637
830,-637
829,-637
828,-637
827,-637
826,-637
825,-637
824,-637
823,-637
822,-637
821,-637
820,-637
819,-637
818,-637
817,-637
816,-637
815,-637
814,-637
813,-637
812,-637
811,-637
810,-637
809,-637
808,-637
807,-637
806,-638
805,-638
804,-638
803,-638
802,-639
801,-639
800,-639
799,-639
798,-639
797,-639
796,-639
795,-639
794,-639
793,-639
792,-639
791,-639
790,-639
789,-639
788,-639
787,-639
786,-639
785,-639
784,-639
783,-639
782,-639
781,-639
780,-639
779,-639
778,-639
777,-639
776,-639
775,-640
774,-640
773,-640
772,-641
771,-641
770,-641
769,-641
768,-641
767,-641
766,-642
765,-642
764,-642
763,-642
762,-643
761,-643
760,-643
759,-643
758,-643
757,-643
756,-643
755,-643
754,-644
753,-644
752,-644
751,-644
750,-644
749,-645
748,-645
747,-646
746,-646
745,-646
744,-646
743,-646
742,-647
741,-647
740,-647
739,-647
738,-648
737,-648
736,-648
735,-648
734,-649
733,-649
732,-650
731,-650
730,-650
729,-650
728,-651
727,-651
726,-652
725,-652
724,-652
723,-652
722,-652
721,-652
720,-653
719,-654
718,-654
717,-654
716,-654
715,-654
714,-655
713,-655
712,-655
711,-656
710,-656
709,-656
708,-657
707,-658
706,-658
705,-658
704,-659
703,-659
702,-659
701,-659
700,-659
699,-660
698,-660
697,-660
696,-661
695,-661
694,-662
693,-662
692,-663
691,-663
690,-663
689,-663
688,-664
687,-665
686,-665
685,-666
684,-666
683,-667
682,-667
681,-667
680,-668
679,-668
679,-669
678,-670
677,-670
676,-671
675,-671
674,-672
673,-672
672,-672
671,-673
670,-674
669,-675
668,-676
667,-676
666,-677
665,-677
664,-678
663,-678
662,-679
661,-679
660,-680
659,-681
658,-682
657,-682
656,-683
655,-684
654,-685
653,-686
652,-687
651,-688
650,-688
649,-689
648,-690
647,-690
646,-691
645,-692
644,-692
643,-693
643,-694
642,-695
641,-695
640,-696
639,-697
638,-698
637,-699
636,-699
635,-700
634,-701
633,-701
632,-702
631,-702
630,-703
629,-703
628,-704
627,-704
626,-705
625,-705
624,-706
623,-706
622,-707
621,-707
620,-707
619,-707
618,-707
617,-707
616,-707
615,-707
614,-707
613,-707
612,-707
611,-707
610,-708
609,-708
608,-708
607,-708
606,-708
605,-708
604,-708
603,-708
602,-708
601,-708
600,-708
599,-708
598,-708
597,-708
596,-708
595,-708
594,-708
593,-709
592,-709
591,-709
590,-709
589,-709
588,-709
587,-709
586,-709
585,-709
584,-709
583,-709
582,-709
581,-709
580,-709
579,-709
578,-709
577,-709
576,-709
575,-709
574,-709
573,-709
572,-709
571,-709
570,-709
569,-709
568,-709
567,-709
566,-709
565,-709
564,-709
563,-709
562,-709
561,-709
560,-709
559,-709
558,-709
557,-709
556,-709
555,-709
554,-709
553,-709
552,-709
551,-709
550,-709
549,-709
548,-709
547,-709
546,-709
545,-709
544,-709
543,-709
542,-709
541,-709
540,-709
539,-709
538,-709
537,-709
536,-709
535,-709
534,-708
533,-708
532,-708
531,-708
530,-708
529,-708
528,-708
527,-708
526,-708
525,-708
524,-708
523,-708
522,-708
521,-708
520,-708
519,-708
518,-708
517,-708
516,-708
515,-708
514,-708
513,-708
512,-708
511,-708
510,-708
509,-708
508,-707
507,-707
506,-707
505,-707
504,-707
503,-707
502,-707
501,-707
500,-707
499,-707
498,-707
497,-707
496,-707
495,-707
494,-706
493,-706
492,-706
491,-706
490,-706
489,-706
488,-706
487,-706
486,-706
485,-706
484,-706
483,-706
482,-706
481,-705
480,-705
479,-705
478,-705
477,-705
476,-705
475,-705
474,-705
473,-705
472,-705
471,-705
470,-704
469,-704
468,-704
467,-704
466,-704
465,-704
464,-704
463,-704
462,-704
461,-704
460,-704
459,-704
458,-703
457,-703
456,-703
455,-703
454,-703
453,-703
452,-703
451,-703
450,-703
449,-703
448,-703
447,-703
446,-703
445,-703
444,-703
443,-703
442,-703
441,-703
440,-703
439,-702
438,-702
437,-702
436,-702
435,-702
434,-702
433,-702
432,-702
431,-702
430,-702
429,-702
428,-702
427,-702
426,-702
425,-702
424,-702
423,-702
422,-702
421,-702
420,-702
419,-702
418,-702
417,-701
416,-701
415,-701
414,-701
413,-701
412,-701
411,-701
410,-701
409,-701
408,-701
407,-701
406,-702
405,-702
404,-702
403,-702
402,-702
401,-702
400,-702
399,-703
399,-704
398,-705
397,-705
396,-705
396,-706
396,-707
396,-708
396,-709
396,-710
396,-711
397,-711
398,-711
399,-711
400,-711
401,-712
401,-713
401,-714
401,-715
401,-716
401,-717
401,-718
401,-719
401,-720
401,-721
400,-722
400,-723
399,-724
398,-724
397,-724
396,-724
395,-724
394,-724
393,-724
392,-725
391,-725
390,-725
389,-725
388,-725
387,-724
386,-724
385,-724
384,-724
383,-723
382,-723
381,-723
380,-723
379,-723
378,-723
377,-723
376,-723
376,-724
376,-725
376,-726
376,-727
375,-728
374,-728
373,-728
372,-728
371,-728
370,-728
369,-728
368,-728
367,-728
366,-728
365,-728
365,-729
364,-730
363,-730
362,-731
361,-731
360,-731
359,-731
358,-731
357,-731
356,-731
355,-732
354,-732
