499,-986
499,-987
499,-988
499,-989
499,-990
499,-991
499,-992
499,-993
499,-994
499,-995
499,-996
499,-997
499,-998
499,-999
499,-1000
499,-1001
499,-1002
499,-1003
500,-1004
500,-1005
500,-1006
500,-1007
500,-1008
500,-1009
500,-1010
500,-1011
500,-1012
500,-1013
500,-1014
500,-1015
500,-1016
500,-1017
500,-1018
500,-1019
500,-1020
500,-1021
500,-1022
500,-1023
501,-1024
501,-1025
501,-1026
501,-1027
501,-1028
501,-1029
501,-1030
501,-1031
502,-1032
502,-1033
502,-1034
502,-1035
502,-1036
502,-1037
503,-1038
504,-1039
505,-1040
506,-1040
507,-1040
508,-1040
509,-1040
510,-1040
511,-1039
512,-1039
513,-1039
514,-1039
515,-1038
516,-1038
517,-1037
518,-1037
518,-1036
519,-1035
520,-1035
521,-1034
522,-1033
523,-1032
524,-1032
525,-1032
526,-1031
527,-1030
528,-1029
529,-1028
529,-1027
529,-1026
530,-1025
531,-1025
532,-1025
533,-1025
533,-1024
534,-1023
535,-1023
536,-1023
537,-1023
538,-1022
539,-1022
540,-1022
541,-1022
542,-1022
543,-1021
544,-1020
545,-1019
546,-1019
547,-1019
548,-1019
548,-1018
549,-1017
549,-1016
550,-1015
551,-1014
552,-1014
553,-1014
554,-1014
555,-1013
556,-1013
557,-1012
558,-1012
558,-1011
559,-1010
560,-1009
561,-1009
562,-1009
563,-1008
564,-1008
565,-1007
566,-1006
567,-1006
568,-1005
569,-1005
570,-1005
571,-1004
572,-1003
573,-1003
574,-1002
575,-1002
576,-1002
577,-1001
578,-1000
579,-999
580,-999
581,-998
582,-998
583,-998
584,-997
585,-997
586,-997
587,-997
588,-997
589,-996
590,-996
590,-995
590,-994
591,-993
592,-993
593,-993
594,-993
595,-992
596,-992
597,-992
597,-991
598,-990
599,-990
600,-990
601,-990
602,-989
603,-989
604,-989
605,-988
606,-988
607,-987
608,-986
609,-986
610,-986
611,-985
612,-985
613,-985
614,-984
615,-984
616,-983
617,-983
618,-982
619,-982
620,-982
621,-982
622,-981
623,-980
624,-980
625,-980
626,-979
627,-979
628,-979
628,-978
629,-977
630,-977
631,-977
632,-976
633,-976
634,-976
635,-975
636,-975
637,-974
638,-974
639,-973
640,-973
641,-973
642,-973
643,-972
644,-971
645,-971
646,-971
647,-970
648,-970
649,-970
650,-969
651,-968
652,-968
653,-967
654,-967
655,-967
656,-966
657,-965
658,-965
659,-964
660,-963
661,-963
662,-963
662,-962
663,-961
664,-961
665,-961
666,-961
667,-960
667,-959
668,-958
669,-958
670,-958
671,-957
672,-957
673,-956
674,-955
675,-954
676,-954
677,-953
678,-953
679,-952
680,-952
681,-951
682,-951
683,-950
683,-949
684,-948
685,-948
686,-947
687,-947
688,-946
689,-945
690,-944
691,-944
692,-944
692,-943
693,-942
694,-942
695,-941
695,-940
696,-939
697,-939
698,-938
699,-937
700,-936
701,-935
702,-934
702,-933
703,-932
704,-931
705,-931
705,-930
706,-929
707,-928
708,-928
709,-927
710,-927
710,-926
710,-925
711,-924
712,-923
713,-923
714,-923
714,-922
715,-921
716,-921
717,-920
718,-919
719,-918
720,-917
721,-917
721,-916
722,-915
723,-914
724,-913
725,-913
725,-912
726,-911
727,-911
727,-910
728,-909
729,-909
730,-908
730,-907
731,-906
732,-905
733,-905
733,-904
734,-903
735,-902
736,-902
737,-901
738,-900
739,-899
740,-898
740,-897
741,-896
742,-895
742,-894
743,-893
744,-893
745,-892
746,-891
746,-890
747,-889
748,-888
749,-887
749,-886
750,-885
751,-884
752,-883
752,-882
753,-881
754,-881
754,-880
755,-879
755,-878
756,-877
757,-876
757,-875
758,-874
759,-874
759,-873
760,-872
761,-871
762,-870
762,-869
763,-868
764,-867
764,-866
765,-865
766,-865
767,-864
767,-863
767,-862
767,-861
768,-860
769,-859
770,-859
770,-858
771,-857
772,-856
772,-855
773,-854
773,-853
774,-852
774,-851
775,-850
776,-849
777,-848
777,-847
778,-846
779,-845
779,-844
779,-843
780,-842
780,-841
781,-840
782,-839
782,-838
783,-837
783,-836
783,-835
784,-834
785,-834
785,-833
785,-832
786,-831
786,-830
787,-829
787,-828
787,-827
788,-826
789,-825
789,-824
790,-823
790,-822
790,-821
791,-820
791,-819
792,-818
792,-817
793,-816
793,-815
794,-814
794,-813
795,-812
795,-811
796,-810
796,-809
796,-808
797,-807
797,-806
797,-805
798,-804
799,-803
799,-802
800,-801
801,-800
801,-799
801,-798
801,-797
802,-796
802,-795
803,-794
804,-793
804,-792
804,-791
805,-790
806,-789
807,-788
807,-787
807,-786
807,-785
807,-784
808,-783
808,-782
809,-781
809,-780
809,-779
810,-778
810,-777
810,-776
810,-775
810,-774
811,-773
811,-772
811,-771
811,-770
811,-769
811,-768
811,-767
811,-766
811,-765
811,-764
811,-763
811,-762
811,-761
811,-760
811,-759
811,-758
811,-757
811,-756
811,-755
811,-754
811,-753
811,-752
811,-751
810,-750
810,-749
810,-748
810,-747
810,-746
809,-745
809,-744
809,-743
808,-742
808,-741
808,-740
808,-739
807,-738
807,-737
807,-736
807,-735
807,-734
806,-733
806,-732
806,-731
806,-730
806,-729
806,-728
806,-727
806,-726
806,-725
806,-724
806,-723
806,-722
806,-721
806,-720
805,-719
805,-718
805,-717
805,-716
805,-715
806,-714
806,-713
807,-712
807,-711
807,-710
807,-709
808,-708
808,-707
809,-706
809,-705
809,-704
809,-703
810,-702
811,-702
812,-701
812,-700
812,-699
813,-698
814,-698
814,-697
814,-696
815,-695
816,-694
817,-694
817,-693
818,-692
819,-691
819,-690
819,-689
820,-688
821,-688
821,-687
821,-686
821,-685
821,-684
820,-683
820,-682
820,-681
820,-680
820,-679
820,-678
821,-677
821,-676
821,-675
822,-674
822,-673
822,-672
823,-671
824,-670
825,-669
826,-668
826,-667
826,-666
827,-665
828,-664
829,-663
829,-662
829,-661
829,-660
829,-659
830,-658
830,-657
830,-656
831,-655
832,-654
832,-653
833,-652
834,-651
834,-650
834,-649
834,-648
835,-647
836,-646
836,-645
837,-644
838,-644
838,-643
839,-642
839,-641
840,-640
841,-639
842,-638
843,-637
844,-637
844,-636
845,-635
846,-634
847,-634
848,-633
849,-633
850,-632
851,-631
852,-630
853,-629
854,-629
855,-629
856,-628
857,-628
858,-627
859,-627
859,-626
860,-625
861,-625
862,-625
863,-625
864,-625
865,-625
866,-625
867,-624
868,-623
868,-622
868,-621
869,-620
870,-620
871,-620
872,-619
873,-619
874,-619
875,-618
875,-617
876,-616
876,-615
877,-614
878,-614
879,-614
880,-614
880,-613
880,-612
880,-611
880,-610
881,-609
882,-609
883,-609
884,-609
885,-609
885,-608
886,-607
887,-607
887,-606
887,-605
888,-604
889,-604
890,-604
891,-603
892,-603
892,-602
892,-601
892,-600
893,-599
894,-599
895,-599
896,-599
897,-599
898,-599
899,-599
900,-599
900,-598
900,-597
900,-596
901,-595
902,-595
903,-595
903,-594
903,-593
903,-592
903,-591
903,-590
904,-589
905,-588
906,-587
907,-587
908,-587
909,-587
910,-587
911,-587
911,-586
911,-585
911,-584
911,-583
912,-582
913,-582
914,-582
915,-581
916,-581
917,-580
918,-580
919,-580
920,-580
920,-579
920,-578
921,-577
922,-577
923,-577
923,-576
924,-575
925,-574
926,-573
927,-572
928,-572
929,-572
930,-571
931,-570
931,-569
932,-568
933,-568
934,-568
934,-567
935,-566
936,-565
937,-565
938,-564
939,-563
940,-563
941,-562
942,-562
943,-562
944,-561
945,-561
945,-560
945,-559
945,-558
946,-557
947,-557
948,-557
949,-557
950,-556
951,-555
951,-554
952,-553
953,-552
954,-552
954,-551
955,-550
956,-550
957,-550
958,-550
959,-550
960,-549
960,-548
961,-547
961,-546
962,-545
963,-545
963,-544
964,-543
965,-543
966,-543
967,-543
968,-543
969,-543
970,-543
970,-542
970,-541
971,-540
972,-540
973,-539
974,-539
975,-539
976,-539
977,-539
977,-538
977,-537
977,-536
977,-535
978,-534
979,-534
980,-534
980,-533
980,-532
980,-531
980,-530
981,-529
982,-529
983,-529
984,-529
985,-528
986,-528
987,-528
987,-527
988,-526
989,-526
990,-526
990,-525
990,-524
990,-523
991,-522
991,-521
991,-520
991,-519
991,-518
992,-517
993,-517
994,-517
995,-517
996,-517
997,-517
998,-517
999,-517
1000,-517
1001,-517
1001,-516
1001,-515
1001,-514
1001,-513
1001,-512
1001,-511
1002,-510
1002,-509
1002,-508
1002,-507
1002,-506
1001,-505
1001,-504
1001,-503
1001,-502
1001,-501
1000,-500
1000,-499
999,-499
998,-498
998,-497
998,-496
998,-495
998,-494
998,-493
998,-492
997,-491
997,-490
997,-489
997,-488
997,-487
997,-486
997,-485
996,-485
995,-485
994,-485
993,-485
992,-485
991,-486
991,-487
991,-488
991,-489
990,-490
989,-490
988,-490
987,-490
986,-490
985,-489
985,-488
985,-487
985,-486
985,-485
985,-484
986,-483
987,-482
988,-482
989,-482
989,-481
990,-480
991,-480
992,-480
993,-480
994,-480
995,-480
995,-479
995,-478
995,-477
995,-476
995,-475
994,-475
993,-475
992,-474
991,-473
990,-473
989,-473
988,-473
987,-473
986,-473
985,-473
984,-473
983,-473
982,-473
981,-472
981,-471
980,-470
979,-469
979,-468
978,-467
978,-466
978,-465
977,-464
976,-463
976,-462
975,-462
974,-462
973,-462
972,-462
971,-462
970,-463
969,-463
968,-464
967,-464
966,-465
965,-465
964,-466
963,-467
962,-467
961,-468
960,-468
959,-469
958,-470
957,-471
956,-472
955,-472
954,-473
953,-474
952,-475
951,-475
950,-476
949,-477
948,-478
947,-478
946,-478
945,-479
944,-480
943,-481
943,-482
942,-483
941,-483
940,-484
939,-485
938,-485
937,-486
936,-487
935,-488
934,-488
933,-489
932,-490
931,-491
930,-492
929,-493
928,-494
927,-494
926,-495
925,-496
924,-497
923,-498
922,-499
921,-500
920,-500
919,-501
918,-502
917,-503
916,-504
915,-504
914,-505
913,-506
912,-507
911,-508
910,-509
909,-510
908,-511
907,-511
906,-512
905,-512
904,-513
903,-514
902,-515
901,-516
900,-517
899,-517
898,-518
897,-519
896,-520
895,-521
894,-521
893,-522
892,-523
891,-524
890,-525
889,-526
888,-527
887,-528
886,-529
885,-529
884,-530
883,-531
882,-532
881,-533
880,-534
879,-535
878,-536
878,-537
877,-538
876,-539
875,-540
874,-541
873,-542
872,-543
871,-544
871,-545
870,-546
869,-547
868,-547
867,-548
866,-549
865,-550
864,-550
864,-551
863,-552
862,-552
861,-553
860,-554
859,-554
858,-555
857,-556
856,-557
855,-557
854,-558
853,-559
852,-560
851,-561
850,-562
849,-563
848,-564
847,-565
846,-565
845,-566
844,-567
843,-568
842,-569
841,-570
840,-571
839,-571
838,-572
837,-573
836,-574
835,-575
834,-575
833,-576
832,-577
832,-578
831,-579
830,-579
829,-580
828,-581
827,-582
826,-583
825,-583
824,-584
823,-585
822,-586
821,-587
820,-588
819,-588
818,-589
817,-590
816,-590
815,-591
814,-592
813,-593
812,-593
811,-594
810,-594
809,-595
808,-596
807,-597
806,-597
805,-598
805,-599
804,-600
803,-600
802,-601
801,-602
800,-603
799,-603
798,-604
797,-605
796,-605
795,-606
794,-607
793,-607
792,-608
791,-609
790,-609
789,-609
788,-609
787,-610
786,-611
785,-612
784,-612
783,-612
782,-613
781,-613
780,-613
779,-614
778,-614
777,-614
776,-615
775,-615
774,-615
773,-616
772,-616
771,-616
770,-617
769,-617
768,-618
767,-618
766,-619
765,-619
764,-619
763,-619
762,-620
761,-620
760,-621
759,-621
758,-621
757,-622
756,-622
755,-622
754,-622
753,-623
752,-623
751,-623
750,-623
749,-623
748,-623
747,-624
746,-624
745,-624
744,-624
743,-624
742,-624
741,-625
740,-625
739,-625
738,-625
737,-625
736,-625
735,-625
734,-626
733,-626
732,-626
731,-626
730,-626
729,-627
728,-627
727,-627
726,-627
725,-627
724,-628
723,-628
722,-628
721,-629
720,-629
719,-629
718,-629
717,-630
716,-630
715,-631
714,-631
713,-631
712,-632
711,-632
710,-632
709,-632
708,-632
707,-633
706,-633
705,-633
704,-633
703,-634
702,-635
701,-635
700,-636
699,-636
698,-636
697,-636
696,-637
695,-637
694,-637
693,-638
692,-639
691,-639
690,-639
689,-640
688,-640
687,-640
686,-641
685,-641
684,-641
683,-642
682,-642
682,-643
681,-644
680,-644
679,-644
678,-644
677,-645
676,-646
675,-646
674,-647
673,-647
672,-648
671,-648
670,-648
669,-649
668,-650
667,-651
666,-651
665,-652
664,-652
663,-653
662,-653
661,-654
660,-655
659,-655
658,-656
657,-656
656,-657
656,-658
655,-659
654,-659
653,-660
652,-660
651,-660
650,-660
649,-661
649,-662
648,-663
647,-663
646,-664
645,-665
644,-665
643,-666
642,-667
641,-668
640,-668
639,-669
638,-670
637,-671
636,-672
635,-672
634,-673
633,-674
632,-674
631,-675
630,-676
629,-676
628,-677
627,-678
626,-679
625,-680
624,-681
623,-682
622,-682
621,-683
620,-684
619,-685
619,-686
618,-687
617,-687
616,-688
615,-689
614,-689
613,-690
612,-691
611,-692
610,-693
609,-694
608,-695
607,-696
607,-697
606,-698
605,-699
604,-699
603,-700
602,-701
601,-702
601,-703
600,-704
599,-704
598,-705
597,-706
597,-707
596,-708
595,-709
594,-710
593,-711
593,-712
592,-713
591,-714
590,-715
589,-716
588,-717
587,-718
587,-719
587,-720
587,-721
587,-722
587,-723
587,-724
586,-725
585,-725
584,-725
583,-725
582,-725
581,-726
581,-727
580,-728
579,-728
579,-729
578,-730
578,-731
577,-732
577,-733
576,-734
575,-734
574,-735
573,-736
573,-737
573,-738
572,-739
571,-739
570,-740
569,-741
569,-742
568,-743
567,-744
566,-745
566,-746
565,-747
564,-748
564,-749
563,-750
562,-751
561,-752
561,-753
560,-754
559,-755
558,-756
557,-757
557,-758
557,-759
557,-760
557,-761
556,-762
555,-762
554,-763
554,-764
553,-765
553,-766
553,-767
552,-768
552,-769
551,-770
550,-771
549,-772
549,-773
549,-774
548,-775
548,-776
547,-777
547,-778
546,-779
545,-780
545,-781
544,-782
544,-783
543,-784
543,-785
542,-786
542,-787
541,-788
541,-789
540,-790
540,-791
540,-792
539,-793
538,-794
538,-795
538,-796
537,-797
536,-798
536,-799
536,-800
535,-801
535,-802
534,-803
534,-804
533,-805
533,-806
533,-807
532,-808
532,-809
532,-810
531,-811
531,-812
531,-813
530,-814
530,-815
529,-816
529,-817
529,-818
528,-819
528,-820
528,-821
527,-822
527,-823
526,-824
526,-825
526,-826
525,-827
525,-828
525,-829
525,-830
525,-831
524,-832
524,-833
523,-834
522,-835
522,-836
522,-837
522,-838
522,-839
522,-840
521,-841
521,-842
521,-843
521,-844
521,-845
520,-846
520,-847
519,-848
519,-849
519,-850
518,-851
518,-852
518,-853
518,-854
517,-855
517,-856
517,-857
517,-858
517,-859
517,-860
517,-861
517,-862
516,-863
515,-864
515,-865
514,-866
514,-867
514,-868
514,-869
514,-870
514,-871
513,-872
513,-873
513,-874
512,-875
512,-876
512,-877
512,-878
511,-879
511,-880
511,-881
511,-882
511,-883
511,-884
511,-885
511,-886
511,-887
510,-888
510,-889
510,-890
510,-891
510,-892
510,-893
510,-894
510,-895
509,-896
509,-897
509,-898
509,-899
509,-900
509,-901
509,-902
508,-903
508,-904
508,-905
507,-906
507,-907
507,-908
507,-909
507,-910
507,-911
507,-912
506,-913
506,-914
506,-915
506,-916
506,-917
506,-918
506,-919
506,-920
505,-921
505,-922
505,-923
505,-924
505,-925
505,-926
505,-927
504,-928
504,-929
504,-930
504,-931
504,-932
504,-933
504,-934
504,-935
504,-936
503,-937
503,-938
503,-939
503,-940
503,-941
503,-942
503,-943
502,-944
502,-945
502,-946
502,-947
502,-948
502,-949
502,-950
501,-951
501,-952
501,-953
501,-954
501,-955
501,-956
501,-957
501,-958
501,-959
501,-960
501,-961
501,-962
501,-963
501,-964
501,-965
501,-966
501,-967
501,-968
501,-969
501,-970
500,-971
500,-972
500,-973
500,-974
500,-975
500,-976
500,-977
500,-978
500,-979
500,-980
500,-981
500,-982
500,-983
500,-984
500,-985
499,-986
