397,-741
397,-742
397,-743
397,-744
397,-745
398,-746
399,-746
400,-747
401,-747
402,-747
403,-748
404,-748
405,-748
406,-748
407,-748
408,-748
409,-749
410,-749
411,-749
412,-749
413,-749
414,-749
415,-749
416,-750
417,-750
418,-750
419,-750
420,-750
421,-750
422,-751
423,-751
424,-751
425,-751
426,-751
427,-751
428,-751
429,-751
430,-751
431,-751
432,-751
433,-751
434,-751
435,-751
436,-751
437,-751
438,-752
439,-752
440,-752
441,-752
442,-752
443,-752
444,-752
445,-753
446,-753
447,-753
448,-754
449,-754
450,-754
451,-754
452,-754
453,-754
454,-754
455,-754
456,-754
457,-754
458,-755
459,-755
460,-755
461,-755
462,-755
463,-755
464,-755
465,-755
466,-755
467,-755
468,-755
469,-755
470,-755
471,-755
472,-756
473,-756
474,-756
475,-756
476,-756
477,-756
478,-756
479,-756
480,-756
481,-756
482,-756
483,-756
484,-756
485,-756
486,-757
487,-757
488,-757
489,-757
490,-757
491,-757
492,-757
493,-757
494,-757
495,-757
496,-757
497,-757
498,-757
499,-757
500,-757
501,-758
502,-758
503,-758
504,-759
505,-759
506,-759
507,-759
508,-759
509,-759
510,-759
511,-760
512,-760
513,-760
514,-760
515,-760
516,-760
517,-760
518,-760
519,-760
520,-761
521,-761
522,-761
523,-761
524,-761
525,-761
526,-761
527,-761
528,-761
529,-761
530,-761
531,-761
532,-761
533,-762
534,-762
535,-762
536,-762
537,-762
538,-762
539,-762
540,-762
541,-762
542,-762
543,-762
544,-762
545,-762
546,-762
547,-762
548,-762
549,-762
550,-762
551,-762
552,-763
553,-763
554,-763
555,-763
556,-763
557,-763
558,-763
559,-763
560,-763
561,-763
562,-763
563,-763
564,-763
565,-763
566,-763
567,-763
568,-763
569,-763
570,-764
571,-764
572,-764
573,-764
574,-764
575,-763
576,-763
577,-763
578,-763
579,-763
580,-763
581,-763
582,-763
583,-763
584,-763
585,-763
586,-763
587,-763
588,-762
589,-762
590,-762
591,-762
592,-762
593,-762
594,-762
595,-762
596,-762
597,-762
598,-762
599,-762
600,-762
601,-762
602,-762
603,-762
604,-762
605,-762
606,-762
607,-762
608,-762
609,-762
610,-763
611,-763
612,-763
613,-763
614,-763
615,-763
616,-763
617,-763
618,-764
619,-764
620,-764
621,-765
622,-765
623,-766
623,-767
624,-767
625,-767
626,-768
627,-769
628,-770
629,-771
630,-772
631,-772
632,-773
632,-774
633,-775
633,-776
634,-776
635,-777
636,-777
637,-778
637,-779
638,-779
639,-780
640,-780
641,-780
642,-781
643,-781
644,-782
645,-783
645,-784
646,-784
647,-784
648,-784
649,-784
650,-784
651,-784
652,-784
652,-783
653,-782
654,-782
655,-782
656,-782
657,-782
658,-782
659,-782
660,-782
661,-782
662,-782
663,-782
664,-782
665,-782
666,-782
667,-783
668,-784
669,-785
670,-785
671,-785
672,-786
673,-786
674,-787
675,-787
676,-788
677,-789
678,-790
679,-790
680,-791
681,-792
682,-792
683,-793
683,-794
684,-794
685,-794
686,-795
687,-796
688,-797
689,-798
690,-798
691,-798
692,-799
693,-800
694,-800
695,-801
696,-801
697,-802
697,-803
698,-803
699,-803
700,-804
700,-805
701,-806
702,-806
703,-807
703,-808
704,-809
705,-809
706,-810
707,-811
708,-812
709,-812
710,-812
711,-813
712,-814
713,-815
714,-816
715,-817
716,-818
717,-818
718,-819
719,-820
720,-821
721,-821
722,-822
723,-823
724,-824
725,-825
726,-825
727,-826
728,-827
728,-828
729,-828
730,-828
731,-829
732,-829
733,-830
734,-831
735,-832
736,-833
737,-833
738,-834
738,-835
739,-836
740,-836
741,-836
742,-837
743,-837
744,-838
745,-838
746,-839
747,-840
748,-841
749,-842
750,-843
751,-843
752,-843
753,-843
754,-844
754,-845
755,-845
756,-845
757,-846
758,-846
759,-846
760,-847
761,-848
761,-849
762,-849
763,-849
764,-850
765,-850
766,-851
767,-851
768,-852
769,-852
770,-852
771,-852
772,-853
773,-854
774,-854
775,-854
776,-855
777,-855
778,-855
779,-856
780,-857
781,-857
782,-858
783,-858
784,-859
785,-859
786,-860
787,-860
788,-860
789,-861
790,-861
791,-862
792,-862
793,-863
794,-863
795,-863
796,-863
797,-863
798,-863
799,-863
800,-863
801,-863
802,-864
803,-864
804,-864
805,-864
806,-864
807,-864
808,-865
809,-865
810,-865
811,-865
812,-865
813,-865
814,-865
815,-866
816,-866
817,-866
818,-866
819,-866
820,-866
821,-867
821,-868
822,-868
823,-868
824,-868
825,-868
826,-868
827,-868
828,-868
829,-868
830,-868
831,-869
832,-869
833,-869
834,-869
835,-870
836,-871
837,-871
838,-872
839,-872
840,-872
841,-872
842,-872
843,-872
844,-872
845,-872
846,-872
847,-872
848,-872
848,-871
848,-870
849,-869
849,-868
850,-867
851,-867
852,-867
853,-867
854,-867
855,-867
856,-867
857,-868
858,-868
859,-869
860,-869
861,-869
862,-869
863,-869
864,-869
865,-869
866,-869
867,-869
868,-869
869,-869
869,-868
869,-867
870,-866
871,-866
872,-866
873,-866
874,-866
875,-866
876,-866
877,-866
878,-866
879,-866
880,-866
881,-866
882,-865
883,-865
884,-865
885,-865
886,-864
887,-864
888,-864
889,-864
890,-864
891,-864
892,-864
893,-864
894,-863
895,-862
896,-862
897,-862
898,-862
899,-862
900,-861
901,-861
902,-861
903,-861
904,-861
905,-861
906,-860
907,-860
908,-860
909,-860
910,-860
911,-860
912,-860
913,-859
914,-859
915,-859
916,-859
917,-859
917,-858
918,-857
919,-857
920,-857
921,-857
922,-857
923,-857
924,-857
925,-857
926,-857
927,-857
928,-857
928,-856
928,-855
928,-854
928,-853
929,-852
930,-852
931,-852
932,-852
933,-852
934,-852
935,-851
936,-851
937,-851
938,-851
939,-850
940,-849
941,-849
942,-849
943,-849
944,-849
945,-848
946,-848
947,-848
947,-847
948,-846
949,-846
950,-845
951,-845
952,-845
953,-844
954,-844
955,-843
956,-843
957,-843
958,-843
959,-842
960,-842
961,-842
962,-841
963,-841
964,-840
965,-839
966,-839
967,-839
968,-838
969,-838
970,-838
971,-838
971,-837
971,-836
972,-835
973,-835
973,-834
974,-833
975,-833
976,-833
977,-833
978,-833
979,-832
980,-831
981,-831
981,-830
981,-829
982,-828
983,-828
984,-827
985,-827
986,-827
987,-827
988,-827
989,-826
990,-825
991,-825
992,-825
993,-824
994,-823
995,-823
996,-822
997,-822
998,-822
999,-822
1000,-821
1001,-821
1002,-820
1003,-820
1003,-819
1004,-818
1005,-818
1006,-817
1007,-816
1008,-815
1009,-815
1010,-815
1011,-815
1012,-815
1013,-814
1014,-814
1015,-813
1015,-812
1016,-811
1017,-811
1018,-810
1019,-810
1020,-810
1021,-810
1022,-809
1023,-809
1023,-808
1023,-807
1024,-806
1025,-806
1026,-806
1027,-806
1028,-806
1029,-806
1030,-806
1030,-805
1030,-804
1031,-803
1032,-803
1032,-802
1032,-801
1033,-800
1034,-800
1035,-800
1036,-800
1037,-800
1038,-799
1039,-798
1040,-798
1041,-797
1042,-796
1043,-796
1044,-796
1045,-795
1046,-795
1047,-795
1048,-795
1049,-795
1050,-795
1051,-795
1052,-794
1053,-793
1054,-793
1054,-792
1054,-791
1055,-790
1056,-790
1057,-790
1058,-789
1059,-789
1060,-789
1061,-789
1062,-788
1063,-788
1064,-788
1065,-788
1066,-787
1066,-786
1067,-785
1068,-785
1069,-785
1070,-785
1071,-784
1072,-784
1073,-784
1074,-783
1075,-783
1076,-783
1077,-783
1077,-782
1078,-781
1079,-780
1080,-779
1081,-779
1081,-778
1082,-777
1083,-777
1084,-777
1085,-777
1086,-777
1087,-777
1087,-776
1088,-775
1088,-774
1089,-773
1090,-773
1091,-772
1092,-772
1093,-772
1094,-772
1095,-772
1096,-772
1097,-772
1098,-772
1098,-771
1099,-770
1100,-769
1100,-768
1100,-767
1100,-766
1100,-765
1101,-764
1102,-763
1103,-763
1104,-763
1104,-762
1104,-761
1104,-760
1104,-759
1103,-759
1102,-758
1102,-757
1102,-756
1101,-755
1101,-754
1101,-753
1100,-753
1099,-752
1099,-751
1099,-750
1098,-749
1097,-748
1097,-747
1097,-746
1098,-745
1098,-744
1098,-743
1098,-742
1098,-741
1098,-740
1097,-739
1096,-738
1095,-737
1094,-736
1093,-736
1092,-735
1091,-735
1090,-734
1089,-733
1088,-733
1087,-732
1086,-732
1085,-731
1084,-730
1083,-730
1082,-729
1081,-728
1080,-728
1079,-727
1078,-727
1077,-726
1076,-726
1075,-725
1074,-724
1073,-724
1072,-723
1071,-722
1070,-722
1069,-721
1068,-720
1067,-719
1066,-718
1065,-718
1064,-717
1063,-716
1062,-715
1061,-715
1060,-714
1059,-713
1058,-713
1057,-712
1056,-711
1055,-711
1054,-710
1053,-709
1052,-708
1051,-707
1050,-706
1049,-706
1048,-705
1047,-704
1046,-704
1045,-703
1044,-702
1043,-701
1042,-701
1041,-700
1040,-699
1039,-698
1038,-698
1037,-697
1036,-696
1035,-695
1034,-694
1033,-693
1032,-693
1031,-692
1030,-691
1029,-690
1028,-690
1027,-689
1026,-688
1025,-688
1024,-687
1023,-686
1022,-685
1021,-685
1020,-684
1019,-683
1018,-683
1017,-683
1016,-683
1015,-682
1015,-681
1014,-681
1013,-680
1012,-679
1011,-678
1010,-678
1009,-677
1008,-676
1007,-676
1006,-675
1005,-675
1004,-674
1003,-674
1002,-673
1001,-673
1000,-673
999,-672
998,-671
997,-670
996,-670
995,-669
994,-669
993,-668
992,-668
991,-667
990,-667
989,-666
988,-666
987,-665
986,-665
985,-664
984,-664
983,-663
982,-662
981,-662
980,-661
979,-661
978,-661
977,-660
976,-660
975,-659
974,-658
973,-658
972,-658
971,-657
970,-657
969,-656
968,-656
967,-655
966,-655
965,-654
964,-654
963,-653
962,-653
961,-652
960,-652
959,-652
958,-651
957,-651
956,-650
955,-650
954,-650
953,-650
952,-649
951,-649
950,-649
949,-648
948,-648
947,-647
946,-647
945,-647
944,-646
943,-646
942,-646
941,-646
940,-645
939,-645
938,-645
937,-644
936,-644
935,-643
934,-643
933,-643
932,-642
931,-642
930,-642
929,-642
928,-642
927,-642
926,-641
925,-641
924,-641
923,-641
922,-641
921,-641
920,-641
919,-640
918,-640
917,-640
916,-639
915,-639
914,-638
913,-638
912,-638
911,-637
910,-637
909,-637
908,-637
907,-636
906,-636
905,-636
904,-636
903,-636
902,-635
901,-635
900,-635
899,-635
898,-634
897,-634
896,-634
895,-634
894,-634
893,-634
892,-634
891,-634
890,-634
889,-633
888,-633
887,-633
886,-633
885,-633
884,-632
883,-632
882,-632
881,-632
880,-632
879,-632
878,-632
877,-632
876,-631
875,-630
874,-630
873,-630
872,-630
871,-630
870,-630
869,-630
868,-630
867,-630
866,-630
865,-630
864,-630
863,-630
862,-630
861,-630
860,-630
859,-630
858,-630
857,-629
856,-629
855,-629
854,-629
853,-629
852,-629
851,-629
850,-629
849,-629
848,-629
847,-629
846,-629
845,-629
844,-629
843,-629
842,-629
841,-629
840,-629
839,-629
838,-629
837,-629
836,-629
835,-629
834,-629
833,-629
832,-629
831,-629
830,-629
829,-629
828,-629
827,-629
826,-629
825,-629
824,-629
823,-629
822,-630
821,-630
820,-630
819,-630
818,-630
817,-630
816,-630
815,-630
814,-630
813,-630
812,-631
811,-631
810,-631
809,-631
808,-631
807,-631
806,-632
805,-633
804,-633
803,-633
802,-633
801,-633
800,-633
799,-633
798,-633
797,-633
796,-633
795,-633
794,-633
793,-633
792,-633
791,-633
790,-633
789,-634
788,-634
787,-634
786,-634
785,-635
784,-635
783,-635
782,-635
781,-635
780,-635
779,-635
778,-635
777,-635
776,-635
775,-636
774,-636
773,-636
772,-637
771,-637
770,-637
769,-637
768,-638
767,-638
766,-638
765,-638
764,-638
763,-638
762,-638
761,-638
760,-638
759,-639
758,-639
757,-639
756,-640
755,-640
754,-640
753,-640
752,-641
751,-641
750,-641
749,-641
748,-641
747,-641
746,-641
745,-642
744,-642
743,-642
742,-643
741,-643
740,-643
739,-644
738,-644
737,-644
736,-645
735,-645
734,-645
733,-645
732,-645
731,-645
730,-646
729,-646
728,-647
727,-647
726,-647
725,-648
724,-648
723,-649
722,-649
721,-649
720,-650
719,-650
718,-650
717,-651
716,-651
715,-651
714,-652
713,-653
712,-653
711,-654
710,-654
709,-654
708,-654
707,-655
706,-656
705,-657
704,-657
703,-658
702,-658
701,-658
700,-659
699,-659
698,-660
697,-661
696,-661
695,-661
694,-662
693,-663
692,-663
691,-664
690,-665
689,-665
688,-666
687,-666
686,-667
685,-668
684,-669
683,-669
682,-670
681,-671
680,-672
679,-672
678,-673
677,-674
676,-674
675,-675
674,-676
673,-676
672,-677
671,-677
670,-678
669,-679
668,-679
667,-680
666,-680
666,-681
665,-682
664,-682
663,-682
662,-683
661,-683
660,-684
659,-684
658,-685
657,-685
656,-686
655,-686
654,-687
653,-687
652,-688
651,-688
650,-689
649,-690
648,-690
647,-690
646,-691
645,-691
644,-692
643,-693
642,-693
641,-694
640,-695
639,-695
638,-695
637,-696
636,-696
635,-697
634,-697
633,-697
632,-697
631,-698
630,-698
629,-699
628,-699
627,-699
626,-700
625,-700
624,-700
623,-700
622,-700
621,-701
620,-701
619,-701
618,-701
617,-702
616,-702
615,-702
614,-702
613,-702
612,-702
611,-702
610,-702
609,-702
608,-703
607,-703
606,-703
605,-703
604,-703
603,-703
602,-704
601,-704
600,-704
599,-704
598,-704
597,-704
596,-705
595,-705
594,-705
593,-705
592,-705
591,-706
590,-706
589,-706
588,-706
587,-706
586,-706
585,-706
584,-706
583,-706
582,-706
581,-706
580,-706
579,-706
578,-706
577,-706
576,-706
575,-706
574,-706
573,-706
572,-706
571,-706
570,-706
569,-706
568,-706
567,-706
566,-706
565,-707
564,-707
563,-707
562,-707
561,-707
560,-707
559,-707
558,-707
557,-707
556,-707
555,-707
554,-707
553,-707
552,-707
551,-707
550,-707
549,-707
548,-707
547,-707
546,-707
545,-707
544,-707
543,-707
542,-707
541,-707
540,-707
539,-707
538,-707
537,-707
536,-707
535,-707
534,-707
533,-707
532,-707
531,-707
530,-707
529,-707
528,-707
527,-707
526,-707
525,-707
524,-707
523,-707
522,-707
521,-707
520,-707
519,-707
518,-707
517,-707
516,-707
515,-707
514,-707
513,-708
512,-708
511,-708
510,-708
509,-708
508,-708
507,-708
506,-708
505,-708
504,-708
503,-708
502,-708
501,-708
500,-708
499,-708
498,-708
497,-708
496,-708
495,-708
494,-708
493,-708
492,-708
491,-708
490,-708
489,-708
488,-708
487,-708
486,-708
485,-708
484,-708
483,-708
482,-708
481,-708
480,-708
479,-708
478,-708
477,-708
476,-708
475,-708
474,-708
473,-708
472,-708
471,-708
470,-708
469,-708
468,-708
467,-708
466,-708
465,-708
464,-708
463,-708
462,-708
461,-708
460,-708
459,-708
458,-708
457,-708
456,-708
455,-708
454,-709
453,-709
452,-709
451,-709
450,-709
449,-709
448,-709
447,-708
446,-708
445,-708
444,-708
443,-708
442,-708
441,-708
440,-708
439,-708
438,-708
437,-708
436,-708
435,-708
434,-708
433,-708
432,-708
431,-708
430,-708
429,-708
428,-708
427,-708
426,-708
425,-707
424,-707
423,-707
422,-707
421,-707
420,-707
419,-708
418,-708
417,-708
416,-708
415,-708
414,-708
413,-708
412,-708
411,-707
410,-707
409,-707
408,-707
407,-707
406,-706
405,-706
404,-706
403,-706
402,-706
402,-707
402,-708
402,-709
402,-710
403,-711
403,-712
404,-713
404,-714
405,-715
406,-716
406,-717
406,-718
406,-719
406,-720
406,-721
406,-722
405,-723
404,-723
404,-724
404,-725
403,-726
403,-727
403,-728
402,-729
401,-729
401,-730
401,-731
401,-732
401,-733
401,-734
402,-735
402,-736
402,-737
403,-738
403,-739
403,-740
402,-741
401,-741
400,-741
399,-741
398,-741
397,-741
