339,-767
339,-768
339,-769
339,-770
339,-771
339,-772
340,-773
340,-774
340,-775
341,-776
341,-777
342,-777
343,-777
344,-777
345,-777
346,-777
347,-776
348,-776
349,-776
350,-775
351,-775
352,-775
353,-775
354,-775
355,-775
356,-775
357,-775
358,-775
359,-775
360,-775
361,-775
362,-775
363,-775
364,-776
365,-776
366,-777
367,-777
368,-777
369,-778
369,-779
370,-779
371,-779
372,-779
373,-779
374,-779
375,-779
376,-779
377,-779
378,-779
379,-779
380,-779
381,-779
382,-779
383,-779
384,-779
385,-779
386,-779
387,-778
388,-778
389,-778
390,-778
391,-778
392,-778
393,-778
394,-778
395,-778
396,-778
397,-778
398,-778
399,-778
400,-778
401,-778
402,-778
403,-778
404,-778
405,-778
406,-778
407,-778
408,-778
409,-778
410,-778
411,-778
412,-778
413,-778
414,-778
415,-778
416,-779
417,-779
418,-779
419,-779
420,-779
421,-779
422,-778
423,-778
424,-778
425,-778
426,-778
427,-778
428,-778
429,-778
430,-778
431,-778
432,-778
433,-778
434,-778
435,-778
436,-778
437,-778
438,-778
439,-778
440,-778
441,-778
442,-778
443,-778
444,-778
445,-778
446,-778
447,-778
448,-778
449,-778
450,-778
451,-778
452,-778
453,-778
454,-778
455,-778
456,-778
457,-778
458,-778
459,-778
460,-778
461,-778
462,-778
463,-778
464,-778
465,-778
466,-778
467,-778
468,-778
469,-778
470,-778
471,-778
472,-778
473,-778
474,-778
475,-778
476,-778
477,-778
478,-778
479,-778
480,-778
481,-778
482,-778
483,-778
484,-778
485,-778
486,-778
487,-778
488,-778
489,-779
490,-779
491,-779
492,-779
493,-779
494,-779
495,-779
496,-779
497,-779
498,-779
499,-779
500,-779
501,-779
502,-779
503,-779
504,-779
505,-779
506,-779
507,-779
508,-779
509,-779
510,-779
511,-779
512,-779
513,-779
514,-779
515,-779
516,-779
517,-779
518,-779
519,-779
520,-779
521,-779
522,-779
523,-779
524,-779
525,-779
526,-779
527,-779
528,-779
529,-779
530,-779
531,-779
532,-780
533,-780
534,-780
535,-780
536,-780
537,-780
538,-780
539,-780
540,-780
541,-780
542,-780
543,-780
544,-780
545,-780
546,-780
547,-780
548,-780
549,-780
550,-780
551,-780
552,-781
553,-781
554,-781
555,-781
556,-781
557,-781
558,-781
559,-781
560,-781
561,-782
562,-782
563,-782
564,-782
565,-782
566,-782
567,-782
568,-782
569,-782
570,-782
571,-783
572,-783
573,-783
574,-783
575,-783
576,-783
577,-783
578,-783
579,-784
580,-784
581,-784
582,-784
583,-784
584,-784
585,-784
586,-784
587,-784
588,-785
589,-785
590,-785
591,-785
592,-785
593,-785
594,-785
595,-785
596,-786
597,-786
598,-786
599,-786
600,-786
601,-786
602,-786
603,-786
604,-786
605,-787
606,-787
607,-787
608,-787
609,-787
610,-787
611,-787
612,-787
613,-788
614,-788
615,-788
616,-788
617,-788
618,-788
619,-789
620,-789
621,-789
622,-789
623,-790
624,-790
625,-790
626,-790
627,-790
628,-790
629,-790
630,-791
631,-791
632,-791
633,-791
634,-791
635,-791
636,-791
637,-792
638,-792
639,-792
640,-792
641,-792
642,-792
643,-793
644,-793
645,-793
646,-794
647,-794
648,-794
649,-794
650,-794
651,-794
652,-795
653,-795
654,-795
655,-795
656,-795
657,-796
658,-796
659,-796
660,-796
661,-796
662,-796
663,-797
664,-797
665,-797
666,-797
667,-798
667,-799
668,-799
669,-799
670,-800
671,-801
672,-802
673,-803
674,-803
675,-804
676,-804
677,-804
678,-804
679,-805
679,-806
679,-807
680,-807
681,-808
682,-809
683,-809
684,-810
685,-810
686,-810
687,-811
688,-811
689,-812
690,-813
691,-814
692,-815
693,-815
694,-816
695,-816
696,-817
697,-818
697,-819
698,-820
699,-820
700,-820
701,-821
702,-821
703,-821
704,-822
705,-822
706,-823
707,-824
707,-825
708,-825
709,-826
710,-826
711,-827
712,-827
713,-827
714,-827
715,-828
715,-829
716,-829
717,-829
718,-829
719,-830
720,-830
721,-831
722,-832
723,-832
724,-833
725,-834
726,-834
727,-835
728,-835
729,-835
730,-836
731,-836
732,-837
733,-837
734,-838
735,-838
736,-838
737,-839
738,-839
739,-839
740,-839
741,-840
741,-841
742,-841
743,-841
744,-841
745,-841
746,-841
747,-842
747,-843
748,-843
749,-844
750,-844
751,-844
752,-844
753,-844
754,-845
755,-845
756,-845
757,-846
758,-846
759,-847
760,-847
761,-847
762,-848
763,-848
764,-848
765,-848
766,-848
767,-848
768,-849
769,-849
770,-849
771,-850
772,-850
773,-851
774,-851
775,-851
776,-852
777,-852
778,-852
779,-852
780,-852
781,-852
782,-853
783,-853
784,-854
785,-854
786,-854
787,-854
788,-855
789,-855
790,-856
791,-856
792,-856
793,-856
794,-856
795,-856
796,-856
797,-856
798,-856
799,-856
800,-856
801,-857
802,-857
803,-857
804,-857
805,-857
806,-857
807,-857
808,-857
809,-857
810,-857
811,-857
812,-857
813,-857
814,-857
815,-857
816,-857
817,-858
818,-858
819,-858
820,-858
821,-858
822,-858
823,-858
824,-858
825,-859
826,-859
827,-859
828,-859
829,-859
830,-859
831,-859
832,-859
833,-859
834,-860
835,-860
836,-860
837,-860
838,-860
839,-860
840,-860
841,-860
842,-860
843,-860
844,-860
845,-860
846,-860
847,-860
848,-860
849,-860
850,-860
851,-860
852,-860
853,-860
854,-860
855,-860
856,-860
857,-860
858,-860
859,-860
860,-860
861,-860
862,-860
863,-860
864,-860
865,-860
866,-860
867,-860
868,-860
869,-860
870,-860
871,-860
872,-860
873,-860
874,-860
875,-860
876,-859
877,-859
878,-859
879,-859
880,-859
881,-858
882,-858
883,-858
884,-858
885,-858
886,-857
887,-857
888,-857
889,-857
890,-857
891,-856
892,-856
893,-856
894,-856
895,-856
896,-856
897,-856
898,-856
899,-856
900,-856
901,-856
902,-856
903,-856
904,-856
905,-856
906,-856
907,-855
908,-855
909,-855
910,-855
911,-854
912,-854
913,-853
914,-853
915,-853
916,-853
917,-853
918,-853
919,-853
920,-853
921,-853
922,-853
923,-852
924,-852
925,-852
926,-852
927,-852
928,-852
928,-851
928,-850
928,-849
929,-848
930,-847
931,-846
932,-846
933,-846
934,-846
935,-846
936,-846
937,-846
938,-846
939,-845
939,-844
940,-843
941,-843
942,-843
943,-843
944,-842
945,-842
946,-842
947,-842
948,-842
949,-841
950,-841
951,-841
952,-841
953,-841
954,-842
955,-842
956,-842
957,-842
958,-842
959,-842
960,-842
961,-842
962,-841
963,-840
964,-840
965,-840
966,-840
967,-839
968,-839
969,-839
970,-839
970,-838
970,-837
971,-836
972,-836
973,-835
974,-835
975,-835
976,-835
977,-835
978,-835
979,-835
980,-835
981,-835
981,-834
981,-833
981,-832
982,-831
983,-831
984,-831
985,-830
986,-830
987,-830
988,-830
989,-830
989,-829
990,-828
991,-828
992,-828
993,-828
994,-827
995,-827
996,-827
997,-827
998,-827
999,-827
999,-826
1000,-825
1001,-824
1002,-824
1003,-823
1004,-823
1005,-823
1006,-823
1006,-822
1006,-821
1007,-820
1008,-819
1009,-819
1010,-819
1011,-819
1012,-819
1012,-818
1012,-817
1012,-816
1012,-815
1012,-814
1012,-813
1012,-812
1012,-811
1012,-810
1012,-809
1013,-808
1014,-808
1015,-807
1016,-806
1017,-806
1018,-806
1019,-806
1020,-806
1021,-807
1022,-807
1023,-807
1024,-807
1025,-807
1025,-806
1026,-805
1027,-805
1028,-805
1029,-805
1030,-805
1031,-805
1032,-805
1033,-805
1034,-805
1034,-804
1035,-803
1036,-803
1037,-803
1038,-803
1039,-803
1040,-803
1041,-803
1042,-803
1043,-802
1043,-801
1043,-800
1044,-799
1045,-799
1046,-799
1047,-799
1048,-799
1049,-799
1050,-799
1051,-799
1051,-798
1051,-797
1051,-796
1051,-795
1051,-794
1051,-793
1052,-792
1053,-792
1054,-792
1055,-791
1056,-790
1057,-790
1058,-790
1059,-791
1060,-791
1061,-791
1062,-791
1063,-791
1064,-791
1064,-790
1064,-789
1064,-788
1064,-787
1064,-786
1064,-785
1064,-784
1064,-783
1065,-782
1066,-782
1067,-782
1068,-782
1069,-782
1070,-782
1071,-782
1072,-782
1072,-781
1073,-780
1074,-780
1075,-780
1076,-779
1077,-778
1078,-778
1079,-778
1080,-778
1081,-777
1082,-777
1083,-777
1083,-776
1083,-775
1083,-774
1083,-773
1082,-773
1081,-772
1081,-771
1081,-770
1081,-769
1082,-768
1083,-768
1084,-768
1085,-768
1086,-768
1087,-767
1088,-766
1089,-766
1090,-766
1091,-766
1092,-766
1093,-766
1094,-766
1095,-766
1095,-765
1095,-764
1095,-763
1096,-762
1097,-761
1098,-761
1099,-761
1100,-761
1101,-761
1101,-760
1102,-759
1102,-758
1102,-757
1103,-756
1104,-756
1105,-756
1106,-756
1107,-757
1107,-758
1107,-759
1108,-760
1108,-761
1109,-761
1110,-761
1111,-761
1112,-761
1113,-761
1114,-761
1115,-761
1115,-760
1116,-759
1117,-759
1118,-759
1119,-759
1120,-758
1121,-758
1122,-757
1123,-757
1124,-757
1124,-756
1125,-755
1126,-755
1127,-754
1128,-754
1128,-753
1129,-752
1130,-752
1131,-752
1132,-752
1133,-752
1134,-751
1135,-751
1136,-750
1137,-749
1137,-748
1138,-747
1139,-746
1140,-745
1141,-745
1142,-745
1143,-744
1144,-744
1145,-743
1145,-742
1146,-741
1147,-741
1147,-740
1148,-739
1149,-738
1150,-737
1151,-737
1152,-737
1153,-736
1154,-736
1155,-736
1155,-735
1156,-734
1157,-733
1158,-733
1158,-732
1158,-731
1159,-730
1160,-730
1160,-729
1161,-728
1161,-727
1161,-726
1161,-725
1161,-724
1161,-723
1161,-722
1161,-721
1161,-720
1161,-719
1161,-718
1160,-717
1160,-716
1160,-715
1161,-714
1162,-713
1162,-712
1162,-711
1162,-710
1162,-709
1162,-708
1161,-707
1160,-707
1159,-706
1158,-706
1157,-706
1156,-705
1155,-705
1154,-705
1153,-704
1152,-704
1151,-704
1150,-704
1149,-703
1148,-703
1147,-703
1146,-703
1145,-702
1144,-702
1143,-702
1142,-702
1141,-701
1140,-701
1139,-701
1138,-700
1137,-700
1136,-699
1135,-699
1134,-699
1133,-698
1132,-698
1131,-698
1130,-697
1129,-697
1128,-696
1127,-696
1126,-696
1125,-695
1124,-695
1123,-695
1122,-694
1121,-694
1120,-693
1119,-693
1118,-692
1117,-692
1116,-692
1115,-691
1114,-691
1113,-691
1112,-690
1111,-690
1110,-690
1109,-690
1108,-689
1107,-689
1106,-688
1105,-688
1104,-688
1103,-688
1102,-688
1101,-688
1100,-687
1099,-687
1098,-686
1098,-685
1097,-685
1096,-685
1095,-684
1094,-684
1093,-683
1092,-683
1091,-683
1090,-683
1089,-682
1088,-682
1087,-681
1086,-681
1085,-681
1084,-680
1083,-680
1082,-680
1081,-680
1080,-679
1079,-679
1078,-679
1077,-679
1076,-678
1075,-678
1074,-677
1073,-677
1072,-677
1071,-677
1070,-677
1069,-676
1068,-675
1067,-675
1066,-675
1065,-675
1064,-674
1063,-674
1062,-674
1061,-673
1060,-673
1059,-673
1058,-672
1057,-672
1056,-671
1055,-671
1054,-671
1053,-671
1052,-670
1051,-670
1050,-670
1049,-669
1048,-668
1047,-668
1046,-668
1045,-667
1044,-667
1043,-667
1042,-667
1041,-666
1040,-666
1039,-666
1038,-665
1037,-665
1036,-664
1035,-664
1034,-664
1033,-664
1032,-663
1031,-663
1030,-663
1029,-663
1028,-662
1027,-662
1026,-661
1025,-661
1024,-660
1023,-660
1022,-660
1021,-660
1020,-659
1019,-659
1018,-659
1017,-659
1016,-659
1015,-658
1014,-658
1013,-657
1012,-657
1011,-656
1010,-656
1009,-656
1008,-656
1007,-656
1006,-655
1005,-655
1004,-655
1003,-655
1002,-654
1001,-654
1000,-654
999,-653
998,-653
997,-653
996,-653
995,-652
994,-652
993,-652
992,-652
991,-651
990,-651
989,-651
988,-651
987,-651
986,-650
985,-650
984,-649
983,-649
982,-649
981,-648
980,-648
979,-648
978,-648
977,-648
976,-648
975,-648
974,-648
973,-647
972,-647
971,-647
970,-647
969,-647
968,-647
967,-646
966,-646
965,-646
964,-646
963,-645
962,-645
961,-645
960,-645
959,-644
958,-644
957,-644
956,-644
955,-644
954,-643
953,-643
952,-643
951,-643
950,-643
949,-643
948,-643
947,-643
946,-643
945,-643
944,-643
943,-643
942,-643
941,-642
940,-642
939,-642
938,-642
937,-642
936,-642
935,-642
934,-642
933,-642
932,-642
931,-642
930,-641
929,-641
928,-641
927,-641
926,-641
925,-641
924,-641
923,-641
922,-641
921,-641
920,-641
919,-641
918,-641
917,-641
916,-641
915,-641
914,-641
913,-641
912,-641
911,-641
910,-641
909,-641
908,-641
907,-641
906,-641
905,-641
904,-641
903,-641
902,-641
901,-641
900,-641
899,-641
898,-641
897,-641
896,-641
895,-641
894,-641
893,-641
892,-642
891,-642
890,-642
889,-642
888,-642
887,-642
886,-642
885,-642
884,-643
883,-643
882,-643
881,-643
880,-643
879,-643
878,-643
877,-643
876,-643
875,-643
874,-643
873,-644
872,-644
871,-644
870,-644
869,-644
868,-644
867,-644
866,-644
865,-644
864,-644
863,-644
862,-644
861,-644
860,-645
859,-645
858,-645
857,-645
856,-645
855,-645
854,-646
853,-646
852,-646
851,-647
850,-647
849,-647
848,-647
847,-647
846,-647
845,-648
844,-648
843,-648
842,-648
841,-648
840,-648
839,-648
838,-648
837,-648
836,-648
835,-648
834,-648
833,-649
832,-649
831,-649
830,-649
829,-649
828,-649
827,-649
826,-649
825,-649
824,-649
823,-649
822,-650
821,-651
820,-651
819,-651
818,-651
817,-651
816,-651
815,-651
814,-651
813,-651
812,-651
811,-652
810,-652
809,-652
808,-652
807,-653
806,-654
805,-654
804,-654
803,-654
802,-655
801,-655
800,-655
799,-655
798,-656
797,-656
796,-656
795,-656
794,-656
793,-656
792,-656
791,-657
790,-657
789,-657
788,-657
787,-657
786,-658
785,-658
784,-658
783,-658
782,-659
781,-659
780,-659
779,-659
778,-660
777,-660
776,-660
775,-660
774,-661
773,-661
772,-661
771,-662
770,-662
769,-662
768,-662
767,-663
766,-663
765,-663
764,-664
763,-664
762,-664
761,-665
760,-665
759,-665
758,-666
757,-666
756,-666
755,-667
754,-667
753,-668
752,-668
751,-669
750,-669
749,-669
748,-669
747,-669
746,-670
745,-671
744,-671
743,-671
742,-672
741,-672
740,-673
739,-673
738,-673
737,-674
736,-674
735,-675
734,-675
733,-675
733,-676
732,-677
731,-677
730,-677
729,-678
728,-678
727,-679
726,-679
725,-680
724,-680
723,-681
722,-681
721,-682
720,-683
719,-684
718,-684
717,-685
716,-685
715,-686
714,-686
713,-687
712,-687
711,-688
710,-689
709,-689
708,-690
707,-691
706,-692
705,-692
704,-693
703,-693
702,-694
701,-694
701,-695
700,-696
699,-696
698,-697
697,-698
696,-699
695,-699
694,-700
693,-700
692,-701
691,-702
690,-703
689,-704
688,-705
687,-706
686,-706
686,-707
685,-708
684,-708
683,-709
682,-710
681,-711
680,-711
679,-712
678,-712
677,-713
676,-714
675,-715
674,-716
673,-717
672,-717
672,-718
671,-719
670,-719
669,-720
668,-720
667,-721
666,-721
665,-721
664,-722
663,-722
662,-723
661,-724
660,-724
659,-724
658,-725
657,-725
656,-725
655,-726
654,-727
653,-727
652,-728
651,-728
650,-729
649,-729
648,-729
647,-729
646,-730
645,-730
644,-731
643,-731
642,-731
641,-731
640,-731
639,-731
638,-732
637,-732
636,-733
635,-733
634,-733
633,-733
632,-734
631,-734
630,-734
629,-734
628,-734
627,-734
626,-735
625,-735
624,-735
623,-735
622,-736
621,-736
620,-736
619,-736
618,-736
617,-736
616,-737
615,-737
614,-737
613,-737
612,-737
611,-737
610,-737
609,-737
608,-737
607,-737
606,-737
605,-738
604,-738
603,-738
602,-738
601,-738
600,-738
599,-738
598,-738
597,-738
596,-738
595,-738
594,-738
593,-738
592,-738
591,-738
590,-738
589,-738
588,-738
587,-738
586,-738
585,-739
584,-739
583,-739
582,-739
581,-739
580,-739
579,-739
578,-739
577,-739
576,-739
575,-739
574,-739
573,-739
572,-739
571,-739
570,-739
569,-739
568,-739
567,-739
566,-739
565,-739
564,-739
563,-739
562,-739
561,-739
560,-739
559,-739
558,-739
557,-739
556,-739
555,-739
554,-739
553,-739
552,-739
551,-739
550,-739
549,-739
548,-739
547,-739
546,-739
545,-739
544,-739
543,-739
542,-739
541,-739
540,-739
539,-739
538,-739
537,-739
536,-739
535,-739
534,-739
533,-739
532,-739
531,-739
530,-739
529,-739
528,-739
527,-739
526,-739
525,-739
524,-739
523,-739
522,-739
521,-739
520,-739
519,-739
518,-739
517,-739
516,-739
515,-739
514,-739
513,-739
512,-739
511,-739
510,-739
509,-739
508,-739
507,-739
506,-739
505,-739
504,-739
503,-739
502,-739
501,-739
500,-739
499,-739
498,-739
497,-739
496,-739
495,-739
494,-739
493,-739
492,-739
491,-738
490,-738
489,-738
488,-738
487,-738
486,-738
485,-738
484,-738
483,-738
482,-738
481,-738
480,-738
479,-738
478,-738
477,-738
476,-738
475,-738
474,-738
473,-738
472,-738
471,-738
470,-738
469,-738
468,-738
467,-738
466,-738
465,-738
464,-738
463,-738
462,-738
461,-738
460,-738
459,-738
458,-738
457,-738
456,-738
455,-738
454,-738
453,-738
452,-738
451,-738
450,-738
449,-738
448,-738
447,-738
446,-738
445,-738
444,-738
443,-738
442,-738
441,-738
440,-738
439,-738
438,-738
437,-738
436,-738
435,-738
434,-738
433,-738
432,-738
431,-738
430,-738
429,-738
428,-737
427,-737
426,-737
425,-737
424,-737
423,-737
422,-737
421,-737
420,-738
419,-738
418,-738
417,-738
416,-738
415,-738
414,-738
413,-738
412,-738
411,-738
410,-738
409,-738
408,-738
407,-738
406,-738
405,-738
404,-738
403,-738
402,-738
401,-738
400,-738
399,-738
398,-738
397,-738
396,-738
395,-739
394,-739
393,-739
392,-739
391,-739
390,-739
389,-739
388,-739
387,-739
386,-739
385,-739
384,-739
383,-739
382,-739
381,-739
380,-739
379,-739
378,-739
377,-739
376,-739
375,-739
374,-739
373,-740
372,-740
371,-740
370,-740
369,-740
368,-740
367,-740
366,-740
365,-741
365,-742
365,-743
365,-744
365,-745
366,-745
367,-745
368,-745
369,-745
370,-745
371,-746
372,-746
373,-746
374,-747
374,-748
374,-749
373,-750
373,-751
373,-752
372,-753
371,-753
370,-753
369,-753
368,-753
367,-753
366,-753
365,-754
364,-755
363,-755
362,-756
361,-756
360,-757
359,-757
358,-757
357,-757
356,-758
355,-758
354,-758
353,-758
352,-759
351,-759
350,-760
349,-760
348,-760
347,-761
346,-761
345,-761
344,-761
343,-761
342,-761
341,-762
341,-763
341,-764
341,-765
341,-766
340,-767
339,-767
