375,-758
375,-759
375,-760
375,-761
375,-762
376,-763
377,-763
378,-763
379,-763
380,-764
381,-764
382,-764
383,-764
384,-764
385,-765
386,-766
386,-767
387,-768
388,-769
388,-770
388,-771
388,-772
388,-773
389,-773
390,-773
391,-773
392,-773
393,-772
394,-772
395,-772
396,-772
397,-772
398,-772
399,-773
400,-773
401,-773
402,-773
403,-773
404,-773
405,-773
406,-773
407,-773
408,-773
409,-773
410,-773
411,-773
412,-773
413,-772
414,-772
415,-772
416,-772
417,-772
418,-772
419,-772
420,-772
421,-772
422,-772
423,-772
424,-772
425,-772
426,-772
427,-772
428,-772
429,-772
430,-772
431,-772
432,-772
433,-772
434,-772
435,-772
436,-772
437,-772
438,-772
439,-772
440,-772
441,-772
442,-772
443,-772
444,-772
445,-772
446,-772
447,-772
448,-772
449,-772
450,-772
451,-772
452,-772
453,-772
454,-772
455,-772
456,-772
457,-772
458,-772
459,-772
460,-772
461,-772
462,-772
463,-772
464,-772
465,-772
466,-772
467,-772
468,-772
469,-772
470,-772
471,-772
472,-772
473,-772
474,-772
475,-773
476,-773
477,-773
478,-773
479,-773
480,-773
481,-773
482,-773
483,-773
484,-773
485,-773
486,-773
487,-773
488,-773
489,-773
490,-773
491,-773
492,-773
493,-773
494,-773
495,-773
496,-773
497,-773
498,-773
499,-773
500,-773
501,-773
502,-773
503,-773
504,-773
505,-773
506,-773
507,-773
508,-773
509,-773
510,-773
511,-773
512,-773
513,-773
514,-773
515,-773
516,-773
517,-773
518,-773
519,-773
520,-773
521,-773
522,-773
523,-773
524,-773
525,-773
526,-773
527,-773
528,-773
529,-773
530,-773
531,-773
532,-773
533,-773
534,-773
535,-773
536,-773
537,-773
538,-772
539,-772
540,-772
541,-773
542,-773
543,-773
544,-773
545,-773
546,-773
547,-773
548,-773
549,-773
550,-773
551,-773
552,-773
553,-773
554,-773
555,-773
556,-773
557,-773
558,-773
559,-773
560,-773
561,-773
562,-773
563,-773
564,-773
565,-773
566,-773
567,-773
568,-773
569,-773
570,-773
571,-773
572,-774
573,-774
574,-774
575,-774
576,-774
577,-774
578,-774
579,-774
580,-774
581,-774
582,-774
583,-775
584,-775
585,-775
586,-775
587,-775
588,-775
589,-775
590,-775
591,-775
592,-775
593,-775
594,-776
595,-776
596,-776
597,-776
598,-776
599,-776
600,-776
601,-777
602,-777
603,-777
604,-777
605,-777
606,-778
607,-778
608,-778
609,-778
610,-779
611,-779
612,-779
613,-779
614,-780
615,-781
616,-781
617,-781
618,-781
619,-781
620,-782
621,-782
622,-782
623,-782
624,-782
625,-782
626,-782
627,-782
628,-782
629,-782
630,-782
631,-783
631,-784
632,-784
633,-784
634,-784
635,-785
636,-785
637,-786
638,-786
639,-786
640,-787
641,-788
642,-788
643,-789
644,-789
645,-790
646,-790
647,-791
648,-791
649,-792
650,-792
651,-793
652,-794
653,-795
654,-795
655,-795
656,-796
657,-797
658,-798
659,-798
660,-799
661,-799
662,-800
663,-801
664,-802
665,-803
666,-803
667,-804
668,-805
668,-806
669,-806
670,-807
671,-807
672,-808
673,-808
674,-809
674,-810
675,-810
676,-810
677,-811
678,-811
679,-812
680,-813
681,-813
682,-814
683,-815
684,-815
685,-816
686,-816
687,-816
688,-817
689,-818
690,-819
691,-820
692,-820
693,-820
694,-820
695,-821
696,-822
697,-822
698,-823
699,-823
700,-823
701,-824
702,-825
703,-826
704,-826
705,-826
706,-826
707,-827
708,-827
709,-828
710,-828
711,-828
712,-828
713,-829
713,-830
714,-830
715,-831
716,-831
717,-831
718,-832
719,-832
720,-832
721,-832
722,-833
723,-833
724,-833
725,-834
726,-834
727,-835
728,-835
729,-836
730,-836
731,-836
732,-836
733,-837
734,-838
735,-838
736,-838
737,-839
738,-839
739,-839
740,-839
741,-840
742,-840
743,-840
744,-841
745,-841
746,-841
747,-841
748,-842
749,-843
750,-843
751,-843
752,-843
753,-843
754,-844
755,-844
756,-844
757,-844
758,-845
759,-845
760,-845
761,-845
762,-845
763,-846
764,-846
765,-846
766,-847
767,-847
768,-847
769,-847
770,-847
771,-847
772,-847
773,-847
774,-847
775,-847
776,-848
777,-848
778,-848
779,-848
780,-848
781,-848
782,-848
783,-849
784,-849
785,-849
786,-849
787,-849
788,-849
789,-849
790,-850
791,-850
792,-850
793,-850
794,-850
795,-850
796,-851
797,-851
798,-851
799,-851
800,-852
801,-852
802,-852
803,-852
804,-852
805,-852
806,-852
807,-852
808,-852
809,-852
810,-852
811,-852
812,-852
813,-852
814,-853
815,-853
816,-853
817,-853
818,-853
819,-853
820,-853
821,-853
822,-853
823,-853
824,-854
825,-854
826,-854
827,-854
828,-854
829,-854
830,-854
831,-854
832,-854
833,-853
834,-853
835,-853
836,-853
837,-854
838,-854
839,-854
840,-854
841,-854
842,-854
843,-853
844,-853
845,-853
846,-853
847,-853
848,-853
849,-853
850,-853
851,-853
852,-853
853,-853
854,-853
855,-853
856,-853
857,-853
858,-853
859,-853
860,-853
861,-852
862,-852
863,-852
864,-852
865,-852
866,-852
867,-852
868,-852
869,-852
870,-852
871,-852
872,-852
873,-852
874,-852
875,-852
876,-851
877,-851
878,-851
879,-851
880,-851
881,-851
882,-851
883,-851
884,-851
885,-851
886,-851
887,-850
888,-850
889,-850
890,-850
891,-850
892,-849
893,-849
894,-849
895,-849
896,-848
897,-848
898,-848
899,-848
900,-848
901,-848
902,-848
903,-848
904,-847
905,-847
906,-847
907,-847
908,-846
909,-846
910,-846
911,-846
912,-845
913,-845
914,-845
915,-845
916,-844
917,-844
918,-844
919,-844
920,-844
921,-844
922,-844
923,-844
924,-843
925,-843
926,-843
927,-842
928,-842
929,-842
930,-841
931,-841
932,-841
933,-840
934,-840
935,-840
936,-840
937,-840
938,-839
939,-839
940,-839
941,-838
942,-838
943,-837
944,-837
945,-837
946,-837
947,-836
948,-836
949,-836
950,-836
951,-836
952,-835
953,-835
954,-835
955,-835
956,-834
957,-833
958,-833
959,-833
960,-832
961,-832
962,-832
963,-831
964,-831
965,-831
966,-830
967,-829
968,-829
969,-828
970,-828
971,-828
972,-827
973,-827
974,-827
975,-827
976,-826
977,-825
978,-825
979,-824
980,-824
981,-824
982,-824
983,-823
984,-823
985,-822
986,-821
987,-820
988,-820
989,-820
990,-819
991,-818
992,-818
993,-818
994,-817
995,-817
996,-816
997,-816
998,-815
999,-815
1000,-815
1001,-814
1002,-813
1003,-813
1004,-812
1005,-812
1006,-812
1007,-811
1008,-811
1009,-810
1010,-810
1011,-809
1012,-809
1013,-808
1014,-808
1015,-808
1016,-807
1017,-806
1018,-806
1019,-805
1020,-805
1021,-804
1022,-803
1023,-803
1024,-803
1025,-802
1026,-801
1027,-800
1028,-800
1029,-800
1030,-799
1031,-799
1032,-798
1033,-798
1034,-797
1035,-796
1036,-796
1037,-795
1038,-795
1039,-794
1040,-794
1041,-793
1042,-792
1043,-792
1044,-792
1045,-791
1046,-790
1047,-790
1048,-789
1049,-788
1050,-788
1051,-788
1052,-787
1053,-787
1054,-787
1055,-786
1056,-785
1057,-785
1058,-784
1059,-784
1060,-783
1061,-783
1062,-782
1063,-781
1064,-781
1065,-781
1066,-780
1067,-780
1068,-779
1069,-779
1070,-778
1071,-778
1072,-778
1073,-777
1074,-777
1075,-776
1076,-775
1077,-775
1078,-775
1079,-774
1080,-774
1081,-773
1082,-773
1083,-773
1084,-772
1085,-771
1086,-771
1087,-770
1088,-769
1089,-769
1090,-768
1091,-767
1092,-767
1093,-767
1094,-766
1094,-765
1095,-764
1096,-764
1097,-764
1098,-763
1099,-763
1100,-762
1101,-761
1102,-761
1103,-760
1104,-760
1105,-760
1106,-759
1107,-759
1108,-758
1109,-758
1110,-758
1111,-758
1112,-757
1113,-757
1114,-756
1115,-756
1116,-756
1117,-756
1118,-755
1119,-754
1120,-753
1121,-753
1122,-753
1122,-752
1122,-751
1123,-750
1123,-749
1123,-748
1124,-747
1125,-747
1126,-747
1126,-746
1126,-745
1127,-744
1127,-743
1127,-742
1127,-741
1127,-740
1127,-739
1127,-738
1127,-737
1127,-736
1126,-735
1125,-734
1124,-733
1123,-732
1122,-731
1121,-730
1120,-729
1119,-729
1118,-728
1117,-727
1116,-727
1115,-726
1114,-725
1113,-724
1112,-724
1111,-723
1110,-722
1109,-722
1108,-721
1107,-721
1106,-720
1105,-719
1104,-719
1103,-718
1102,-718
1101,-717
1100,-716
1099,-716
1098,-715
1097,-715
1096,-714
1095,-714
1094,-713
1093,-713
1092,-712
1091,-712
1090,-711
1089,-710
1088,-710
1087,-709
1086,-709
1085,-708
1084,-707
1083,-707
1082,-706
1081,-706
1080,-706
1079,-705
1078,-705
1077,-704
1076,-704
1075,-704
1074,-703
1073,-703
1072,-703
1071,-702
1070,-702
1069,-701
1068,-700
1067,-700
1066,-700
1065,-699
1064,-699
1063,-699
1062,-698
1061,-698
1060,-697
1059,-697
1058,-696
1057,-696
1056,-695
1055,-695
1054,-695
1053,-695
1052,-695
1051,-695
1050,-694
1050,-693
1049,-693
1048,-692
1047,-691
1046,-691
1045,-691
1044,-691
1043,-690
1042,-690
1041,-690
1040,-690
1039,-689
1039,-688
1038,-688
1037,-688
1036,-687
1035,-687
1034,-687
1033,-687
1032,-686
1031,-686
1030,-685
1029,-685
1028,-684
1027,-684
1026,-683
1025,-683
1024,-683
1023,-682
1022,-682
1021,-682
1020,-681
1019,-681
1018,-681
1017,-680
1016,-680
1015,-680
1014,-679
1013,-679
1012,-679
1011,-678
1010,-678
1009,-677
1008,-677
1007,-676
1006,-676
1005,-675
1004,-675
1003,-675
1002,-675
1001,-674
1000,-674
999,-674
998,-674
997,-673
996,-672
995,-672
994,-672
993,-671
992,-671
991,-670
990,-670
989,-669
988,-669
987,-669
986,-668
985,-668
984,-668
983,-668
982,-667
981,-667
980,-666
979,-666
978,-666
977,-665
976,-665
975,-664
974,-664
973,-664
972,-663
971,-663
970,-663
969,-663
968,-662
967,-662
966,-661
965,-661
964,-661
963,-661
962,-660
961,-660
960,-660
959,-659
958,-659
957,-659
956,-659
955,-659
954,-659
953,-658
952,-658
951,-658
950,-658
949,-658
948,-658
947,-657
946,-657
945,-656
944,-656
943,-656
942,-656
941,-656
940,-656
939,-655
938,-655
937,-655
936,-655
935,-655
934,-655
933,-655
932,-655
931,-655
930,-655
929,-654
928,-654
927,-654
926,-654
925,-654
924,-653
923,-653
922,-653
921,-653
920,-653
919,-653
918,-652
917,-652
916,-652
915,-652
914,-652
913,-652
912,-652
911,-652
910,-651
909,-651
908,-651
907,-651
906,-651
905,-651
904,-651
903,-651
902,-651
901,-651
900,-651
899,-651
898,-651
897,-650
896,-650
895,-650
894,-650
893,-650
892,-650
891,-650
890,-650
889,-650
888,-650
887,-650
886,-650
885,-650
884,-650
883,-650
882,-650
881,-650
880,-649
879,-649
878,-649
877,-649
876,-649
875,-649
874,-649
873,-649
872,-649
871,-649
870,-648
869,-648
868,-648
867,-648
866,-648
865,-648
864,-648
863,-648
862,-648
861,-648
860,-648
859,-649
858,-649
857,-649
856,-649
855,-649
854,-649
853,-649
852,-649
851,-649
850,-649
849,-650
848,-650
847,-650
846,-650
845,-650
844,-650
843,-650
842,-650
841,-650
840,-650
839,-650
838,-650
837,-650
836,-651
835,-651
834,-651
833,-651
832,-651
831,-652
830,-652
829,-652
828,-652
827,-652
826,-652
825,-652
824,-652
823,-652
822,-652
821,-652
820,-652
819,-652
818,-652
817,-652
816,-652
815,-652
814,-653
813,-653
812,-653
811,-653
810,-653
809,-653
808,-653
807,-653
806,-653
805,-653
804,-654
803,-654
802,-654
801,-654
800,-654
799,-654
798,-654
797,-654
796,-655
795,-655
794,-655
793,-655
792,-655
791,-655
790,-656
789,-656
788,-656
787,-656
786,-657
785,-657
784,-657
783,-658
782,-658
781,-658
780,-658
779,-658
778,-659
777,-659
776,-659
775,-659
774,-660
773,-660
772,-660
771,-661
770,-661
769,-661
768,-661
767,-662
766,-662
765,-663
764,-663
763,-663
762,-663
761,-664
760,-664
759,-664
758,-665
757,-665
756,-666
755,-666
754,-667
753,-667
752,-667
751,-667
750,-667
749,-668
748,-668
747,-668
746,-669
745,-669
744,-670
743,-670
742,-671
741,-671
740,-671
739,-671
738,-671
737,-672
736,-672
735,-673
734,-673
733,-673
732,-674
731,-674
730,-675
729,-675
728,-675
727,-675
726,-675
725,-675
724,-676
723,-676
722,-677
721,-677
720,-678
719,-678
718,-678
717,-679
716,-679
715,-679
714,-680
713,-680
712,-681
711,-681
710,-682
709,-683
708,-683
707,-683
706,-684
705,-684
704,-685
703,-686
702,-686
701,-687
700,-688
699,-688
698,-689
697,-689
696,-690
695,-691
694,-691
693,-691
692,-692
691,-693
690,-694
689,-694
688,-695
687,-696
686,-696
685,-697
684,-698
683,-699
682,-699
681,-700
681,-701
681,-702
681,-703
680,-704
679,-704
678,-704
677,-704
676,-705
675,-705
675,-706
674,-707
673,-708
672,-709
671,-709
670,-710
669,-711
668,-712
667,-713
666,-713
665,-714
664,-715
663,-715
662,-716
661,-717
660,-717
659,-718
658,-719
657,-720
656,-720
655,-720
655,-721
654,-722
653,-722
652,-722
651,-722
650,-722
649,-722
648,-722
647,-722
646,-722
645,-722
644,-722
643,-722
642,-722
641,-722
640,-722
639,-722
638,-723
637,-723
636,-723
635,-723
634,-724
633,-724
632,-724
631,-724
630,-724
629,-725
628,-725
627,-725
626,-725
625,-725
624,-725
623,-725
622,-726
621,-726
620,-726
619,-726
618,-726
617,-726
616,-726
615,-726
614,-726
613,-726
612,-726
611,-726
610,-726
609,-727
608,-727
607,-727
606,-727
605,-727
604,-727
603,-727
602,-727
601,-727
600,-727
599,-727
598,-727
597,-727
596,-727
595,-727
594,-727
593,-727
592,-727
591,-727
590,-727
589,-727
588,-727
587,-727
586,-727
585,-727
584,-727
583,-727
582,-727
581,-727
580,-727
579,-727
578,-727
577,-727
576,-727
575,-727
574,-727
573,-727
572,-727
571,-727
570,-727
569,-727
568,-727
567,-727
566,-727
565,-727
564,-727
563,-727
562,-727
561,-727
560,-727
559,-727
558,-727
557,-727
556,-728
555,-728
554,-728
553,-728
552,-728
551,-728
550,-728
549,-728
548,-728
547,-728
546,-728
545,-728
544,-728
543,-728
542,-728
541,-728
540,-728
539,-728
538,-728
537,-728
536,-728
535,-728
534,-727
533,-727
532,-727
531,-727
530,-727
529,-728
528,-728
527,-728
526,-727
525,-727
524,-727
523,-727
522,-727
521,-727
520,-727
519,-727
518,-727
517,-727
516,-727
515,-727
514,-727
513,-727
512,-727
511,-727
510,-727
509,-727
508,-727
507,-727
506,-727
505,-727
504,-727
503,-727
502,-727
501,-727
500,-727
499,-727
498,-727
497,-727
496,-727
495,-727
494,-727
493,-727
492,-727
491,-727
490,-727
489,-727
488,-727
487,-727
486,-727
485,-727
484,-727
483,-727
482,-727
481,-727
480,-727
479,-727
478,-727
477,-726
476,-726
475,-726
474,-726
473,-726
472,-726
471,-726
470,-726
469,-726
468,-726
467,-726
466,-727
465,-727
464,-727
463,-727
462,-726
461,-726
460,-726
459,-726
458,-726
457,-726
456,-726
455,-726
454,-726
453,-726
452,-726
451,-726
450,-726
449,-726
448,-726
447,-726
446,-726
445,-726
444,-726
443,-726
442,-726
441,-726
440,-726
439,-726
438,-726
437,-726
436,-726
435,-726
434,-726
433,-726
432,-726
431,-726
430,-726
429,-726
428,-726
427,-726
426,-726
425,-726
424,-726
424,-727
424,-728
424,-729
423,-730
422,-730
422,-731
422,-732
422,-733
422,-734
422,-735
421,-736
420,-736
419,-736
418,-737
417,-737
416,-737
415,-737
414,-737
413,-738
412,-739
411,-739
410,-739
409,-739
409,-740
409,-741
409,-742
409,-743
409,-744
408,-745
407,-745
406,-745
405,-746
404,-746
403,-746
402,-747
401,-747
400,-747
399,-747
398,-747
397,-747
396,-747
395,-747
394,-747
393,-747
392,-747
391,-747
390,-748
389,-748
388,-749
388,-750
387,-751
386,-751
385,-751
384,-751
383,-751
382,-751
381,-751
380,-751
380,-752
380,-753
380,-754
380,-755
379,-756
378,-756
377,-756
376,-757
375,-758
