350,-684
350,-685
350,-686
350,-687
350,-688
351,-689
352,-690
353,-690
354,-690
355,-691
356,-691
357,-692
357,-693
357,-694
358,-694
359,-694
360,-695
361,-695
362,-695
363,-696
363,-697
364,-698
365,-698
366,-699
367,-700
368,-700
369,-700
370,-701
371,-701
372,-701
373,-702
373,-703
373,-704
373,-705
374,-705
375,-705
376,-705
377,-705
378,-705
379,-705
380,-705
381,-705
382,-706
383,-707
384,-708
385,-708
386,-708
387,-709
388,-709
389,-709
390,-709
391,-709
392,-709
393,-709
394,-708
395,-708
396,-708
397,-709
398,-709
399,-709
400,-709
401,-709
402,-709
403,-709
404,-709
405,-709
406,-709
407,-709
408,-709
409,-709
410,-709
411,-709
412,-709
413,-709
414,-709
415,-709
416,-709
417,-709
418,-709
419,-709
420,-709
421,-709
422,-710
423,-710
424,-710
425,-710
426,-710
427,-710
428,-710
429,-710
430,-711
431,-711
432,-711
433,-711
434,-711
435,-711
436,-711
437,-711
438,-711
439,-712
440,-712
441,-712
442,-712
443,-713
444,-713
445,-714
446,-714
447,-714
448,-714
449,-714
450,-714
451,-714
452,-714
453,-714
454,-715
455,-715
456,-715
457,-715
458,-715
459,-716
460,-716
461,-716
462,-716
463,-716
464,-717
465,-717
466,-717
467,-717
468,-717
469,-717
470,-717
471,-717
472,-718
473,-718
474,-718
475,-719
476,-719
477,-719
478,-719
479,-719
480,-719
481,-719
482,-719
483,-720
484,-720
485,-720
486,-720
487,-720
488,-720
489,-720
490,-721
491,-721
492,-721
493,-722
494,-722
495,-722
496,-722
497,-722
498,-722
499,-722
500,-722
501,-722
502,-722
503,-723
504,-723
505,-723
506,-723
507,-724
508,-724
509,-724
510,-724
511,-724
512,-724
513,-725
514,-725
515,-725
516,-726
517,-726
518,-726
519,-726
520,-726
521,-726
522,-727
523,-727
524,-727
525,-727
526,-728
527,-728
528,-728
529,-728
530,-728
531,-728
532,-729
533,-729
534,-729
535,-729
536,-729
537,-729
538,-730
539,-730
540,-730
541,-731
542,-731
543,-731
544,-731
545,-731
546,-732
547,-732
548,-732
549,-732
550,-732
551,-732
552,-732
553,-733
554,-733
555,-734
556,-734
557,-734
558,-734
559,-734
560,-735
561,-735
562,-735
563,-735
564,-736
565,-736
566,-736
567,-736
568,-736
569,-737
570,-737
571,-737
572,-737
573,-738
574,-738
575,-738
576,-738
577,-738
578,-738
579,-739
580,-739
581,-739
582,-739
583,-739
584,-740
585,-740
586,-740
587,-740
588,-741
589,-741
590,-741
591,-741
592,-742
593,-742
594,-742
595,-742
596,-742
597,-743
598,-743
599,-743
600,-743
601,-743
602,-743
603,-744
604,-744
605,-744
606,-744
607,-745
608,-745
609,-745
610,-745
611,-745
612,-745
613,-746
614,-746
615,-746
616,-746
617,-746
618,-747
619,-747
620,-747
621,-748
622,-748
623,-748
624,-749
625,-749
626,-749
627,-749
628,-750
629,-750
630,-750
631,-750
632,-750
633,-750
634,-750
635,-751
636,-751
637,-751
638,-752
639,-752
640,-753
641,-753
642,-753
643,-753
644,-753
645,-754
646,-754
647,-755
648,-755
649,-755
650,-755
651,-756
652,-757
653,-757
654,-758
655,-758
656,-759
657,-760
658,-761
659,-761
660,-761
661,-762
661,-763
661,-764
661,-765
662,-766
663,-767
664,-767
665,-767
666,-767
667,-768
668,-768
669,-768
670,-768
671,-769
672,-769
673,-769
674,-769
675,-769
676,-770
677,-770
678,-771
679,-771
680,-772
681,-772
682,-772
683,-773
684,-774
685,-775
686,-776
687,-777
688,-778
688,-779
689,-780
690,-781
690,-782
690,-783
691,-783
692,-783
693,-784
693,-785
694,-786
695,-787
695,-788
696,-788
697,-789
697,-790
698,-791
699,-792
700,-793
701,-794
702,-794
703,-795
704,-796
704,-797
705,-798
706,-799
707,-799
708,-800
709,-801
710,-802
710,-803
711,-803
712,-804
713,-805
713,-806
714,-806
715,-807
716,-808
717,-809
718,-810
719,-811
720,-811
721,-812
722,-813
723,-813
724,-814
725,-815
726,-816
727,-817
728,-817
729,-817
730,-818
731,-819
732,-820
733,-820
734,-820
735,-821
735,-822
736,-822
737,-822
738,-823
739,-823
740,-824
741,-824
742,-825
743,-825
744,-826
745,-827
746,-827
747,-828
748,-828
749,-829
750,-829
751,-830
752,-831
753,-831
754,-832
755,-832
756,-833
757,-833
758,-833
759,-834
760,-834
761,-835
762,-835
763,-836
764,-836
765,-836
766,-837
767,-837
768,-837
769,-838
770,-839
771,-839
772,-839
773,-839
774,-840
775,-840
776,-840
777,-840
778,-841
779,-841
780,-841
781,-841
782,-842
783,-843
784,-843
785,-843
786,-844
787,-844
788,-844
789,-844
790,-845
791,-845
792,-845
793,-846
794,-846
795,-846
796,-847
797,-847
798,-847
799,-847
800,-847
801,-847
802,-847
803,-847
804,-847
805,-848
805,-849
806,-850
807,-850
808,-850
809,-851
810,-852
811,-852
812,-852
813,-853
814,-853
815,-853
816,-853
817,-854
818,-854
819,-855
820,-855
821,-855
822,-855
823,-855
824,-856
825,-856
826,-857
827,-857
828,-857
829,-858
830,-858
831,-858
832,-858
833,-858
834,-858
835,-859
836,-859
837,-859
838,-859
839,-859
840,-859
841,-859
842,-859
843,-860
844,-860
845,-860
846,-861
847,-861
848,-861
849,-861
850,-861
851,-862
852,-862
853,-862
854,-862
855,-862
856,-863
857,-863
858,-864
859,-864
860,-864
861,-865
862,-865
863,-865
864,-865
865,-865
866,-865
867,-865
868,-866
869,-866
870,-866
871,-866
872,-866
873,-866
874,-866
875,-866
876,-866
877,-866
878,-866
879,-866
880,-866
881,-866
882,-866
883,-866
884,-866
885,-867
886,-867
887,-867
888,-867
889,-867
890,-866
891,-866
892,-866
893,-866
894,-866
895,-866
896,-866
897,-866
898,-866
899,-866
900,-866
901,-866
902,-865
903,-865
904,-865
905,-865
906,-865
907,-865
908,-865
909,-865
910,-865
911,-865
912,-865
913,-865
914,-865
915,-865
916,-865
917,-864
918,-864
919,-864
920,-864
921,-864
922,-864
923,-864
924,-864
925,-864
926,-864
927,-864
928,-864
929,-864
930,-863
931,-863
932,-863
933,-863
934,-863
935,-862
936,-862
937,-862
938,-862
939,-862
940,-862
941,-862
942,-862
943,-861
944,-861
945,-861
946,-861
947,-861
948,-861
949,-861
950,-861
951,-860
952,-860
953,-860
954,-860
955,-860
956,-860
957,-860
958,-860
959,-860
960,-860
961,-860
962,-859
963,-859
964,-859
965,-859
966,-858
967,-858
968,-858
969,-858
970,-857
971,-857
972,-857
973,-857
974,-857
975,-856
976,-856
977,-856
978,-856
979,-856
980,-856
981,-856
982,-856
983,-855
984,-855
985,-855
986,-855
987,-855
988,-855
989,-854
990,-854
991,-854
992,-853
993,-853
994,-853
995,-853
996,-852
997,-852
998,-852
999,-852
1000,-852
1001,-852
1002,-851
1003,-851
1004,-851
1005,-851
1006,-850
1007,-850
1008,-849
1009,-849
1010,-849
1011,-849
1012,-848
1013,-848
1014,-848
1015,-848
1016,-848
1017,-847
1018,-847
1019,-847
1020,-847
1021,-846
1022,-846
1023,-845
1024,-845
1025,-845
1026,-845
1027,-844
1028,-844
1029,-844
1030,-843
1031,-843
1032,-843
1033,-843
1034,-842
1035,-841
1036,-841
1037,-841
1038,-841
1039,-840
1040,-840
1041,-840
1042,-840
1043,-839
1044,-839
1045,-838
1046,-838
1047,-838
1048,-837
1049,-837
1050,-837
1051,-836
1052,-836
1053,-835
1054,-835
1055,-835
1056,-835
1057,-834
1058,-834
1059,-834
1060,-833
1061,-833
1062,-832
1063,-831
1064,-831
1065,-831
1066,-830
1067,-830
1068,-830
1069,-829
1070,-829
1071,-828
1072,-827
1073,-827
1074,-827
1075,-827
1076,-827
1076,-826
1076,-825
1076,-824
1077,-823
1078,-823
1079,-822
1080,-822
1081,-822
1082,-822
1083,-822
1084,-822
1085,-822
1086,-821
1087,-821
1088,-820
1089,-819
1090,-818
1091,-818
1092,-818
1093,-817
1094,-817
1095,-817
1096,-817
1096,-816
1097,-815
1098,-815
1099,-814
1100,-814
1101,-813
1102,-813
1102,-812
1103,-811
1104,-811
1105,-810
1106,-810
1107,-810
1108,-810
1109,-809
1110,-809
1111,-809
1112,-809
1113,-808
1114,-808
1115,-808
1116,-808
1117,-808
1118,-807
1119,-807
1120,-807
1121,-807
1121,-806
1122,-805
1123,-805
1124,-804
1125,-803
1126,-803
1127,-803
1128,-802
1129,-801
1130,-801
1131,-800
1132,-800
1132,-799
1133,-798
1134,-798
1135,-798
1136,-798
1137,-798
1137,-797
1138,-796
1139,-796
1140,-795
1141,-795
1141,-794
1142,-793
1143,-793
1144,-793
1145,-793
1146,-792
1146,-791
1147,-790
1148,-790
1149,-790
1149,-789
1150,-788
1151,-787
1152,-787
1152,-786
1152,-785
1152,-784
1152,-783
1152,-782
1152,-781
1152,-780
1152,-779
1152,-778
1152,-777
1152,-776
1152,-775
1152,-774
1152,-773
1151,-772
1150,-771
1150,-770
1149,-769
1149,-768
1148,-767
1147,-766
1146,-765
1146,-764
1145,-763
1144,-762
1143,-761
1142,-760
1141,-759
1140,-758
1139,-757
1138,-757
1137,-756
1137,-755
1136,-754
1135,-754
1134,-753
1133,-752
1132,-751
1131,-750
1130,-750
1129,-749
1129,-748
1128,-747
1127,-747
1126,-746
1125,-745
1124,-744
1123,-744
1122,-743
1121,-742
1120,-741
1119,-741
1118,-740
1117,-739
1116,-738
1115,-738
1114,-737
1113,-736
1112,-735
1111,-735
1110,-734
1109,-734
1108,-733
1107,-732
1106,-731
1105,-731
1104,-730
1103,-729
1102,-728
1101,-727
1100,-727
1099,-726
1098,-725
1097,-724
1096,-723
1095,-722
1094,-722
1093,-721
1093,-720
1092,-719
1091,-719
1090,-718
1089,-717
1088,-716
1087,-715
1086,-714
1085,-714
1084,-713
1083,-712
1082,-711
1081,-711
1080,-710
1079,-709
1078,-708
1077,-707
1076,-707
1075,-706
1074,-706
1073,-705
1072,-704
1071,-703
1070,-703
1069,-703
1068,-702
1068,-701
1067,-700
1066,-700
1065,-700
1064,-699
1063,-699
1062,-698
1061,-697
1060,-696
1059,-696
1058,-695
1057,-694
1056,-694
1055,-694
1054,-693
1053,-692
1052,-692
1051,-691
1050,-690
1049,-690
1048,-689
1047,-688
1046,-688
1045,-687
1044,-686
1043,-686
1042,-685
1041,-685
1040,-684
1039,-683
1038,-683
1037,-682
1036,-682
1035,-681
1034,-680
1033,-679
1032,-679
1031,-679
1030,-678
1029,-678
1028,-677
1027,-676
1026,-676
1025,-675
1024,-675
1023,-674
1022,-674
1021,-674
1020,-673
1019,-672
1018,-671
1017,-671
1016,-670
1015,-670
1014,-669
1013,-669
1012,-669
1011,-668
1010,-668
1009,-667
1008,-667
1007,-666
1006,-666
1005,-666
1004,-665
1003,-664
1002,-664
1001,-664
1000,-663
999,-663
998,-662
997,-662
996,-662
995,-661
994,-660
993,-660
992,-659
991,-659
990,-659
989,-659
988,-658
987,-658
986,-657
985,-656
984,-656
983,-656
982,-656
981,-655
980,-655
979,-654
978,-654
977,-654
976,-654
975,-653
974,-653
973,-652
972,-652
971,-652
970,-652
969,-651
968,-651
967,-651
966,-651
965,-650
964,-650
963,-649
962,-649
961,-649
960,-648
959,-648
958,-648
957,-647
956,-647
955,-647
954,-647
953,-646
952,-646
951,-646
950,-645
949,-645
948,-645
947,-644
946,-644
945,-644
944,-644
943,-643
942,-643
941,-643
940,-643
939,-643
938,-642
937,-642
936,-642
935,-642
934,-641
933,-641
932,-641
931,-640
930,-640
929,-640
928,-640
927,-640
926,-640
925,-639
924,-639
923,-639
922,-639
921,-638
920,-638
919,-638
918,-638
917,-638
916,-637
915,-637
914,-637
913,-637
912,-637
911,-636
910,-636
909,-636
908,-636
907,-636
906,-636
905,-636
904,-636
903,-636
902,-636
901,-636
900,-636
899,-636
898,-635
897,-635
896,-635
895,-635
894,-635
893,-635
892,-635
891,-635
890,-635
889,-635
888,-635
887,-635
886,-635
885,-635
884,-635
883,-635
882,-635
881,-635
880,-635
879,-635
878,-635
877,-634
876,-634
875,-634
874,-634
873,-634
872,-634
871,-634
870,-634
869,-634
868,-634
867,-634
866,-634
865,-634
864,-634
863,-634
862,-634
861,-634
860,-634
859,-634
858,-634
857,-634
856,-634
855,-634
854,-634
853,-634
852,-634
851,-635
850,-635
849,-635
848,-635
847,-635
846,-635
845,-635
844,-635
843,-635
842,-635
841,-635
840,-635
839,-635
838,-635
837,-635
836,-635
835,-635
834,-635
833,-635
832,-635
831,-636
830,-636
829,-636
828,-636
827,-636
826,-636
825,-636
824,-636
823,-636
822,-636
821,-636
820,-636
819,-636
818,-637
817,-637
816,-637
815,-637
814,-637
813,-637
812,-637
811,-637
810,-638
809,-638
808,-638
807,-638
806,-639
805,-639
804,-640
803,-640
802,-640
801,-640
800,-640
799,-640
798,-641
797,-641
796,-641
795,-642
794,-642
793,-642
792,-642
791,-642
790,-642
789,-643
788,-643
787,-643
786,-643
785,-643
784,-643
783,-644
782,-644
781,-645
780,-645
779,-645
778,-645
778,-646
777,-647
776,-647
775,-647
774,-647
773,-647
772,-647
771,-647
770,-648
769,-648
768,-648
767,-649
766,-649
765,-649
764,-650
763,-650
762,-651
761,-651
760,-651
759,-651
758,-651
757,-651
756,-652
755,-652
754,-653
753,-654
752,-654
751,-654
750,-655
749,-655
748,-656
747,-656
746,-656
745,-657
744,-658
743,-658
742,-659
741,-659
740,-659
740,-660
739,-661
738,-661
737,-662
736,-662
735,-663
734,-664
733,-664
732,-665
731,-666
730,-666
729,-667
728,-668
727,-668
726,-669
725,-670
724,-671
723,-672
722,-672
722,-673
721,-674
720,-674
719,-675
718,-675
718,-676
717,-677
716,-678
715,-678
714,-679
713,-680
712,-681
711,-682
710,-683
709,-684
708,-685
707,-686
706,-686
705,-687
704,-688
703,-689
702,-690
701,-691
700,-691
699,-692
698,-693
697,-693
696,-694
695,-695
694,-696
693,-696
692,-697
691,-698
690,-698
689,-699
688,-699
687,-700
686,-701
685,-701
684,-701
683,-702
682,-702
681,-703
680,-703
679,-703
678,-704
677,-704
676,-704
675,-704
674,-704
673,-704
672,-704
671,-704
670,-704
669,-704
668,-704
667,-704
666,-704
665,-704
664,-704
663,-704
662,-704
661,-704
660,-704
659,-704
658,-704
657,-704
656,-704
655,-704
654,-704
653,-704
652,-704
651,-704
650,-704
649,-703
648,-703
647,-703
646,-703
645,-703
644,-703
643,-703
642,-703
641,-703
640,-703
639,-703
638,-703
637,-703
636,-703
635,-703
634,-703
633,-702
632,-702
631,-702
630,-702
629,-702
628,-702
627,-702
626,-702
625,-702
624,-702
623,-702
622,-702
621,-702
620,-702
619,-702
618,-702
617,-702
616,-701
615,-701
614,-701
613,-701
612,-701
611,-701
610,-700
609,-700
608,-700
607,-700
606,-700
605,-700
604,-700
603,-700
602,-700
601,-700
600,-700
599,-700
598,-700
597,-700
596,-699
595,-699
594,-699
593,-699
592,-698
591,-698
590,-698
589,-698
588,-698
587,-697
586,-697
585,-697
584,-697
583,-697
582,-696
581,-696
580,-696
579,-696
578,-695
577,-695
576,-695
575,-695
574,-695
573,-694
572,-694
571,-694
570,-694
569,-694
568,-693
567,-693
566,-693
565,-693
564,-693
563,-693
562,-692
561,-692
560,-692
559,-692
558,-692
557,-691
556,-691
555,-691
554,-691
553,-691
552,-690
551,-690
550,-690
549,-690
548,-690
547,-690
546,-689
545,-689
544,-689
543,-689
542,-688
541,-688
540,-688
539,-688
538,-688
537,-687
536,-687
535,-687
534,-687
533,-687
532,-687
531,-686
530,-686
529,-686
528,-686
527,-686
526,-685
525,-685
524,-685
523,-685
522,-685
521,-684
520,-684
519,-684
518,-684
517,-684
516,-683
515,-683
514,-683
513,-683
512,-683
511,-682
510,-682
509,-682
508,-682
507,-682
506,-682
505,-681
504,-681
503,-681
502,-681
501,-681
500,-681
499,-680
498,-680
497,-679
496,-679
495,-679
494,-679
493,-679
492,-679
491,-678
490,-678
489,-678
488,-678
487,-678
486,-678
485,-677
484,-677
483,-677
482,-677
481,-677
480,-676
479,-676
478,-676
477,-676
476,-675
475,-675
474,-675
473,-674
472,-674
471,-674
470,-674
469,-674
468,-674
467,-674
466,-674
465,-674
464,-674
463,-674
462,-673
461,-673
460,-673
459,-672
458,-672
457,-672
456,-671
455,-671
454,-671
453,-671
452,-671
451,-671
450,-671
449,-671
448,-670
447,-670
446,-670
445,-670
444,-670
443,-670
442,-670
441,-669
440,-669
439,-669
438,-669
437,-669
436,-669
435,-669
434,-669
433,-669
432,-669
431,-669
430,-669
429,-669
428,-669
427,-669
426,-669
425,-669
424,-669
423,-670
422,-670
421,-670
420,-671
419,-672
419,-673
418,-674
417,-675
416,-675
415,-675
414,-675
413,-675
412,-676
411,-677
410,-678
409,-679
408,-679
407,-680
406,-680
405,-680
404,-680
403,-680
402,-680
401,-680
400,-680
399,-680
398,-680
397,-680
396,-680
395,-680
394,-680
393,-680
392,-680
391,-681
390,-681
389,-681
388,-681
387,-681
386,-682
385,-683
384,-683
383,-684
382,-684
381,-684
380,-685
379,-685
378,-685
377,-685
376,-685
375,-684
374,-684
373,-683
372,-683
371,-683
370,-683
369,-683
368,-683
367,-682
366,-681
366,-680
366,-679
366,-678
365,-677
364,-677
363,-677
362,-677
361,-677
361,-678
361,-679
361,-680
361,-681
361,-682
360,-683
359,-683
358,-683
357,-683
356,-683
355,-683
354,-683
353,-684
352,-684
351,-684
350,-684
