485,-780
485,-781
485,-782
485,-783
485,-784
485,-785
485,-786
485,-787
486,-788
487,-789
488,-789
489,-789
490,-790
491,-791
491,-792
492,-792
493,-792
494,-793
495,-794
496,-795
496,-796
497,-796
498,-797
499,-798
500,-799
501,-799
502,-799
503,-799
504,-799
505,-800
506,-801
507,-802
507,-803
508,-803
509,-803
510,-804
510,-805
511,-805
512,-805
513,-805
514,-806
515,-806
516,-806
517,-806
518,-807
518,-808
519,-808
520,-808
521,-808
522,-808
523,-808
524,-808
525,-808
526,-808
527,-808
528,-808
529,-808
530,-808
531,-809
531,-810
532,-810
533,-810
534,-811
535,-811
536,-811
537,-811
538,-812
539,-812
540,-812
541,-812
542,-813
543,-814
543,-815
543,-816
544,-816
545,-816
546,-816
547,-816
548,-816
549,-816
550,-817
550,-818
551,-818
552,-818
553,-819
553,-820
553,-821
554,-821
555,-821
556,-821
557,-821
558,-821
559,-821
560,-821
561,-821
562,-821
563,-822
564,-822
565,-823
565,-824
565,-825
566,-825
567,-825
568,-825
569,-825
570,-825
571,-825
572,-826
573,-827
574,-828
575,-828
576,-829
577,-829
578,-829
579,-829
580,-829
581,-829
582,-829
583,-829
584,-830
585,-831
585,-832
586,-832
587,-832
588,-832
589,-832
590,-832
591,-832
592,-832
593,-832
594,-832
595,-833
596,-833
597,-833
598,-833
599,-834
599,-835
600,-835
601,-835
602,-835
603,-836
604,-837
605,-838
606,-839
607,-839
608,-839
609,-839
610,-839
611,-839
612,-839
613,-839
614,-839
615,-839
616,-839
617,-839
618,-839
619,-839
620,-839
621,-839
622,-840
623,-840
624,-840
625,-840
626,-840
627,-840
628,-840
629,-840
630,-840
631,-840
632,-840
633,-840
634,-840
635,-839
636,-839
637,-839
638,-839
639,-839
640,-839
641,-839
642,-839
643,-839
644,-839
645,-839
646,-839
647,-839
648,-839
649,-839
650,-839
651,-839
652,-839
653,-839
654,-839
655,-839
656,-838
657,-838
658,-838
659,-838
660,-838
661,-837
662,-837
663,-837
664,-836
665,-836
666,-836
667,-836
668,-836
669,-836
670,-836
671,-836
672,-836
673,-836
674,-835
675,-835
676,-835
677,-835
678,-835
679,-835
680,-835
681,-835
682,-834
683,-834
684,-834
685,-834
686,-834
687,-834
688,-834
689,-834
690,-834
691,-834
692,-834
693,-833
694,-833
695,-833
696,-833
697,-833
698,-833
699,-833
700,-833
701,-832
702,-832
703,-832
704,-831
705,-831
706,-830
707,-830
708,-830
709,-830
710,-830
711,-830
711,-829
712,-828
713,-828
714,-828
715,-828
716,-828
717,-827
718,-827
719,-827
720,-826
721,-826
722,-826
723,-826
724,-825
725,-825
726,-825
727,-825
728,-825
729,-825
730,-825
731,-824
732,-824
733,-824
734,-824
734,-823
735,-822
736,-822
737,-822
738,-822
739,-822
740,-822
741,-822
742,-822
743,-821
744,-820
745,-820
746,-819
746,-818
747,-817
748,-817
749,-817
750,-817
751,-817
752,-817
753,-817
753,-816
753,-815
753,-814
753,-813
753,-812
754,-811
755,-811
756,-811
757,-812
758,-812
759,-812
760,-812
761,-812
762,-812
763,-812
764,-812
764,-811
764,-810
765,-809
766,-809
767,-809
767,-808
768,-807
769,-807
770,-807
771,-807
771,-806
771,-805
772,-804
773,-803
774,-802
775,-801
776,-801
777,-800
778,-800
779,-800
780,-800
780,-799
780,-798
781,-797
782,-797
783,-797
783,-796
784,-795
785,-794
786,-793
787,-792
788,-792
789,-792
790,-792
791,-791
792,-791
792,-790
793,-789
794,-789
795,-788
796,-788
797,-787
797,-786
798,-785
799,-785
800,-785
800,-784
800,-783
801,-782
802,-781
803,-781
804,-780
805,-779
805,-778
805,-777
806,-776
807,-776
808,-775
809,-774
810,-773
811,-772
811,-771
811,-770
812,-769
813,-769
814,-769
814,-768
815,-767
816,-767
817,-766
818,-766
819,-766
820,-766
820,-765
820,-764
821,-763
821,-762
822,-761
823,-760
824,-760
825,-760
825,-759
825,-758
825,-757
826,-756
827,-756
828,-755
829,-754
830,-753
831,-753
832,-752
833,-751
834,-750
835,-750
836,-749
837,-749
838,-749
839,-749
840,-749
841,-749
842,-748
843,-748
844,-748
845,-748
846,-749
847,-749
848,-749
849,-749
850,-749
851,-750
852,-750
853,-750
854,-750
855,-750
856,-750
857,-750
858,-749
859,-749
860,-748
861,-747
862,-747
863,-747
864,-747
865,-747
866,-747
867,-747
868,-747
869,-747
870,-747
871,-747
872,-747
872,-746
872,-745
872,-744
873,-743
874,-743
875,-743
876,-742
877,-742
878,-742
879,-742
880,-742
881,-742
882,-741
883,-740
884,-740
885,-740
886,-739
887,-739
888,-739
889,-739
890,-739
891,-739
892,-739
893,-739
894,-739
895,-738
896,-738
897,-738
898,-738
899,-738
900,-738
901,-738
902,-737
903,-737
903,-736
904,-735
905,-735
906,-735
907,-735
908,-735
909,-734
910,-734
911,-734
912,-733
913,-733
914,-733
915,-733
916,-733
917,-733
918,-732
919,-732
920,-732
921,-732
922,-732
923,-732
924,-731
925,-731
926,-731
927,-730
928,-730
929,-730
930,-730
931,-729
932,-729
933,-729
934,-729
935,-729
936,-729
937,-728
938,-728
939,-728
940,-728
941,-728
942,-728
943,-728
944,-728
945,-727
946,-726
947,-726
948,-726
949,-726
950,-726
951,-726
952,-726
953,-727
954,-727
955,-727
956,-727
957,-727
958,-726
959,-726
960,-726
961,-726
962,-726
963,-726
964,-725
965,-725
966,-725
967,-725
968,-725
969,-725
970,-724
971,-724
972,-724
973,-724
974,-723
975,-723
976,-723
977,-723
978,-723
979,-723
980,-723
981,-723
982,-723
983,-723
984,-723
985,-723
985,-722
986,-721
987,-720
988,-720
989,-720
990,-721
991,-721
992,-721
993,-721
994,-721
995,-721
995,-720
996,-719
997,-719
998,-719
999,-720
1000,-721
1001,-721
1002,-721
1003,-721
1004,-721
1005,-721
1006,-721
1007,-721
1008,-720
1009,-719
1010,-719
1011,-718
1012,-718
1013,-717
1014,-716
1015,-716
1015,-715
1015,-714
1016,-713
1016,-712
1016,-711
1016,-710
1016,-709
1016,-708
1016,-707
1015,-707
1014,-707
1013,-707
1012,-707
1011,-708
1010,-708
1009,-708
1008,-707
1008,-706
1008,-705
1008,-704
1008,-703
1007,-702
1006,-702
1005,-701
1004,-701
1003,-701
1002,-701
1001,-701
1000,-701
999,-701
998,-701
997,-701
996,-701
995,-701
994,-700
994,-699
994,-698
994,-697
993,-696
992,-696
991,-695
991,-694
991,-693
991,-692
990,-691
990,-690
989,-690
988,-689
987,-688
987,-687
987,-686
986,-686
985,-686
984,-685
983,-685
982,-685
981,-685
980,-685
979,-685
978,-685
977,-684
976,-684
975,-684
974,-684
973,-684
972,-684
971,-684
970,-685
969,-685
968,-685
967,-685
966,-684
966,-683
965,-683
964,-683
963,-683
962,-683
961,-684
960,-685
959,-685
958,-685
957,-685
956,-685
955,-685
954,-685
953,-686
952,-686
951,-686
950,-686
949,-687
948,-687
947,-687
946,-687
945,-686
944,-686
943,-686
942,-686
941,-686
940,-686
939,-687
938,-687
937,-687
936,-687
935,-687
934,-687
933,-687
932,-687
931,-687
931,-688
930,-689
929,-689
928,-690
927,-690
926,-691
925,-691
924,-691
923,-691
922,-691
921,-691
920,-691
919,-691
918,-691
917,-691
916,-692
915,-692
914,-692
913,-692
912,-692
911,-692
910,-692
909,-691
908,-691
907,-691
906,-690
905,-690
904,-690
903,-690
902,-690
901,-690
900,-691
899,-691
898,-691
897,-691
896,-692
895,-692
894,-692
893,-692
892,-692
891,-692
890,-692
889,-692
888,-692
887,-692
886,-693
885,-693
884,-693
883,-693
882,-693
881,-693
880,-693
879,-693
878,-693
877,-694
876,-694
875,-694
874,-694
873,-694
872,-694
871,-695
870,-695
869,-695
868,-695
867,-695
866,-695
865,-695
864,-695
863,-695
862,-695
861,-695
860,-695
859,-696
858,-696
857,-696
856,-696
855,-696
854,-696
853,-696
852,-696
851,-696
850,-696
849,-696
848,-696
847,-696
846,-696
845,-696
844,-696
843,-696
842,-696
841,-696
840,-696
839,-696
838,-696
837,-696
836,-696
835,-696
834,-696
833,-695
832,-695
831,-695
830,-695
829,-695
828,-695
827,-695
826,-695
825,-694
824,-694
823,-694
822,-694
821,-694
820,-694
819,-693
818,-693
817,-693
816,-693
815,-693
814,-692
813,-692
812,-692
811,-692
810,-691
809,-691
808,-690
807,-690
806,-689
805,-689
804,-689
803,-688
802,-688
801,-688
800,-687
799,-686
798,-686
797,-686
796,-685
795,-685
794,-685
793,-684
793,-683
792,-682
791,-682
790,-681
789,-681
788,-681
787,-680
786,-680
785,-679
784,-679
783,-679
782,-678
781,-678
780,-677
779,-677
778,-677
777,-676
776,-676
775,-675
774,-675
773,-674
772,-674
771,-674
770,-673
769,-673
768,-672
767,-672
766,-672
765,-672
764,-672
763,-672
762,-671
761,-671
760,-671
759,-670
758,-670
757,-669
756,-669
755,-669
754,-669
753,-669
752,-669
751,-669
750,-669
749,-668
748,-667
747,-667
746,-667
745,-666
744,-666
743,-666
742,-666
741,-666
740,-666
739,-666
738,-666
737,-665
736,-665
735,-665
734,-664
733,-664
732,-664
731,-664
730,-664
729,-664
728,-664
727,-664
726,-664
725,-664
724,-664
723,-664
722,-664
721,-664
720,-664
719,-664
718,-663
717,-663
716,-663
715,-663
714,-663
713,-663
712,-663
711,-662
710,-662
709,-662
708,-662
707,-662
706,-662
705,-662
704,-662
703,-662
702,-662
701,-662
700,-662
699,-662
698,-662
697,-662
696,-662
695,-662
694,-662
693,-663
692,-663
691,-663
690,-663
689,-663
688,-663
687,-663
686,-663
685,-664
684,-664
683,-664
682,-664
681,-664
680,-664
679,-664
678,-664
677,-664
676,-664
675,-664
674,-664
673,-664
672,-664
671,-664
670,-664
669,-665
668,-665
667,-665
666,-665
665,-665
664,-666
663,-666
662,-666
661,-666
660,-666
659,-667
658,-667
657,-667
656,-667
655,-667
654,-667
653,-667
652,-667
651,-667
650,-668
649,-668
648,-668
647,-668
646,-668
645,-669
644,-669
643,-669
642,-669
641,-669
640,-670
639,-670
638,-670
637,-671
636,-671
635,-671
634,-671
633,-672
632,-672
631,-672
630,-672
629,-673
628,-673
627,-673
626,-673
625,-674
624,-674
623,-674
622,-674
621,-674
620,-675
619,-676
618,-676
617,-676
616,-676
615,-677
614,-677
613,-677
612,-678
611,-678
610,-678
609,-679
608,-680
607,-680
606,-680
605,-681
604,-681
603,-682
602,-682
601,-682
600,-683
599,-684
598,-684
597,-685
596,-685
595,-685
594,-686
593,-686
592,-687
591,-687
590,-688
589,-688
588,-688
587,-689
586,-689
585,-690
584,-691
583,-692
582,-692
581,-693
580,-693
579,-694
579,-695
578,-696
577,-696
576,-696
575,-697
574,-697
573,-698
572,-698
571,-699
570,-699
569,-700
568,-701
567,-701
566,-702
565,-702
564,-703
563,-704
562,-704
561,-704
561,-705
560,-706
559,-706
559,-707
558,-708
557,-708
556,-709
555,-709
554,-709
553,-710
552,-711
551,-712
550,-712
549,-713
548,-713
547,-714
546,-715
545,-715
544,-716
543,-717
542,-717
542,-718
541,-719
540,-719
539,-720
538,-721
537,-722
536,-723
535,-724
534,-725
533,-725
533,-726
532,-727
531,-727
530,-728
529,-729
528,-730
527,-731
526,-732
525,-733
524,-734
523,-734
522,-735
521,-735
521,-736
520,-737
519,-737
518,-738
517,-739
516,-740
515,-740
514,-741
513,-742
512,-743
511,-744
510,-745
509,-746
508,-747
507,-747
507,-748
506,-749
506,-750
505,-751
504,-752
503,-753
502,-754
501,-755
500,-756
499,-757
498,-758
498,-759
497,-760
496,-761
496,-762
495,-763
494,-763
493,-764
493,-765
492,-766
491,-767
491,-768
490,-769
489,-770
489,-771
488,-772
488,-773
487,-774
487,-775
487,-776
486,-777
486,-778
486,-779
485,-780
