429,-777
429,-778
429,-779
429,-780
429,-781
429,-782
429,-783
429,-784
429,-785
429,-786
430,-786
431,-786
432,-786
433,-787
434,-787
435,-787
436,-787
437,-788
437,-789
437,-790
437,-791
437,-792
437,-793
437,-794
437,-795
438,-796
439,-796
440,-796
441,-797
441,-798
441,-799
441,-800
441,-801
440,-802
439,-802
438,-803
437,-803
436,-803
435,-803
434,-803
434,-804
434,-805
434,-806
434,-807
434,-808
435,-809
436,-810
436,-811
436,-812
436,-813
436,-814
436,-815
435,-816
435,-817
435,-818
435,-819
435,-820
436,-820
437,-821
438,-821
439,-822
440,-822
441,-822
442,-822
443,-822
444,-823
445,-823
446,-823
447,-823
448,-823
449,-823
450,-824
451,-824
452,-824
453,-824
454,-824
455,-825
456,-825
457,-825
458,-825
459,-825
460,-825
461,-825
462,-825
463,-825
464,-825
465,-826
466,-826
467,-826
468,-826
469,-826
470,-826
471,-826
472,-826
473,-826
474,-826
475,-826
476,-826
477,-826
478,-826
479,-826
480,-827
481,-827
482,-827
483,-827
484,-827
485,-827
486,-827
487,-827
488,-827
489,-827
490,-827
491,-828
492,-828
493,-828
494,-828
495,-828
496,-828
497,-828
498,-828
499,-828
500,-828
501,-828
502,-828
503,-828
504,-828
505,-829
506,-829
507,-829
508,-829
509,-829
510,-829
511,-829
512,-829
513,-829
514,-829
515,-829
516,-829
517,-829
518,-829
519,-829
520,-829
521,-830
522,-830
523,-830
524,-830
525,-830
526,-830
527,-830
528,-830
529,-830
530,-830
531,-830
532,-830
533,-830
534,-829
535,-829
536,-829
537,-829
538,-829
539,-829
540,-829
541,-829
542,-829
543,-829
544,-829
545,-829
546,-829
547,-829
548,-829
549,-829
550,-830
551,-830
552,-830
553,-830
554,-830
555,-830
556,-830
557,-830
558,-830
559,-830
560,-830
561,-830
562,-830
563,-830
564,-830
565,-830
566,-830
567,-830
568,-830
569,-830
570,-830
571,-830
572,-829
573,-829
574,-829
575,-830
576,-830
577,-830
578,-830
579,-830
580,-830
581,-830
582,-830
583,-830
584,-830
585,-829
586,-829
587,-829
588,-830
589,-830
590,-830
591,-830
592,-830
593,-830
594,-830
595,-830
596,-830
597,-830
598,-830
599,-830
600,-830
601,-830
602,-830
603,-830
604,-830
605,-831
606,-831
607,-831
608,-831
609,-831
610,-831
611,-832
612,-832
613,-832
614,-832
615,-832
616,-833
617,-833
618,-833
619,-834
620,-835
621,-835
622,-836
623,-836
624,-836
625,-837
626,-838
627,-838
628,-838
629,-839
629,-840
630,-840
631,-840
632,-840
633,-840
634,-841
635,-842
635,-843
636,-843
637,-844
638,-844
639,-844
640,-844
641,-845
642,-846
643,-846
644,-847
645,-847
646,-847
647,-847
648,-848
649,-849
649,-850
650,-850
651,-851
652,-851
653,-851
654,-852
655,-852
656,-852
657,-853
658,-853
659,-854
660,-855
661,-855
662,-855
663,-856
664,-856
665,-856
666,-856
667,-857
668,-858
669,-858
670,-858
671,-859
672,-860
673,-860
674,-860
675,-860
676,-860
677,-860
678,-861
679,-861
680,-861
681,-861
682,-861
683,-861
684,-862
685,-862
686,-862
687,-863
688,-863
689,-864
690,-864
691,-864
692,-864
693,-864
694,-864
695,-864
696,-865
697,-865
698,-865
699,-865
700,-865
701,-866
702,-866
703,-866
704,-867
705,-867
706,-867
707,-867
708,-867
709,-867
710,-868
711,-868
712,-868
713,-868
714,-868
715,-869
716,-869
717,-869
718,-869
719,-869
720,-869
721,-869
722,-869
723,-870
724,-870
725,-870
726,-870
727,-870
728,-870
729,-870
730,-870
731,-871
732,-871
733,-871
734,-871
735,-871
736,-871
737,-872
738,-872
739,-872
740,-872
741,-872
742,-872
743,-872
744,-872
745,-872
746,-872
747,-872
748,-872
749,-872
750,-872
751,-872
752,-872
753,-872
754,-872
755,-872
756,-872
757,-872
758,-872
759,-872
760,-872
761,-872
762,-872
763,-872
764,-872
765,-872
766,-872
767,-872
768,-872
769,-872
770,-872
771,-872
772,-872
773,-872
774,-872
775,-872
776,-872
777,-872
778,-872
779,-872
780,-872
781,-872
782,-872
783,-872
784,-872
785,-872
786,-872
787,-872
788,-872
789,-872
790,-872
791,-871
792,-871
793,-871
794,-871
795,-871
796,-871
797,-871
798,-871
799,-870
800,-870
801,-870
802,-870
803,-870
804,-870
805,-870
806,-870
807,-870
808,-869
809,-869
810,-869
811,-869
812,-869
813,-869
814,-869
815,-869
816,-869
817,-869
818,-869
819,-868
820,-868
821,-868
822,-868
823,-868
824,-868
825,-867
826,-867
827,-867
828,-866
829,-866
830,-866
831,-866
832,-866
833,-866
834,-866
835,-866
836,-866
837,-865
838,-865
839,-865
840,-865
841,-865
842,-865
843,-864
844,-864
845,-864
846,-864
847,-864
848,-864
849,-863
850,-863
851,-863
852,-862
853,-862
854,-862
855,-862
856,-861
857,-861
858,-861
859,-861
860,-860
861,-860
862,-860
863,-860
864,-859
865,-859
866,-859
867,-858
868,-858
869,-858
870,-857
871,-857
872,-857
873,-857
874,-857
875,-856
876,-856
877,-856
878,-855
879,-855
880,-854
881,-854
882,-854
883,-854
884,-853
885,-853
886,-853
887,-853
888,-852
889,-852
890,-852
891,-851
892,-851
893,-850
894,-850
895,-849
896,-849
897,-849
898,-849
899,-848
900,-848
901,-847
902,-847
903,-846
904,-846
905,-845
906,-845
907,-845
908,-845
909,-844
910,-844
911,-844
912,-843
913,-842
914,-842
915,-842
916,-841
917,-841
918,-840
919,-840
920,-840
921,-839
922,-838
923,-838
923,-837
924,-836
925,-836
926,-836
927,-836
928,-835
929,-834
930,-834
931,-833
932,-833
933,-833
934,-832
934,-831
935,-830
936,-830
937,-830
938,-829
939,-829
940,-828
941,-827
942,-827
943,-826
944,-825
945,-824
946,-824
947,-823
948,-822
949,-822
949,-821
950,-820
951,-820
952,-820
952,-819
953,-818
954,-818
955,-817
956,-817
957,-816
958,-815
959,-815
959,-814
960,-813
961,-813
962,-812
963,-811
964,-810
965,-810
966,-809
967,-808
968,-807
969,-806
970,-805
971,-805
972,-805
973,-805
973,-804
974,-803
975,-802
976,-801
977,-801
978,-800
979,-799
980,-798
981,-797
982,-797
982,-796
983,-795
984,-794
985,-794
985,-793
986,-792
987,-792
988,-792
988,-791
988,-790
989,-789
990,-789
991,-789
991,-788
992,-787
993,-786
994,-786
995,-785
996,-784
996,-783
997,-782
998,-781
999,-781
1000,-781
1000,-780
1001,-779
1001,-778
1002,-777
1003,-777
1003,-776
1003,-775
1004,-774
1005,-774
1006,-773
1007,-772
1007,-771
1008,-770
1009,-769
1010,-769
1010,-768
1011,-767
1012,-766
1013,-765
1014,-764
1015,-764
1015,-763
1016,-762
1017,-761
1017,-760
1018,-759
1019,-758
1020,-757
1020,-756
1021,-755
1022,-754
1023,-754
1023,-753
1024,-752
1025,-751
1026,-750
1026,-749
1027,-748
1028,-747
1028,-746
1029,-745
1030,-744
1031,-743
1032,-743
1032,-742
1033,-741
1034,-740
1035,-740
1036,-739
1036,-738
1037,-737
1037,-736
1038,-735
1039,-735
1040,-734
1041,-733
1042,-732
1043,-732
1043,-731
1044,-730
1045,-730
1046,-730
1047,-729
1047,-728
1048,-727
1049,-727
1050,-727
1051,-726
1052,-725
1053,-724
1053,-723
1053,-722
1053,-721
1054,-720
1055,-720
1056,-720
1057,-720
1057,-719
1057,-718
1058,-717
1059,-717
1060,-716
1061,-715
1062,-714
1062,-713
1063,-712
1064,-712
1065,-711
1066,-710
1067,-710
1068,-709
1069,-709
1069,-708
1069,-707
1069,-706
1069,-705
1069,-704
1070,-703
1071,-703
1071,-702
1071,-701
1071,-700
1072,-699
1072,-698
1072,-697
1072,-696
1072,-695
1072,-694
1072,-693
1071,-692
1070,-691
1069,-690
1068,-690
1067,-689
1066,-688
1065,-687
1064,-687
1063,-686
1062,-685
1061,-685
1060,-684
1059,-684
1058,-683
1057,-683
1056,-682
1055,-681
1054,-681
1053,-680
1052,-679
1051,-679
1050,-678
1049,-678
1048,-677
1047,-677
1046,-677
1045,-676
1044,-675
1043,-675
1042,-675
1041,-674
1040,-673
1039,-673
1038,-672
1037,-672
1036,-671
1035,-671
1034,-670
1033,-670
1032,-669
1031,-669
1030,-668
1029,-667
1028,-667
1027,-667
1026,-666
1025,-666
1024,-666
1023,-665
1022,-665
1021,-665
1020,-664
1019,-664
1018,-664
1017,-664
1016,-663
1015,-663
1014,-662
1013,-661
1012,-661
1011,-661
1010,-661
1009,-661
1008,-660
1007,-659
1006,-659
1005,-659
1004,-659
1003,-658
1002,-658
1001,-658
1000,-657
999,-657
998,-657
997,-656
996,-656
995,-656
994,-655
993,-655
992,-655
991,-654
990,-654
989,-653
988,-653
987,-653
986,-652
985,-652
984,-652
983,-652
982,-651
981,-651
980,-651
979,-650
978,-650
977,-650
976,-649
975,-649
974,-649
973,-649
972,-648
971,-648
970,-648
969,-647
968,-647
967,-647
966,-647
965,-646
964,-646
963,-645
962,-645
961,-644
960,-644
959,-644
958,-644
957,-643
956,-643
955,-643
954,-642
953,-642
952,-642
951,-642
950,-641
949,-641
948,-640
947,-640
946,-640
945,-640
944,-640
943,-639
942,-639
941,-639
940,-639
939,-638
938,-638
937,-637
936,-637
935,-637
934,-637
933,-637
932,-636
931,-636
930,-636
929,-636
928,-636
927,-636
926,-636
925,-636
924,-636
923,-636
922,-636
921,-636
920,-636
919,-636
918,-636
917,-636
916,-635
915,-635
914,-634
913,-634
912,-633
911,-633
910,-633
909,-633
908,-633
907,-633
906,-633
905,-633
904,-633
903,-633
902,-632
901,-632
900,-632
899,-632
898,-632
897,-632
896,-632
895,-632
894,-632
893,-632
892,-632
891,-631
890,-631
889,-631
888,-631
887,-631
886,-631
885,-631
884,-631
883,-631
882,-631
881,-631
880,-631
879,-631
878,-631
877,-630
876,-630
875,-630
874,-630
873,-630
872,-630
871,-630
870,-630
869,-630
868,-630
867,-630
866,-630
865,-630
864,-630
863,-630
862,-630
861,-630
860,-630
859,-630
858,-630
857,-630
856,-630
855,-630
854,-630
853,-630
852,-630
851,-629
850,-629
849,-629
848,-629
847,-629
846,-629
845,-629
844,-629
843,-629
842,-629
841,-629
840,-629
839,-629
838,-629
837,-630
836,-630
835,-630
834,-630
833,-630
832,-630
831,-630
830,-630
829,-630
828,-630
827,-631
826,-631
825,-631
824,-631
823,-631
822,-631
821,-631
820,-631
819,-631
818,-631
817,-631
816,-632
815,-632
814,-632
813,-632
812,-632
811,-632
810,-632
809,-632
808,-632
807,-633
806,-633
805,-633
804,-633
803,-633
802,-633
801,-634
800,-634
799,-634
798,-634
797,-634
796,-635
795,-635
794,-635
793,-635
792,-635
791,-636
790,-636
789,-636
788,-636
787,-636
786,-636
785,-636
784,-636
783,-637
782,-637
781,-637
780,-638
779,-638
778,-639
777,-639
776,-639
775,-639
774,-639
773,-639
772,-640
771,-640
770,-640
769,-640
768,-640
767,-641
766,-641
765,-641
764,-642
763,-642
762,-642
761,-642
760,-643
759,-643
758,-643
757,-643
756,-644
755,-644
754,-644
753,-644
752,-645
751,-645
750,-646
749,-646
748,-646
747,-647
746,-647
745,-648
744,-648
743,-648
742,-648
741,-649
740,-649
739,-650
738,-650
737,-651
736,-651
735,-652
734,-652
733,-652
732,-653
731,-653
730,-654
729,-654
728,-654
727,-655
726,-656
725,-656
724,-656
723,-657
722,-657
721,-657
720,-658
719,-659
718,-659
717,-659
716,-660
715,-660
714,-660
713,-661
712,-661
711,-662
710,-662
709,-662
708,-663
707,-663
706,-664
705,-664
704,-665
703,-665
702,-666
701,-666
700,-667
699,-667
698,-668
697,-668
696,-669
695,-669
694,-669
693,-670
692,-671
691,-671
690,-671
689,-672
688,-672
687,-673
686,-673
685,-674
684,-674
683,-675
682,-675
681,-676
680,-676
679,-677
678,-677
677,-678
676,-679
675,-679
674,-680
673,-680
672,-681
671,-682
670,-682
669,-683
668,-683
667,-684
666,-684
665,-685
665,-686
664,-687
663,-688
662,-688
661,-689
660,-689
659,-690
659,-691
658,-692
657,-692
656,-693
655,-693
654,-694
653,-695
652,-696
651,-697
650,-698
649,-699
648,-699
647,-700
646,-701
645,-702
644,-703
643,-704
642,-705
641,-706
640,-707
639,-708
638,-709
637,-710
636,-711
635,-712
634,-713
633,-714
633,-715
632,-716
631,-716
631,-717
630,-718
629,-719
629,-720
628,-721
628,-722
627,-723
626,-723
626,-724
625,-725
624,-726
624,-727
623,-728
622,-729
622,-730
621,-731
621,-732
620,-733
619,-734
619,-735
618,-736
617,-737
617,-738
616,-739
615,-740
614,-741
614,-742
613,-743
612,-744
611,-745
611,-746
610,-747
609,-748
608,-749
608,-750
607,-751
606,-751
605,-752
604,-753
603,-754
602,-755
601,-756
600,-756
599,-757
598,-758
597,-758
596,-758
595,-759
594,-760
593,-760
592,-761
591,-762
590,-762
589,-763
588,-763
587,-764
586,-764
585,-764
585,-765
584,-766
583,-766
582,-767
581,-767
580,-767
579,-768
578,-768
577,-769
576,-769
575,-770
574,-770
573,-770
572,-770
571,-771
570,-771
569,-771
568,-772
567,-772
566,-772
565,-772
564,-772
563,-773
562,-773
561,-773
560,-774
559,-774
558,-774
557,-774
556,-774
555,-775
554,-775
553,-775
552,-775
551,-775
550,-775
549,-776
548,-776
547,-776
546,-776
545,-776
544,-776
543,-777
542,-777
541,-777
540,-777
539,-777
538,-777
537,-777
536,-777
535,-778
534,-778
533,-778
532,-778
531,-778
530,-778
529,-778
528,-779
527,-779
526,-779
525,-779
524,-779
523,-779
522,-779
521,-779
520,-779
519,-779
518,-779
517,-780
516,-780
515,-780
514,-780
513,-780
512,-780
511,-780
510,-780
509,-780
508,-780
507,-780
506,-780
505,-781
504,-781
503,-781
502,-780
501,-780
500,-780
499,-780
498,-780
497,-780
496,-780
495,-780
494,-780
493,-780
492,-780
491,-780
490,-780
489,-780
488,-780
487,-780
486,-780
485,-780
484,-780
483,-780
482,-780
481,-780
480,-780
479,-780
478,-780
477,-780
476,-780
475,-780
474,-780
473,-780
472,-780
471,-780
470,-780
469,-780
468,-780
467,-780
466,-780
465,-780
464,-779
463,-779
462,-779
461,-779
460,-779
459,-779
458,-779
457,-779
456,-779
455,-779
454,-779
453,-779
452,-779
451,-779
450,-779
449,-779
448,-778
447,-778
446,-778
445,-778
444,-778
443,-778
442,-778
441,-778
440,-778
439,-778
438,-778
437,-778
436,-778
435,-778
434,-778
433,-777
432,-777
431,-777
430,-777
429,-777
