393,-772
393,-773
393,-774
393,-775
393,-776
393,-777
393,-778
393,-779
393,-780
393,-781
394,-781
395,-781
396,-782
397,-782
398,-783
399,-783
400,-784
401,-784
402,-785
403,-785
404,-785
405,-786
406,-786
407,-786
408,-787
409,-788
410,-788
411,-788
412,-788
413,-788
414,-788
415,-789
416,-790
417,-791
418,-791
419,-791
420,-792
421,-792
422,-793
422,-794
423,-794
424,-795
424,-796
425,-796
426,-796
427,-796
428,-797
429,-797
430,-798
431,-798
432,-799
432,-800
433,-801
434,-801
435,-801
436,-802
437,-802
438,-802
439,-803
440,-804
441,-804
442,-804
443,-805
444,-806
445,-806
446,-806
447,-806
448,-806
449,-806
450,-806
451,-806
452,-806
453,-806
454,-807
455,-807
456,-807
457,-808
458,-808
459,-808
460,-809
461,-809
462,-810
463,-811
464,-811
465,-812
466,-812
467,-813
468,-813
469,-814
470,-814
471,-815
472,-816
473,-817
474,-817
475,-817
476,-818
476,-819
477,-820
478,-820
479,-820
480,-820
481,-820
482,-821
482,-822
482,-823
483,-823
484,-824
485,-824
486,-824
487,-824
488,-825
488,-826
488,-827
489,-827
490,-827
491,-827
492,-828
493,-829
494,-829
495,-829
496,-829
497,-830
498,-831
498,-832
499,-833
500,-833
501,-833
502,-834
502,-835
503,-835
504,-835
505,-835
506,-836
507,-836
508,-836
509,-836
510,-836
511,-836
512,-836
513,-836
514,-836
515,-836
516,-836
517,-837
518,-838
519,-838
520,-838
521,-839
522,-840
523,-840
524,-841
525,-841
526,-841
527,-841
528,-841
529,-841
530,-841
531,-841
532,-841
533,-842
533,-843
534,-843
535,-843
536,-844
537,-844
538,-845
539,-846
540,-846
541,-846
542,-846
543,-846
544,-846
545,-846
546,-846
547,-846
548,-846
549,-846
550,-847
550,-848
550,-849
551,-849
552,-850
553,-850
554,-851
555,-851
556,-851
557,-851
558,-851
559,-850
560,-850
561,-850
562,-850
563,-850
564,-850
565,-851
565,-852
565,-853
566,-854
567,-854
568,-854
569,-854
570,-854
571,-854
572,-855
573,-855
574,-856
574,-857
575,-857
576,-857
577,-858
578,-858
579,-858
580,-858
581,-858
582,-858
583,-858
584,-858
585,-858
586,-858
587,-858
588,-858
589,-858
590,-858
591,-859
592,-859
593,-859
594,-859
595,-860
596,-860
597,-860
598,-861
599,-861
600,-861
601,-861
602,-861
603,-862
604,-862
605,-862
606,-862
607,-862
608,-862
609,-862
610,-862
611,-863
612,-863
613,-863
614,-863
615,-863
616,-863
617,-863
618,-863
619,-864
619,-865
620,-865
621,-865
622,-865
623,-865
624,-866
625,-866
626,-866
627,-866
628,-866
629,-866
630,-866
631,-867
632,-867
633,-867
634,-867
635,-867
636,-867
637,-868
638,-868
639,-868
640,-868
641,-868
642,-868
643,-868
644,-868
645,-868
646,-868
647,-868
648,-868
649,-868
650,-868
651,-868
652,-868
653,-868
654,-868
655,-868
656,-868
657,-868
658,-868
659,-868
660,-868
661,-868
662,-868
663,-868
664,-868
665,-868
666,-867
667,-867
668,-867
669,-867
670,-867
671,-867
672,-867
673,-867
674,-867
675,-867
676,-867
677,-867
678,-867
679,-866
680,-866
681,-866
682,-866
683,-866
684,-866
685,-866
686,-866
687,-866
688,-866
689,-866
690,-866
691,-866
692,-866
693,-866
694,-865
695,-865
696,-865
697,-865
698,-865
699,-865
700,-865
701,-864
702,-864
703,-864
704,-864
705,-863
706,-862
707,-862
708,-862
709,-862
710,-862
711,-862
712,-862
713,-862
714,-862
715,-862
716,-862
717,-862
718,-862
719,-862
720,-861
721,-861
722,-861
723,-861
724,-860
725,-860
726,-859
727,-859
728,-858
729,-858
730,-858
731,-858
732,-858
733,-858
734,-857
735,-857
736,-857
737,-857
738,-857
739,-857
740,-856
740,-855
741,-854
742,-854
743,-854
744,-854
745,-854
745,-853
746,-852
747,-851
748,-850
749,-850
750,-850
751,-850
752,-849
753,-849
754,-849
755,-849
756,-849
757,-849
758,-849
759,-849
760,-849
760,-848
760,-847
761,-846
762,-846
763,-846
764,-846
765,-845
766,-845
767,-845
768,-845
768,-844
768,-843
768,-842
769,-841
770,-841
771,-840
772,-840
773,-840
773,-839
774,-838
775,-838
776,-837
777,-837
778,-837
779,-837
780,-837
781,-837
782,-836
783,-836
784,-836
785,-836
785,-835
786,-834
787,-833
788,-832
789,-831
790,-830
791,-830
792,-830
793,-830
794,-830
795,-830
795,-829
795,-828
796,-827
797,-826
798,-825
799,-824
800,-824
800,-823
801,-822
802,-821
803,-821
804,-821
805,-821
806,-821
807,-821
808,-821
809,-821
809,-820
810,-819
811,-819
812,-819
813,-818
813,-817
814,-816
815,-816
816,-815
817,-815
817,-814
817,-813
817,-812
817,-811
816,-810
816,-809
815,-808
814,-807
813,-806
813,-805
812,-805
811,-804
811,-803
810,-802
809,-801
808,-800
807,-799
807,-798
806,-798
805,-797
804,-796
803,-796
802,-795
801,-794
800,-793
799,-792
798,-792
797,-791
797,-790
796,-789
795,-788
794,-787
793,-786
792,-785
791,-784
790,-783
789,-782
789,-781
789,-780
790,-779
791,-779
792,-779
793,-780
794,-781
795,-782
796,-783
797,-784
798,-784
799,-785
800,-786
801,-787
802,-787
803,-788
803,-789
804,-790
805,-791
806,-792
807,-793
808,-794
809,-795
809,-796
810,-796
811,-797
812,-798
813,-799
814,-800
815,-800
816,-801
817,-802
818,-803
819,-804
820,-805
821,-805
822,-806
823,-806
824,-806
825,-806
826,-806
827,-805
827,-804
827,-803
828,-802
828,-801
828,-800
828,-799
829,-798
830,-798
831,-798
831,-797
832,-796
832,-795
832,-794
833,-793
834,-792
835,-791
836,-790
837,-789
838,-789
838,-788
839,-787
839,-786
840,-785
841,-784
841,-783
842,-782
843,-782
843,-781
844,-780
845,-779
846,-778
847,-777
848,-776
849,-775
849,-774
850,-773
851,-772
852,-771
853,-770
854,-770
855,-770
856,-769
857,-769
858,-769
859,-769
860,-769
861,-769
862,-769
863,-770
864,-771
865,-772
866,-772
867,-773
868,-773
869,-774
870,-774
871,-774
872,-774
873,-774
874,-774
875,-774
876,-774
877,-774
878,-774
879,-774
880,-774
881,-774
882,-774
883,-774
884,-774
885,-774
886,-773
887,-773
888,-773
889,-773
890,-773
891,-773
892,-773
893,-773
894,-773
895,-772
896,-772
897,-772
898,-772
899,-772
900,-772
901,-772
902,-772
903,-772
904,-771
905,-771
906,-771
907,-771
908,-771
909,-771
910,-771
911,-770
912,-770
913,-770
914,-770
915,-770
916,-770
917,-770
918,-770
919,-770
920,-770
921,-770
922,-769
923,-769
924,-769
925,-769
926,-769
927,-769
928,-768
929,-768
930,-768
931,-768
932,-768
933,-767
934,-767
935,-767
936,-767
937,-766
938,-766
939,-766
940,-765
941,-765
942,-765
943,-765
944,-765
945,-765
946,-765
947,-765
948,-765
949,-765
950,-765
951,-764
952,-764
953,-764
954,-764
955,-764
956,-764
957,-763
958,-762
959,-762
960,-762
961,-762
962,-762
963,-762
964,-762
965,-762
966,-762
967,-762
968,-762
969,-762
970,-762
971,-762
972,-762
973,-762
974,-762
975,-762
976,-761
977,-761
978,-761
979,-761
980,-761
981,-761
982,-761
983,-761
984,-761
985,-761
986,-761
987,-760
988,-760
989,-760
990,-760
991,-760
992,-760
993,-760
994,-760
995,-760
996,-760
997,-759
998,-759
999,-759
1000,-759
1001,-758
1002,-758
1003,-758
1004,-758
1005,-758
1006,-758
1007,-758
1008,-758
1009,-758
1010,-758
1011,-758
1012,-757
1013,-756
1014,-756
1015,-756
1016,-757
1017,-757
1018,-757
1019,-757
1020,-757
1021,-757
1022,-757
1023,-756
1024,-756
1025,-755
1026,-755
1027,-754
1028,-754
1029,-754
1030,-754
1031,-754
1032,-754
1033,-754
1034,-754
1035,-754
1036,-753
1037,-753
1038,-753
1039,-753
1040,-753
1041,-753
1042,-753
1043,-753
1044,-753
1045,-753
1046,-752
1047,-752
1048,-752
1049,-752
1050,-752
1051,-752
1052,-752
1053,-752
1054,-752
1055,-752
1056,-752
1057,-752
1058,-752
1059,-752
1060,-752
1061,-752
1062,-752
1063,-752
1063,-751
1064,-750
1065,-750
1066,-750
1067,-750
1068,-750
1069,-750
1070,-750
1071,-750
1072,-749
1073,-749
1074,-749
1075,-749
1076,-749
1077,-749
1078,-749
1079,-749
1080,-749
1081,-749
1082,-749
1083,-749
1084,-749
1085,-748
1086,-748
1086,-747
1087,-746
1088,-746
1089,-746
1090,-747
1091,-747
1092,-747
1093,-747
1094,-747
1095,-747
1096,-747
1096,-746
1096,-745
1096,-744
1097,-743
1098,-743
1099,-743
1100,-743
1101,-743
1102,-743
1103,-743
1104,-743
1105,-742
1106,-742
1107,-741
1108,-740
1109,-739
1109,-738
1109,-737
1109,-736
1109,-735
1109,-734
1109,-733
1109,-732
1109,-731
1109,-730
1109,-729
1109,-728
1108,-727
1107,-726
1107,-725
1106,-725
1105,-724
1104,-723
1103,-723
1102,-723
1101,-722
1100,-722
1099,-722
1098,-722
1097,-722
1096,-722
1095,-722
1094,-722
1093,-721
1092,-720
1092,-719
1092,-718
1091,-718
1090,-718
1089,-717
1088,-716
1087,-715
1086,-714
1085,-713
1084,-712
1084,-711
1084,-710
1084,-709
1084,-708
1084,-707
1084,-706
1084,-705
1084,-704
1084,-703
1084,-702
1084,-701
1083,-700
1083,-699
1082,-699
1081,-698
1080,-698
1079,-698
1078,-697
1078,-696
1078,-695
1077,-694
1077,-693
1076,-693
1075,-692
1074,-692
1073,-692
1072,-691
1072,-690
1072,-689
1071,-688
1071,-687
1070,-687
1069,-686
1068,-686
1067,-686
1066,-685
1066,-684
1066,-683
1065,-682
1065,-681
1064,-681
1063,-680
1062,-680
1061,-680
1060,-680
1059,-681
1058,-681
1058,-682
1057,-683
1056,-684
1055,-684
1054,-684
1053,-684
1052,-684
1051,-684
1050,-684
1049,-685
1048,-685
1047,-685
1046,-685
1045,-685
1044,-685
1043,-685
1042,-685
1041,-685
1040,-685
1039,-685
1038,-686
1037,-686
1036,-686
1035,-686
1034,-686
1033,-686
1032,-687
1031,-687
1030,-687
1029,-687
1028,-687
1027,-687
1026,-687
1025,-686
1024,-686
1023,-686
1022,-686
1021,-686
1020,-686
1019,-686
1018,-686
1017,-686
1016,-687
1015,-687
1014,-687
1013,-687
1012,-687
1011,-687
1010,-687
1009,-687
1008,-687
1007,-688
1006,-688
1005,-688
1004,-688
1003,-688
1002,-689
1001,-689
1000,-689
999,-689
998,-689
997,-689
996,-689
995,-689
994,-689
993,-689
992,-689
991,-689
990,-690
989,-690
988,-690
987,-690
986,-690
985,-690
984,-691
983,-691
982,-691
981,-691
980,-691
979,-691
978,-692
977,-692
976,-692
975,-692
974,-693
973,-693
972,-693
971,-693
970,-693
969,-693
968,-693
967,-693
966,-693
965,-693
964,-693
963,-693
962,-693
961,-693
960,-693
959,-694
958,-694
957,-694
956,-694
955,-694
954,-694
953,-695
952,-695
951,-695
950,-695
949,-695
948,-695
947,-695
946,-696
945,-696
944,-696
943,-696
942,-696
941,-696
940,-696
939,-696
938,-697
937,-697
936,-697
935,-697
934,-697
933,-697
932,-697
931,-697
930,-698
929,-698
928,-698
927,-698
926,-698
925,-698
924,-698
923,-698
922,-698
921,-698
920,-698
919,-698
918,-698
917,-698
916,-698
915,-698
914,-698
913,-698
912,-698
911,-698
910,-698
909,-699
908,-699
907,-699
906,-699
905,-699
904,-699
903,-699
902,-699
901,-699
900,-699
899,-699
898,-699
897,-699
896,-699
895,-699
894,-699
893,-699
892,-699
891,-699
890,-699
889,-699
888,-699
887,-699
886,-699
885,-699
884,-699
883,-699
882,-699
881,-699
880,-699
879,-699
878,-698
877,-698
876,-698
875,-698
874,-698
873,-697
872,-697
871,-697
870,-697
869,-696
868,-696
867,-696
866,-696
865,-695
864,-695
863,-695
862,-694
861,-694
860,-694
859,-693
858,-693
857,-693
856,-693
855,-692
854,-692
853,-691
852,-691
851,-690
850,-690
849,-689
848,-689
847,-688
846,-688
845,-687
845,-686
844,-686
843,-686
842,-685
841,-684
840,-683
839,-683
838,-682
837,-681
836,-681
835,-680
834,-679
833,-679
832,-678
831,-678
830,-677
829,-676
828,-676
827,-675
826,-674
825,-673
824,-673
823,-673
822,-672
821,-671
820,-670
819,-670
818,-669
817,-669
816,-668
815,-667
814,-667
813,-666
812,-666
811,-665
810,-665
809,-664
808,-664
807,-663
806,-662
805,-661
804,-661
803,-660
803,-659
802,-659
801,-659
800,-659
799,-658
798,-658
797,-657
796,-657
795,-656
794,-656
793,-656
792,-655
791,-654
790,-654
789,-654
788,-654
787,-653
786,-652
785,-651
784,-651
783,-650
782,-650
781,-650
780,-650
779,-650
778,-649
777,-649
776,-648
775,-648
774,-647
773,-647
772,-647
771,-647
770,-646
769,-646
768,-646
767,-646
766,-645
765,-645
764,-645
763,-644
762,-644
761,-644
760,-644
759,-643
758,-643
757,-643
756,-643
755,-642
754,-642
753,-642
752,-642
751,-642
750,-641
749,-641
748,-641
747,-641
746,-641
745,-641
744,-640
743,-640
742,-640
741,-639
740,-639
739,-639
738,-639
737,-638
736,-638
735,-638
734,-638
733,-638
732,-638
731,-638
730,-638
729,-638
728,-638
727,-638
726,-638
725,-638
724,-638
723,-638
722,-637
721,-637
720,-637
719,-636
718,-636
717,-636
716,-635
715,-635
714,-635
713,-635
712,-635
711,-635
710,-635
709,-635
708,-635
707,-635
706,-635
705,-635
704,-634
703,-634
702,-634
701,-634
700,-634
699,-634
698,-634
697,-634
696,-634
695,-634
694,-634
693,-634
692,-634
691,-634
690,-634
689,-634
688,-634
687,-634
686,-633
685,-633
684,-633
683,-633
682,-633
681,-633
680,-633
679,-633
678,-633
677,-633
676,-633
675,-633
674,-633
673,-633
672,-633
671,-633
670,-633
669,-633
668,-633
667,-633
666,-633
665,-633
664,-633
663,-633
662,-633
661,-633
660,-633
659,-633
658,-633
657,-634
656,-634
655,-634
654,-634
653,-634
652,-634
651,-634
650,-634
649,-634
648,-634
647,-634
646,-634
645,-635
644,-636
643,-636
642,-636
641,-636
640,-636
639,-636
638,-636
637,-636
636,-636
635,-637
634,-637
633,-637
632,-637
631,-638
630,-638
629,-638
628,-638
627,-638
626,-638
625,-638
624,-639
623,-639
622,-639
621,-639
620,-639
619,-640
618,-640
617,-641
616,-641
615,-641
614,-642
613,-642
612,-642
611,-642
610,-643
609,-643
608,-643
607,-644
606,-644
605,-644
604,-644
603,-644
602,-644
601,-645
600,-645
599,-645
598,-645
597,-646
596,-646
595,-646
594,-647
593,-647
592,-647
591,-648
590,-648
589,-649
588,-649
587,-649
586,-649
585,-650
584,-650
583,-650
582,-651
581,-651
580,-652
579,-652
578,-653
577,-653
576,-653
575,-653
574,-654
573,-654
572,-654
571,-655
570,-655
569,-656
568,-656
567,-657
566,-657
565,-658
564,-658
563,-658
562,-658
561,-659
560,-659
559,-660
558,-660
557,-661
556,-661
555,-662
554,-662
553,-662
552,-663
551,-663
550,-664
549,-665
548,-665
547,-665
546,-666
545,-666
544,-666
543,-667
542,-668
541,-668
540,-669
539,-669
538,-670
537,-670
536,-671
535,-672
534,-672
533,-673
532,-673
531,-674
530,-675
529,-675
528,-676
527,-676
526,-677
525,-677
524,-678
523,-679
522,-679
521,-679
520,-680
519,-681
518,-681
517,-682
516,-682
515,-683
514,-684
513,-685
512,-685
511,-686
510,-686
509,-686
508,-687
507,-688
506,-688
505,-689
504,-689
503,-690
502,-691
501,-692
500,-692
499,-693
498,-693
497,-693
497,-694
496,-695
495,-696
494,-696
493,-697
492,-697
491,-698
490,-698
489,-699
488,-700
487,-701
486,-702
485,-703
484,-704
483,-705
482,-705
481,-706
480,-706
480,-707
479,-708
478,-708
477,-709
476,-710
475,-711
474,-712
473,-713
472,-714
471,-715
470,-716
469,-717
468,-718
467,-719
466,-719
466,-720
465,-721
464,-721
463,-722
462,-723
461,-724
460,-725
459,-726
458,-726
457,-727
456,-728
455,-729
454,-729
453,-730
452,-731
451,-732
450,-732
449,-733
448,-734
447,-735
446,-735
445,-736
444,-737
443,-737
442,-738
441,-739
440,-739
439,-740
438,-741
437,-741
436,-742
435,-743
434,-744
433,-744
432,-745
431,-746
430,-746
429,-747
428,-748
427,-748
426,-749
425,-749
424,-750
423,-751
422,-751
421,-752
420,-753
419,-753
418,-754
417,-754
416,-755
415,-756
414,-756
413,-757
412,-758
411,-758
410,-759
409,-760
408,-760
407,-761
406,-762
405,-762
404,-763
403,-764
402,-764
401,-765
400,-766
399,-767
398,-767
397,-768
396,-769
395,-770
394,-771
393,-772
