391,-729
391,-730
391,-731
391,-732
391,-733
391,-734
391,-735
391,-736
391,-737
391,-738
392,-738
393,-738
394,-738
395,-738
396,-738
397,-738
398,-738
399,-738
400,-739
400,-740
401,-741
402,-741
403,-741
404,-741
405,-742
406,-742
407,-743
407,-744
408,-745
409,-746
410,-747
411,-747
412,-747
413,-747
414,-747
415,-747
416,-747
417,-747
418,-747
419,-748
419,-749
419,-750
420,-750
421,-751
421,-752
422,-752
423,-752
424,-752
425,-753
426,-754
427,-755
428,-755
429,-756
430,-757
431,-758
432,-758
433,-758
434,-759
435,-760
436,-761
436,-762
437,-762
438,-762
439,-763
440,-763
441,-763
442,-763
443,-763
444,-764
445,-765
446,-765
447,-765
448,-766
449,-766
450,-766
451,-766
452,-766
453,-766
454,-766
455,-767
455,-768
456,-768
457,-768
458,-769
459,-769
460,-770
460,-771
461,-772
462,-772
463,-773
464,-773
465,-774
466,-775
467,-776
468,-776
469,-777
470,-778
470,-779
471,-779
472,-779
473,-780
474,-781
474,-782
475,-782
476,-783
477,-784
478,-785
479,-786
480,-786
481,-786
482,-787
483,-788
484,-788
485,-789
486,-789
487,-790
487,-791
488,-791
489,-792
490,-793
491,-794
492,-794
493,-795
494,-795
495,-796
496,-796
497,-797
497,-798
498,-798
499,-798
500,-799
501,-800
502,-801
502,-802
503,-802
504,-802
505,-802
506,-803
507,-804
508,-804
509,-805
509,-806
510,-806
511,-806
512,-807
512,-808
513,-808
514,-809
515,-809
516,-810
517,-810
518,-810
519,-811
520,-812
521,-813
522,-814
523,-814
524,-815
524,-816
524,-817
525,-817
526,-817
527,-817
528,-817
529,-817
530,-818
531,-819
531,-820
532,-820
533,-820
534,-821
535,-821
536,-821
537,-822
537,-823
538,-823
539,-824
539,-825
540,-825
541,-826
542,-826
543,-827
544,-828
545,-828
546,-829
547,-829
548,-830
548,-831
549,-832
550,-832
551,-833
552,-833
553,-833
554,-833
555,-834
556,-834
557,-834
558,-835
559,-835
560,-836
560,-837
561,-837
562,-838
563,-839
564,-840
565,-840
566,-840
567,-840
568,-840
569,-841
570,-842
571,-842
572,-842
573,-843
574,-844
575,-845
576,-845
577,-845
578,-845
579,-846
580,-846
581,-847
581,-848
582,-848
583,-849
584,-849
585,-849
586,-849
587,-849
588,-850
589,-851
590,-851
591,-851
592,-851
593,-852
594,-852
595,-852
596,-852
597,-852
598,-853
599,-853
600,-853
601,-854
602,-855
602,-856
603,-857
604,-857
605,-857
606,-857
607,-857
608,-857
609,-857
610,-857
611,-857
612,-857
613,-857
614,-858
615,-859
616,-859
617,-860
617,-861
618,-861
619,-861
620,-861
621,-861
622,-861
623,-861
624,-861
625,-862
626,-862
627,-863
628,-864
629,-864
630,-864
631,-865
632,-865
633,-865
634,-866
635,-866
636,-866
637,-867
638,-867
639,-867
640,-867
641,-867
642,-868
643,-868
644,-868
645,-868
646,-868
647,-868
648,-868
649,-868
650,-868
651,-868
652,-868
653,-868
654,-868
655,-869
655,-870
656,-870
657,-870
658,-870
659,-870
660,-870
661,-869
662,-869
663,-869
664,-869
665,-869
666,-869
667,-869
668,-870
669,-870
670,-870
671,-870
672,-870
673,-870
674,-870
675,-870
676,-870
677,-870
678,-870
679,-870
680,-870
681,-870
682,-870
683,-870
684,-870
685,-869
686,-868
687,-868
688,-868
689,-868
690,-868
691,-868
692,-868
693,-868
694,-868
695,-868
696,-868
697,-868
698,-868
699,-868
700,-868
701,-867
702,-867
703,-867
704,-867
705,-866
706,-866
707,-865
708,-865
709,-865
710,-865
711,-864
712,-864
713,-864
714,-864
715,-864
715,-863
716,-862
717,-862
718,-862
719,-862
720,-862
721,-862
722,-862
723,-862
724,-862
725,-862
726,-862
727,-862
728,-862
729,-861
730,-861
731,-861
732,-860
733,-860
734,-859
735,-859
736,-859
737,-859
738,-859
739,-859
740,-858
741,-858
742,-858
743,-857
744,-857
745,-856
746,-856
747,-856
748,-855
749,-855
750,-855
751,-854
752,-854
753,-854
754,-853
755,-852
756,-852
757,-851
758,-851
759,-851
760,-851
761,-850
762,-850
763,-850
764,-849
765,-849
766,-849
767,-849
768,-848
769,-848
770,-847
771,-847
772,-847
773,-847
774,-846
775,-846
776,-846
777,-846
778,-845
779,-845
780,-844
781,-844
782,-843
783,-843
784,-843
785,-843
786,-842
787,-842
788,-842
789,-842
790,-842
791,-842
792,-842
793,-841
794,-841
795,-841
796,-842
797,-842
798,-842
799,-842
800,-842
801,-841
802,-840
803,-840
804,-840
805,-840
806,-839
807,-839
807,-838
807,-837
808,-836
809,-836
810,-836
811,-836
812,-836
813,-836
814,-835
815,-834
816,-833
817,-832
818,-832
819,-831
820,-830
821,-830
821,-829
821,-828
822,-827
823,-827
823,-826
824,-825
825,-825
826,-824
826,-823
826,-822
826,-821
826,-820
826,-819
826,-818
825,-817
824,-816
823,-815
822,-814
821,-814
820,-813
819,-812
818,-811
817,-810
817,-809
816,-809
815,-808
814,-807
813,-806
812,-805
811,-804
810,-803
809,-802
808,-801
807,-800
806,-799
806,-798
806,-797
807,-796
808,-796
809,-796
810,-797
811,-797
812,-798
813,-799
813,-800
814,-801
815,-802
816,-802
817,-803
818,-804
819,-804
820,-805
820,-806
821,-807
822,-808
823,-809
824,-810
825,-811
826,-812
827,-813
828,-814
829,-814
830,-815
831,-815
832,-815
833,-815
834,-815
835,-814
836,-813
837,-813
838,-812
839,-812
840,-812
841,-812
842,-811
843,-811
844,-810
845,-810
846,-810
846,-809
847,-808
847,-807
848,-806
849,-806
850,-805
851,-805
852,-804
853,-804
854,-804
855,-803
856,-803
857,-803
858,-803
859,-803
860,-803
861,-804
862,-804
863,-804
864,-804
865,-804
866,-804
867,-805
868,-805
869,-805
870,-805
871,-805
872,-805
873,-805
874,-805
875,-805
876,-805
877,-805
878,-805
879,-804
880,-804
881,-804
882,-804
883,-804
884,-803
885,-803
886,-803
887,-803
888,-802
889,-801
890,-801
891,-801
892,-800
893,-800
894,-800
895,-799
896,-799
897,-798
898,-798
899,-798
900,-798
901,-798
902,-798
903,-798
904,-798
905,-798
906,-798
907,-798
908,-799
909,-799
910,-799
911,-799
912,-799
913,-799
914,-799
915,-799
916,-799
917,-799
918,-799
919,-799
920,-799
921,-800
922,-800
923,-800
924,-800
925,-800
926,-800
927,-800
928,-800
929,-800
930,-800
931,-800
932,-800
933,-800
934,-800
935,-800
936,-800
937,-801
938,-801
939,-801
940,-801
941,-801
942,-801
943,-802
944,-802
945,-802
946,-802
947,-802
948,-802
949,-803
950,-803
951,-803
952,-803
953,-803
954,-803
955,-803
956,-803
957,-804
958,-804
959,-804
960,-805
961,-805
962,-805
963,-805
964,-805
965,-805
966,-805
967,-806
968,-806
969,-806
970,-806
971,-807
972,-807
973,-807
974,-807
975,-807
976,-808
977,-808
978,-808
979,-808
980,-808
981,-808
982,-809
983,-809
984,-809
985,-809
986,-809
987,-810
988,-810
989,-810
990,-810
991,-811
992,-811
993,-811
994,-811
995,-811
996,-811
997,-812
998,-812
999,-812
1000,-813
1001,-813
1002,-813
1003,-813
1004,-813
1005,-814
1006,-814
1007,-814
1008,-814
1009,-814
1010,-815
1011,-815
1012,-815
1013,-815
1014,-815
1015,-815
1016,-816
1017,-816
1018,-816
1019,-816
1020,-816
1021,-816
1022,-816
1023,-816
1024,-816
1025,-816
1026,-816
1027,-816
1028,-816
1029,-816
1030,-817
1031,-817
1032,-817
1033,-818
1033,-819
1034,-819
1035,-819
1036,-819
1037,-819
1038,-819
1039,-819
1040,-819
1041,-820
1042,-820
1043,-820
1044,-820
1045,-820
1046,-821
1047,-821
1048,-821
1049,-821
1050,-821
1051,-822
1052,-822
1053,-822
1054,-822
1055,-822
1056,-822
1057,-822
1058,-822
1059,-822
1060,-822
1061,-822
1062,-822
1063,-823
1064,-823
1065,-823
1066,-823
1067,-823
1068,-823
1069,-823
1070,-823
1071,-824
1072,-825
1073,-825
1074,-825
1075,-825
1076,-825
1077,-825
1078,-826
1079,-826
1080,-826
1081,-827
1082,-827
1083,-827
1084,-827
1085,-827
1086,-827
1087,-828
1088,-828
1089,-828
1090,-828
1091,-829
1092,-829
1093,-829
1094,-829
1095,-829
1096,-829
1097,-829
1098,-829
1099,-830
1100,-830
1101,-830
1102,-831
1103,-831
1104,-831
1105,-831
1106,-831
1107,-830
1108,-830
1109,-830
1110,-830
1111,-830
1111,-829
1111,-828
1111,-827
1111,-826
1111,-825
1111,-824
1111,-823
1111,-822
1110,-822
1109,-822
1108,-821
1107,-821
1106,-821
1105,-820
1105,-819
1105,-818
1105,-817
1104,-817
1103,-816
1103,-815
1103,-814
1103,-813
1102,-812
1102,-811
1101,-811
1100,-810
1100,-809
1100,-808
1100,-807
1100,-806
1099,-805
1100,-804
1100,-803
1100,-802
1100,-801
1100,-800
1100,-799
1100,-798
1100,-797
1100,-796
1100,-795
1100,-794
1100,-793
1100,-792
1100,-791
1100,-790
1100,-789
1100,-788
1100,-787
1100,-786
1100,-785
1100,-784
1100,-783
1100,-782
1100,-781
1100,-780
1100,-779
1100,-778
1100,-777
1099,-776
1099,-775
1098,-775
1097,-774
1096,-774
1095,-774
1094,-774
1093,-774
1092,-774
1091,-774
1090,-774
1089,-774
1088,-774
1087,-774
1086,-774
1085,-774
1084,-774
1083,-774
1082,-774
1081,-774
1080,-774
1079,-773
1078,-772
1077,-771
1076,-770
1075,-769
1074,-769
1073,-768
1072,-768
1071,-768
1070,-768
1069,-768
1068,-768
1067,-768
1066,-768
1065,-768
1064,-768
1063,-768
1062,-768
1061,-768
1060,-768
1059,-768
1058,-768
1057,-768
1056,-768
1055,-768
1054,-768
1053,-768
1052,-768
1051,-768
1050,-768
1049,-768
1048,-768
1047,-768
1046,-768
1045,-768
1044,-768
1043,-768
1042,-768
1041,-768
1040,-768
1039,-768
1038,-768
1037,-768
1036,-768
1035,-768
1034,-768
1033,-768
1032,-768
1031,-767
1030,-766
1029,-765
1028,-764
1027,-763
1026,-763
1025,-762
1024,-762
1023,-762
1022,-762
1021,-762
1020,-762
1019,-762
1018,-762
1017,-762
1016,-762
1015,-762
1014,-762
1013,-762
1012,-762
1011,-762
1010,-762
1009,-762
1008,-762
1007,-762
1006,-762
1005,-762
1004,-762
1003,-762
1002,-762
1001,-762
1000,-762
999,-762
998,-762
997,-762
996,-762
995,-762
994,-762
993,-762
992,-762
991,-762
990,-762
989,-762
988,-762
987,-762
986,-761
985,-761
984,-761
983,-761
982,-761
981,-760
980,-760
979,-760
978,-760
977,-760
976,-760
975,-759
974,-759
973,-759
972,-759
971,-759
970,-758
969,-758
968,-758
967,-758
966,-758
965,-758
964,-758
963,-757
962,-757
961,-757
960,-757
959,-757
958,-756
957,-756
956,-756
955,-755
954,-755
953,-755
952,-755
951,-755
950,-755
949,-754
948,-754
947,-754
946,-754
945,-754
944,-754
943,-754
942,-753
941,-753
940,-753
939,-752
938,-752
937,-752
936,-752
935,-752
934,-752
933,-752
932,-752
931,-752
930,-751
929,-751
928,-751
927,-750
926,-750
925,-750
924,-749
923,-749
922,-749
921,-749
920,-749
919,-749
918,-749
917,-748
916,-748
915,-748
914,-747
913,-747
912,-747
911,-747
910,-747
909,-747
908,-747
907,-747
906,-747
905,-746
904,-746
903,-745
902,-745
901,-745
900,-745
899,-744
898,-744
897,-744
896,-743
895,-743
894,-743
893,-743
892,-743
891,-742
890,-742
889,-742
888,-741
887,-741
886,-741
885,-741
884,-740
883,-740
882,-740
881,-740
880,-740
879,-739
878,-739
877,-739
876,-738
875,-738
874,-737
873,-737
872,-736
871,-736
870,-736
869,-735
868,-735
867,-734
866,-734
865,-734
864,-733
863,-732
862,-732
861,-731
860,-731
859,-730
858,-729
858,-728
857,-728
856,-728
855,-727
854,-726
853,-726
852,-726
851,-725
850,-724
849,-723
848,-723
847,-722
847,-721
846,-720
846,-719
845,-718
844,-717
843,-716
843,-715
842,-714
841,-713
840,-712
839,-711
838,-710
837,-709
836,-708
835,-707
835,-706
834,-705
833,-705
832,-704
831,-703
831,-702
830,-701
829,-701
828,-700
827,-699
826,-698
825,-697
824,-696
823,-695
822,-694
821,-693
820,-692
819,-691
819,-690
818,-690
817,-689
816,-688
815,-687
814,-686
813,-685
812,-685
811,-684
811,-683
810,-683
809,-682
808,-682
807,-681
806,-680
805,-679
804,-679
803,-678
802,-677
801,-677
800,-676
799,-675
798,-675
797,-674
796,-673
795,-672
794,-671
793,-671
792,-670
791,-670
790,-669
789,-669
788,-668
787,-667
786,-667
785,-666
784,-666
783,-665
782,-665
781,-664
780,-664
779,-663
778,-663
777,-662
776,-662
775,-661
774,-661
773,-661
772,-660
771,-659
770,-659
769,-659
768,-658
767,-658
766,-658
765,-657
764,-656
763,-656
762,-656
761,-655
760,-654
759,-654
758,-654
757,-653
756,-653
755,-653
754,-652
753,-652
752,-651
751,-651
750,-651
749,-650
748,-650
747,-650
746,-650
745,-649
744,-649
743,-649
742,-648
741,-648
740,-647
739,-647
738,-647
737,-646
736,-646
735,-646
734,-645
733,-645
732,-645
731,-645
730,-644
729,-644
728,-643
727,-643
726,-643
725,-642
724,-642
723,-642
722,-642
721,-642
720,-641
719,-641
718,-641
717,-641
716,-641
715,-640
714,-640
713,-640
712,-640
711,-639
710,-639
709,-639
708,-639
707,-638
706,-638
705,-638
704,-638
703,-638
702,-638
701,-638
700,-638
699,-637
698,-637
697,-637
696,-637
695,-637
694,-637
693,-637
692,-636
691,-636
690,-636
689,-636
688,-636
687,-636
686,-635
685,-635
684,-635
683,-635
682,-635
681,-635
680,-635
679,-635
678,-634
677,-634
676,-634
675,-634
674,-634
673,-634
672,-634
671,-634
670,-634
669,-634
668,-634
667,-634
666,-633
665,-633
664,-633
663,-633
662,-633
661,-633
660,-633
659,-633
658,-633
657,-633
656,-633
655,-633
654,-633
653,-632
652,-632
651,-632
650,-632
649,-632
648,-632
647,-632
646,-632
645,-632
644,-632
644,-633
644,-634
644,-635
644,-636
645,-637
646,-637
647,-638
648,-639
648,-640
648,-641
647,-642
646,-642
645,-642
644,-641
643,-640
642,-640
641,-639
641,-638
640,-638
639,-637
638,-636
637,-636
636,-635
635,-634
634,-633
633,-633
632,-633
631,-633
630,-633
629,-633
628,-633
627,-633
626,-633
625,-633
624,-633
623,-633
622,-633
621,-634
620,-634
619,-634
618,-634
617,-634
616,-634
615,-634
614,-634
613,-634
612,-634
611,-634
610,-635
609,-635
608,-635
607,-635
606,-635
605,-635
604,-635
603,-636
602,-636
601,-636
600,-637
599,-637
598,-637
597,-637
596,-637
595,-637
594,-637
593,-638
592,-638
591,-638
590,-638
589,-638
588,-638
587,-638
586,-638
585,-639
584,-639
583,-639
582,-639
581,-639
580,-639
579,-640
578,-640
577,-640
576,-640
575,-641
574,-641
573,-641
572,-641
571,-641
570,-641
569,-642
568,-643
567,-643
566,-643
565,-643
564,-643
563,-644
562,-644
561,-645
560,-645
559,-645
558,-646
557,-646
556,-646
555,-646
554,-647
553,-647
552,-648
551,-648
550,-648
549,-649
548,-649
547,-649
546,-650
545,-650
544,-650
543,-650
542,-651
541,-651
540,-652
539,-652
538,-652
538,-653
537,-654
536,-654
535,-654
534,-654
533,-654
532,-655
531,-655
530,-656
529,-656
528,-657
527,-657
526,-658
525,-658
524,-659
523,-659
522,-660
521,-660
520,-661
519,-661
518,-662
517,-662
516,-663
515,-664
514,-664
513,-665
512,-665
511,-666
510,-666
509,-667
508,-667
507,-668
506,-668
505,-669
504,-669
503,-669
502,-669
501,-670
500,-670
499,-671
498,-671
497,-672
496,-672
495,-672
494,-673
493,-673
492,-674
491,-674
490,-674
489,-675
488,-675
487,-675
486,-676
485,-676
484,-677
483,-677
482,-677
481,-678
480,-678
479,-679
478,-679
477,-679
476,-680
475,-681
474,-681
473,-682
472,-682
471,-683
470,-683
469,-684
468,-684
467,-685
466,-685
465,-686
464,-687
463,-688
462,-688
461,-689
460,-689
459,-690
458,-690
457,-691
456,-691
455,-692
454,-692
453,-693
452,-693
451,-693
450,-694
449,-694
448,-694
447,-695
446,-695
445,-695
444,-696
443,-696
442,-696
441,-697
440,-697
439,-697
438,-698
437,-698
436,-698
435,-699
434,-699
433,-700
432,-700
431,-700
430,-701
429,-701
428,-701
427,-702
426,-702
425,-702
424,-703
423,-703
422,-703
421,-704
420,-704
419,-705
418,-705
417,-705
416,-706
415,-706
414,-706
413,-706
412,-707
411,-708
410,-708
409,-708
408,-708
407,-708
406,-709
405,-709
404,-709
403,-710
402,-710
401,-710
400,-710
399,-711
398,-711
397,-712
396,-712
395,-713
394,-713
394,-714
394,-715
394,-716
394,-717
395,-717
396,-718
396,-719
397,-720
398,-720
399,-721
399,-722
399,-723
398,-724
397,-724
396,-724
395,-724
394,-724
393,-725
392,-725
392,-726
392,-727
392,-728
391,-729
