476,-783
476,-784
476,-785
476,-786
476,-787
476,-788
477,-788
478,-788
479,-788
480,-788
481,-789
482,-789
483,-789
484,-789
485,-790
486,-790
487,-790
488,-790
489,-790
490,-790
491,-791
492,-792
493,-792
494,-792
495,-793
496,-793
497,-793
498,-793
499,-793
500,-793
501,-793
502,-793
503,-793
504,-793
505,-794
506,-794
507,-794
508,-795
509,-795
510,-795
511,-795
512,-795
513,-795
514,-796
515,-796
516,-797
517,-797
518,-797
519,-797
520,-798
521,-798
522,-798
523,-799
524,-799
525,-799
526,-799
527,-799
528,-800
529,-800
530,-801
531,-801
532,-801
533,-802
534,-802
535,-802
536,-803
537,-803
538,-804
539,-804
540,-805
541,-805
542,-806
543,-806
544,-806
545,-806
546,-807
547,-808
548,-808
549,-809
549,-810
550,-810
551,-811
552,-811
553,-811
554,-811
555,-812
556,-813
557,-814
558,-814
559,-815
560,-815
561,-816
562,-816
563,-817
564,-817
565,-817
566,-818
567,-819
568,-819
569,-820
570,-821
571,-821
572,-822
573,-822
574,-822
575,-823
576,-823
577,-824
578,-824
579,-824
580,-825
581,-825
582,-826
583,-826
584,-827
585,-827
586,-827
587,-827
588,-828
589,-829
589,-830
590,-830
591,-830
592,-830
593,-831
594,-831
595,-832
596,-832
597,-832
598,-833
599,-833
600,-833
601,-834
602,-834
603,-834
604,-835
605,-835
606,-836
607,-836
608,-836
609,-837
610,-838
611,-838
612,-838
613,-839
614,-839
615,-839
616,-839
617,-839
618,-838
619,-837
620,-837
621,-837
622,-838
622,-839
622,-840
622,-841
622,-842
623,-842
624,-842
625,-842
626,-843
627,-843
628,-843
629,-843
630,-843
631,-844
632,-845
633,-845
634,-845
635,-846
636,-846
637,-846
638,-847
639,-847
640,-847
641,-847
642,-847
643,-848
644,-848
645,-848
646,-848
647,-848
648,-849
649,-849
650,-850
651,-850
652,-850
653,-850
654,-850
655,-851
656,-851
657,-851
658,-852
659,-852
660,-852
661,-852
662,-853
663,-853
664,-853
665,-853
666,-853
667,-853
668,-853
669,-854
670,-854
671,-854
672,-854
673,-854
674,-854
675,-854
676,-854
677,-854
678,-854
679,-854
680,-854
681,-854
682,-855
683,-855
684,-855
685,-855
686,-855
687,-855
688,-855
689,-855
690,-855
691,-855
692,-855
693,-855
694,-855
695,-855
696,-855
697,-855
698,-856
699,-856
700,-856
701,-856
702,-856
703,-856
704,-856
705,-855
706,-855
707,-855
708,-855
709,-855
710,-855
711,-855
712,-855
713,-855
714,-855
715,-855
716,-855
717,-855
718,-855
719,-855
720,-854
721,-854
722,-854
723,-854
724,-854
725,-854
726,-854
727,-854
728,-854
729,-854
730,-854
731,-853
732,-853
733,-853
734,-853
735,-852
736,-852
737,-852
738,-852
739,-852
740,-851
741,-851
742,-851
743,-851
744,-851
745,-851
746,-850
747,-850
748,-850
749,-850
750,-850
751,-849
752,-849
753,-849
754,-849
755,-848
756,-848
757,-848
758,-848
759,-847
760,-847
761,-847
762,-847
763,-847
764,-847
765,-847
766,-846
767,-846
768,-846
769,-845
770,-845
771,-845
772,-844
773,-844
774,-844
775,-844
776,-843
777,-843
778,-843
779,-843
780,-843
781,-842
782,-842
783,-842
784,-842
785,-842
786,-842
787,-841
788,-841
789,-841
790,-840
791,-840
792,-840
793,-840
794,-839
795,-839
796,-838
797,-838
798,-838
799,-837
800,-837
801,-836
802,-836
803,-836
804,-835
805,-835
806,-835
807,-834
808,-834
809,-833
810,-832
811,-832
812,-831
813,-831
814,-831
815,-830
816,-830
817,-829
818,-829
819,-828
820,-828
820,-827
821,-826
822,-826
823,-826
823,-825
824,-824
825,-824
826,-824
827,-823
828,-823
829,-823
829,-822
830,-821
831,-821
832,-820
833,-820
834,-819
835,-819
836,-818
836,-817
837,-816
838,-816
839,-816
840,-815
841,-814
842,-814
843,-813
844,-812
845,-812
845,-811
846,-810
847,-809
848,-809
849,-808
850,-807
851,-807
852,-806
853,-806
854,-805
855,-804
856,-803
857,-802
858,-801
859,-800
860,-799
861,-798
861,-797
862,-796
863,-796
863,-795
864,-794
865,-794
866,-793
866,-792
867,-791
868,-790
869,-789
870,-788
871,-787
872,-786
873,-785
874,-784
874,-783
875,-782
876,-781
877,-781
878,-780
878,-779
878,-778
879,-777
880,-776
881,-775
882,-774
883,-773
884,-772
885,-771
886,-770
887,-770
887,-769
888,-768
889,-767
890,-766
891,-766
892,-765
893,-764
893,-763
894,-762
895,-762
896,-761
897,-760
898,-760
899,-759
900,-759
900,-758
901,-757
902,-757
903,-757
904,-756
905,-756
906,-756
907,-756
908,-756
909,-756
910,-756
911,-756
912,-757
913,-757
914,-757
915,-758
916,-758
917,-758
918,-758
919,-758
920,-758
921,-758
922,-758
923,-758
924,-758
925,-758
926,-758
927,-757
928,-757
929,-757
930,-757
931,-757
932,-757
933,-757
934,-757
935,-757
936,-756
937,-756
938,-756
939,-756
940,-756
941,-755
942,-754
943,-754
944,-754
945,-754
946,-754
947,-754
948,-754
949,-754
950,-754
951,-754
952,-754
953,-754
954,-753
955,-752
956,-752
957,-752
958,-752
959,-752
960,-752
961,-751
962,-751
963,-751
964,-751
965,-750
966,-750
967,-750
968,-749
969,-749
970,-749
971,-749
972,-749
973,-749
974,-749
975,-748
976,-748
977,-748
978,-747
979,-747
980,-746
981,-746
982,-746
983,-746
984,-746
985,-746
986,-746
987,-745
988,-745
989,-745
990,-745
991,-745
991,-744
992,-743
993,-743
994,-743
995,-743
996,-742
997,-742
998,-742
999,-742
1000,-743
1001,-743
1002,-743
1003,-743
1004,-743
1005,-743
1006,-743
1006,-742
1007,-741
1008,-741
1009,-741
1010,-740
1011,-740
1012,-740
1013,-740
1014,-740
1015,-740
1016,-740
1016,-739
1017,-738
1018,-738
1019,-738
1020,-738
1021,-738
1022,-738
1023,-737
1024,-736
1024,-735
1025,-734
1026,-733
1026,-732
1026,-731
1026,-730
1026,-729
1025,-728
1025,-727
1025,-726
1025,-725
1025,-724
1024,-724
1023,-723
1023,-722
1023,-721
1023,-720
1023,-719
1023,-718
1022,-717
1022,-716
1022,-715
1022,-714
1022,-713
1022,-712
1022,-711
1022,-710
1022,-709
1021,-708
1021,-707
1021,-706
1021,-705
1020,-704
1020,-703
1019,-702
1019,-701
1019,-700
1019,-699
1019,-698
1019,-697
1019,-696
1019,-695
1019,-694
1018,-693
1018,-692
1017,-691
1016,-690
1016,-689
1016,-688
1016,-687
1015,-686
1015,-685
1014,-685
1013,-684
1012,-683
1012,-682
1012,-681
1012,-680
1012,-679
1011,-678
1010,-677
1009,-676
1009,-675
1008,-675
1007,-675
1006,-675
1005,-675
1004,-676
1003,-676
1002,-676
1001,-676
1000,-676
999,-677
998,-677
997,-677
996,-677
995,-677
994,-678
993,-678
992,-678
991,-678
990,-678
989,-678
988,-679
987,-679
986,-679
985,-679
984,-679
983,-680
982,-680
981,-680
980,-680
979,-680
978,-681
977,-681
976,-681
975,-681
974,-682
973,-682
972,-682
971,-683
970,-684
969,-684
968,-684
967,-684
966,-684
965,-684
964,-684
963,-684
962,-684
961,-685
960,-685
959,-685
958,-685
957,-685
956,-686
955,-686
954,-686
953,-686
952,-686
951,-687
950,-687
949,-687
948,-687
947,-687
946,-687
945,-688
944,-688
943,-688
942,-688
941,-688
940,-688
939,-689
938,-689
937,-689
936,-690
935,-690
934,-690
933,-690
932,-691
931,-691
930,-691
929,-691
928,-691
927,-692
926,-692
925,-692
924,-692
923,-692
922,-692
921,-692
920,-693
919,-694
918,-694
917,-694
916,-694
915,-694
914,-694
913,-694
912,-694
911,-694
910,-694
909,-695
908,-695
907,-695
906,-695
905,-695
904,-695
903,-695
902,-695
901,-695
900,-695
899,-695
898,-695
897,-695
896,-694
895,-694
894,-694
893,-694
892,-694
891,-693
890,-693
889,-693
888,-693
887,-693
886,-692
885,-692
884,-692
883,-691
882,-691
881,-690
880,-690
879,-689
878,-689
877,-688
876,-688
875,-687
874,-686
873,-686
872,-685
871,-684
870,-684
869,-683
868,-682
867,-682
866,-682
865,-681
864,-680
863,-680
862,-679
861,-679
860,-678
859,-677
858,-677
857,-676
856,-675
855,-675
854,-674
853,-674
852,-673
851,-673
850,-672
849,-672
848,-671
847,-670
846,-670
845,-669
844,-669
843,-668
842,-668
841,-668
840,-667
839,-666
838,-666
837,-666
836,-665
835,-665
834,-664
833,-664
832,-664
831,-663
830,-663
829,-663
828,-662
827,-662
826,-662
825,-661
824,-661
823,-661
822,-660
821,-660
820,-659
819,-659
818,-658
817,-658
816,-658
815,-658
814,-657
813,-657
812,-657
811,-656
810,-656
809,-655
808,-655
807,-655
806,-654
805,-654
804,-654
803,-654
802,-654
801,-654
800,-654
799,-654
798,-654
797,-653
796,-653
795,-653
794,-652
793,-652
792,-651
791,-651
790,-651
789,-651
788,-651
787,-650
786,-650
785,-650
784,-649
783,-649
782,-649
781,-649
780,-649
779,-649
778,-649
777,-649
776,-649
775,-649
774,-649
773,-649
772,-648
771,-648
770,-648
769,-648
768,-648
767,-648
766,-648
765,-648
764,-648
763,-647
762,-647
761,-647
760,-646
759,-646
758,-646
757,-646
756,-646
755,-646
754,-646
753,-646
752,-646
751,-646
750,-646
749,-646
748,-646
747,-646
746,-646
745,-646
744,-646
743,-646
742,-646
741,-646
740,-646
739,-646
738,-646
737,-646
736,-646
735,-646
734,-646
733,-646
732,-646
731,-646
730,-646
729,-646
728,-646
727,-646
726,-646
725,-646
724,-646
723,-646
722,-646
721,-647
720,-647
719,-647
718,-647
717,-647
716,-647
715,-647
714,-647
713,-647
712,-647
711,-647
710,-647
709,-647
708,-647
707,-647
706,-647
705,-647
704,-647
703,-648
702,-648
701,-648
700,-648
699,-648
698,-648
697,-648
696,-648
695,-648
694,-648
693,-648
692,-649
691,-649
690,-649
689,-649
688,-650
687,-650
686,-650
685,-650
684,-650
683,-650
682,-650
681,-650
680,-650
679,-651
678,-651
677,-651
676,-651
675,-652
674,-652
673,-653
672,-653
671,-653
670,-654
669,-654
668,-654
667,-654
666,-654
665,-654
664,-655
663,-655
662,-656
661,-656
660,-657
659,-657
658,-658
657,-658
656,-658
655,-658
654,-659
653,-659
652,-660
651,-660
650,-660
649,-661
648,-661
647,-662
646,-662
645,-662
644,-662
643,-663
642,-664
641,-664
640,-665
639,-665
638,-665
637,-665
636,-666
635,-666
634,-666
633,-667
632,-667
631,-668
630,-668
629,-669
628,-669
627,-669
626,-670
625,-670
624,-671
623,-671
622,-671
621,-672
620,-672
619,-673
618,-673
617,-674
616,-674
615,-675
614,-675
613,-675
612,-676
611,-676
610,-677
609,-677
608,-678
607,-678
606,-679
605,-679
604,-680
603,-681
602,-681
601,-682
600,-682
599,-682
598,-683
597,-683
596,-684
595,-685
594,-685
593,-686
592,-686
591,-687
590,-687
590,-688
589,-689
588,-689
587,-689
586,-690
585,-691
584,-691
583,-692
582,-692
581,-693
580,-694
579,-694
578,-694
578,-695
577,-696
576,-696
575,-697
574,-697
573,-697
572,-697
571,-698
570,-699
569,-700
568,-700
567,-701
566,-701
565,-701
564,-702
563,-703
562,-703
561,-704
560,-704
559,-705
558,-705
557,-706
556,-706
555,-707
554,-707
553,-708
552,-708
551,-709
550,-710
549,-710
548,-711
547,-711
546,-711
545,-712
544,-713
543,-713
542,-714
541,-715
540,-715
539,-716
538,-717
537,-718
536,-718
535,-718
534,-719
533,-720
532,-721
531,-721
530,-722
529,-723
528,-723
527,-724
526,-725
525,-725
524,-726
523,-726
522,-727
521,-727
520,-728
519,-728
518,-729
517,-730
516,-731
515,-731
514,-732
513,-732
512,-733
511,-734
510,-735
509,-736
508,-736
507,-737
506,-737
505,-738
504,-739
503,-740
502,-741
501,-742
500,-743
499,-744
498,-745
497,-746
496,-747
495,-748
494,-748
494,-749
493,-750
492,-751
491,-752
490,-753
489,-754
489,-755
488,-756
487,-757
486,-758
486,-759
485,-760
484,-761
483,-762
482,-763
482,-764
481,-765
481,-766
481,-767
481,-768
481,-769
482,-769
483,-770
483,-771
483,-772
482,-773
482,-774
481,-775
480,-775
480,-776
480,-777
479,-778
479,-779
478,-780
478,-781
477,-782
476,-783
