381,-795
381,-796
381,-797
381,-798
381,-799
381,-800
381,-801
382,-801
383,-801
384,-801
385,-801
386,-801
387,-801
388,-801
389,-801
390,-801
391,-802
392,-802
393,-802
394,-802
395,-802
396,-801
397,-801
398,-800
399,-800
400,-800
401,-800
402,-800
403,-800
404,-800
405,-800
406,-800
407,-800
408,-800
409,-801
410,-801
411,-801
412,-801
413,-802
414,-802
415,-802
416,-802
417,-803
418,-803
419,-803
420,-803
421,-803
422,-803
423,-804
424,-804
425,-804
426,-805
427,-805
428,-805
429,-806
430,-806
431,-806
432,-806
433,-806
434,-806
435,-807
436,-807
437,-808
438,-808
439,-808
440,-808
441,-809
442,-809
443,-809
444,-809
445,-809
446,-809
447,-809
448,-809
449,-810
449,-811
450,-812
450,-813
451,-814
452,-814
453,-815
454,-815
455,-815
456,-815
457,-815
458,-815
459,-815
460,-816
460,-817
461,-817
462,-817
463,-817
464,-817
465,-818
466,-819
467,-820
468,-821
469,-821
470,-821
471,-821
472,-821
473,-822
474,-822
475,-822
476,-823
477,-824
478,-825
479,-825
480,-826
481,-826
482,-826
483,-826
484,-826
485,-827
486,-827
487,-828
488,-828
489,-828
490,-828
491,-829
492,-829
493,-829
494,-830
495,-831
495,-832
495,-833
495,-834
496,-834
497,-834
498,-834
499,-834
500,-835
501,-835
502,-835
503,-835
504,-835
505,-836
506,-836
507,-837
508,-837
509,-837
510,-837
511,-837
512,-838
512,-839
512,-840
513,-840
514,-841
515,-842
516,-842
517,-842
518,-842
519,-842
520,-842
521,-843
521,-844
521,-845
521,-846
522,-846
523,-846
524,-846
525,-846
526,-846
527,-846
528,-846
529,-846
530,-846
531,-847
531,-848
531,-849
532,-849
533,-849
534,-850
535,-850
536,-850
537,-851
538,-851
539,-851
540,-851
541,-851
542,-851
543,-852
543,-853
544,-853
545,-853
546,-854
547,-855
548,-855
549,-855
550,-855
551,-855
552,-855
553,-855
554,-856
555,-856
556,-857
556,-858
557,-858
558,-858
559,-858
560,-858
561,-858
562,-858
563,-859
564,-860
565,-860
566,-861
567,-861
568,-861
569,-861
570,-862
571,-862
572,-862
573,-862
574,-862
575,-863
576,-863
577,-863
578,-863
579,-863
580,-863
581,-863
582,-863
583,-863
584,-864
585,-864
586,-865
587,-865
588,-865
589,-865
590,-866
591,-866
592,-866
593,-866
594,-867
595,-867
596,-867
597,-867
598,-867
599,-868
600,-868
601,-868
602,-868
603,-869
604,-869
605,-869
606,-870
607,-870
608,-870
609,-870
610,-871
611,-871
612,-871
613,-871
614,-871
615,-871
616,-871
617,-872
618,-872
619,-872
620,-872
621,-873
622,-873
623,-873
624,-873
625,-873
626,-873
627,-874
628,-874
629,-874
630,-874
631,-874
632,-874
633,-874
634,-874
635,-874
636,-875
637,-875
638,-875
639,-875
640,-875
641,-876
642,-876
643,-876
644,-876
645,-876
646,-876
647,-876
648,-876
649,-876
650,-876
651,-876
652,-876
653,-876
654,-876
655,-876
656,-876
657,-877
658,-877
659,-877
660,-877
661,-877
662,-877
663,-877
664,-877
665,-877
666,-877
667,-877
668,-877
669,-877
670,-877
671,-877
672,-877
673,-877
674,-877
675,-877
676,-877
677,-877
678,-877
679,-877
680,-877
681,-877
682,-877
683,-877
684,-877
685,-877
686,-877
687,-877
688,-876
689,-876
690,-876
691,-876
692,-876
693,-876
694,-875
695,-875
696,-875
697,-875
698,-875
699,-875
700,-875
701,-874
702,-874
703,-874
704,-874
705,-874
706,-873
707,-873
708,-873
709,-873
710,-873
711,-873
712,-873
713,-872
714,-872
715,-872
716,-872
717,-871
718,-871
719,-871
720,-871
721,-871
722,-871
723,-870
724,-870
725,-870
726,-870
727,-870
728,-869
729,-869
730,-869
731,-868
732,-868
733,-868
734,-868
735,-867
736,-867
737,-867
738,-867
739,-867
740,-867
741,-866
742,-866
743,-865
744,-865
745,-865
746,-865
747,-865
748,-864
749,-864
750,-863
751,-863
752,-863
753,-862
754,-862
755,-862
756,-862
757,-862
758,-862
759,-862
760,-862
761,-862
762,-861
763,-860
764,-860
765,-860
766,-860
767,-859
768,-858
769,-858
770,-858
771,-858
772,-858
773,-858
774,-857
775,-856
776,-856
777,-855
778,-855
779,-855
780,-855
781,-855
782,-854
783,-854
784,-854
785,-854
786,-853
787,-852
788,-852
789,-851
790,-851
791,-851
792,-850
793,-850
794,-850
795,-849
796,-849
797,-848
798,-848
799,-848
800,-847
801,-847
802,-847
803,-847
804,-846
805,-845
806,-844
806,-843
807,-842
808,-842
809,-841
810,-841
811,-840
812,-840
813,-840
814,-840
815,-840
816,-839
817,-839
818,-839
818,-838
819,-837
820,-837
821,-837
822,-837
823,-836
824,-836
825,-835
826,-835
827,-834
828,-834
829,-834
830,-834
831,-833
832,-832
833,-831
834,-831
835,-831
836,-831
837,-830
838,-830
838,-829
838,-828
839,-827
840,-826
841,-825
842,-824
843,-824
844,-824
845,-824
845,-823
846,-822
847,-822
848,-822
849,-822
850,-822
851,-821
852,-820
853,-820
853,-819
854,-818
855,-818
856,-818
856,-817
856,-816
857,-815
858,-815
859,-815
860,-815
861,-814
862,-814
863,-813
864,-813
864,-812
864,-811
865,-810
866,-810
866,-809
866,-808
867,-807
868,-807
869,-807
870,-807
871,-806
872,-805
873,-804
874,-803
875,-803
876,-803
877,-802
878,-801
879,-801
880,-800
881,-800
881,-799
882,-798
883,-797
884,-797
885,-796
885,-795
886,-794
887,-793
888,-793
889,-793
890,-792
890,-791
891,-790
892,-790
893,-789
894,-788
894,-787
895,-786
896,-786
896,-785
897,-784
898,-784
899,-783
900,-782
901,-781
902,-780
903,-779
904,-778
905,-778
906,-777
907,-777
908,-777
909,-776
910,-775
911,-775
912,-774
913,-773
914,-773
915,-772
916,-772
917,-771
918,-770
919,-770
920,-769
921,-769
922,-769
923,-768
924,-768
925,-768
926,-768
927,-768
928,-768
929,-768
930,-768
931,-768
932,-768
933,-768
934,-769
934,-770
935,-770
936,-771
937,-772
938,-772
939,-772
940,-773
940,-774
941,-775
941,-776
941,-777
941,-778
942,-778
943,-778
944,-778
945,-779
946,-780
946,-781
947,-781
948,-781
949,-782
950,-782
951,-782
952,-783
953,-783
954,-783
955,-783
956,-783
957,-783
958,-783
959,-783
960,-783
961,-784
962,-784
963,-784
964,-785
965,-786
966,-786
967,-786
968,-786
969,-786
970,-786
971,-786
972,-786
973,-786
974,-786
975,-787
976,-787
977,-787
978,-788
979,-788
980,-788
981,-788
982,-788
983,-789
984,-789
985,-789
986,-790
987,-790
988,-790
989,-790
990,-790
991,-790
992,-790
993,-790
994,-790
995,-790
996,-790
997,-790
998,-790
999,-790
1000,-790
1001,-791
1002,-791
1003,-791
1004,-792
1005,-792
1006,-792
1007,-792
1008,-792
1009,-792
1010,-792
1011,-792
1012,-791
1013,-791
1014,-791
1015,-791
1016,-791
1017,-791
1018,-791
1019,-791
1020,-791
1021,-791
1022,-791
1023,-791
1024,-791
1025,-790
1026,-790
1027,-790
1028,-790
1029,-790
1030,-790
1031,-790
1032,-790
1033,-790
1034,-790
1035,-790
1036,-790
1037,-790
1038,-790
1039,-790
1040,-790
1041,-790
1042,-790
1043,-790
1044,-790
1045,-790
1046,-790
1047,-790
1048,-790
1049,-790
1050,-790
1051,-790
1052,-790
1053,-790
1054,-790
1055,-790
1056,-790
1057,-790
1058,-790
1059,-790
1060,-790
1061,-790
1062,-790
1063,-790
1064,-790
1065,-790
1066,-790
1067,-790
1068,-790
1069,-790
1070,-790
1071,-790
1072,-790
1073,-790
1074,-790
1075,-790
1076,-790
1077,-789
1078,-789
1079,-789
1080,-789
1081,-789
1082,-789
1083,-789
1084,-789
1085,-789
1086,-789
1087,-789
1088,-789
1089,-788
1090,-788
1091,-787
1092,-787
1093,-787
1094,-787
1095,-787
1096,-787
1097,-787
1098,-787
1099,-787
1100,-787
1101,-786
1102,-786
1103,-786
1103,-785
1103,-784
1104,-783
1105,-782
1106,-782
1107,-782
1108,-782
1108,-781
1109,-780
1110,-780
1111,-780
1112,-780
1113,-779
1114,-778
1115,-778
1116,-778
1116,-777
1116,-776
1116,-775
1117,-774
1118,-774
1119,-774
1120,-774
1121,-774
1121,-773
1121,-772
1121,-771
1121,-770
1120,-770
1119,-769
1119,-768
1118,-767
1117,-766
1116,-765
1116,-764
1116,-763
1116,-762
1116,-761
1116,-760
1116,-759
1116,-758
1115,-758
1114,-758
1113,-758
1112,-757
1112,-756
1112,-755
1112,-754
1112,-753
1112,-752
1112,-751
1112,-750
1113,-749
1113,-748
1113,-747
1113,-746
1113,-745
1112,-744
1112,-743
1111,-742
1110,-741
1109,-740
1109,-739
1108,-738
1108,-737
1107,-737
1106,-736
1106,-735
1106,-734
1106,-733
1106,-732
1106,-731
1106,-730
1106,-729
1106,-728
1106,-727
1106,-726
1105,-725
1104,-724
1104,-723
1104,-722
1104,-721
1104,-720
1104,-719
1103,-718
1102,-717
1102,-716
1101,-715
1100,-714
1099,-714
1098,-714
1097,-714
1096,-714
1095,-714
1094,-714
1093,-714
1092,-714
1091,-714
1090,-714
1089,-714
1088,-714
1087,-714
1086,-714
1085,-714
1084,-714
1083,-714
1082,-714
1081,-714
1080,-714
1079,-714
1078,-714
1077,-714
1076,-714
1075,-714
1074,-713
1073,-713
1072,-713
1071,-713
1070,-713
1069,-713
1068,-713
1067,-713
1066,-713
1065,-713
1064,-713
1063,-713
1062,-713
1061,-713
1060,-713
1059,-713
1058,-713
1057,-713
1056,-713
1055,-713
1054,-713
1053,-712
1052,-712
1051,-712
1050,-712
1049,-712
1048,-712
1047,-711
1046,-711
1045,-711
1044,-711
1043,-711
1042,-711
1041,-711
1040,-711
1039,-711
1038,-711
1037,-711
1036,-711
1035,-711
1034,-711
1033,-711
1032,-711
1031,-711
1030,-711
1029,-711
1028,-710
1027,-710
1026,-710
1025,-710
1024,-710
1023,-710
1022,-710
1021,-709
1020,-709
1019,-709
1018,-709
1017,-709
1016,-709
1015,-709
1014,-709
1013,-708
1012,-708
1011,-708
1010,-708
1009,-708
1008,-708
1007,-708
1006,-708
1005,-708
1004,-708
1003,-708
1002,-708
1001,-708
1000,-708
999,-708
998,-708
997,-707
996,-707
995,-707
994,-707
993,-707
992,-707
991,-707
990,-707
989,-706
988,-706
987,-706
986,-706
985,-706
984,-706
983,-706
982,-706
981,-706
980,-706
979,-707
978,-707
977,-707
976,-707
975,-707
974,-706
974,-705
973,-705
972,-705
971,-705
970,-705
969,-704
968,-704
967,-704
966,-704
965,-704
964,-704
963,-704
962,-703
961,-703
960,-703
959,-703
958,-703
957,-703
956,-702
955,-702
954,-702
953,-702
952,-701
951,-701
950,-701
949,-701
948,-701
947,-701
946,-701
945,-700
944,-700
943,-700
942,-699
941,-699
940,-699
939,-699
938,-698
937,-698
936,-698
935,-698
934,-697
933,-697
932,-697
931,-697
930,-696
929,-696
928,-696
927,-695
926,-695
925,-695
924,-694
923,-694
922,-694
921,-693
920,-693
919,-693
918,-693
917,-692
916,-692
915,-692
914,-691
913,-691
912,-690
911,-690
910,-689
909,-689
908,-688
907,-688
906,-687
905,-687
904,-686
903,-686
902,-686
901,-685
900,-684
899,-683
898,-683
897,-682
896,-681
895,-681
894,-680
893,-679
892,-678
891,-678
890,-677
889,-677
888,-676
887,-675
886,-675
885,-674
884,-673
883,-673
882,-672
881,-672
880,-671
879,-670
878,-669
877,-668
876,-668
875,-667
874,-667
873,-667
872,-666
871,-665
870,-664
869,-663
868,-663
867,-662
866,-661
865,-661
864,-661
863,-660
862,-659
861,-659
860,-658
859,-658
858,-657
857,-657
856,-656
855,-656
854,-655
853,-655
852,-654
851,-653
850,-653
849,-652
848,-652
847,-652
846,-651
845,-650
844,-650
843,-650
842,-649
841,-649
840,-648
839,-648
838,-648
837,-647
836,-647
835,-646
834,-646
833,-646
832,-645
831,-645
830,-645
829,-644
828,-644
827,-643
826,-643
825,-643
824,-643
823,-642
822,-642
821,-642
820,-641
819,-641
818,-640
817,-639
816,-639
815,-639
814,-638
813,-638
812,-638
811,-637
810,-637
809,-637
808,-637
807,-636
806,-636
805,-635
804,-635
803,-635
802,-635
801,-634
800,-634
799,-634
798,-634
797,-634
796,-634
795,-633
794,-633
793,-633
792,-633
791,-633
790,-632
789,-632
788,-632
787,-632
786,-632
785,-631
784,-631
783,-631
782,-631
781,-630
780,-630
779,-630
778,-630
777,-630
776,-630
775,-630
774,-629
773,-629
772,-629
771,-629
770,-629
769,-629
768,-628
767,-628
766,-628
765,-628
764,-628
763,-628
762,-627
761,-627
760,-627
759,-627
758,-627
757,-627
756,-627
755,-626
754,-626
753,-626
752,-626
751,-626
750,-626
749,-625
748,-625
747,-625
746,-625
745,-625
744,-625
743,-625
742,-625
741,-625
740,-625
739,-625
738,-625
737,-625
736,-625
735,-625
734,-625
733,-625
732,-625
731,-625
730,-625
729,-625
728,-625
727,-625
726,-625
725,-625
724,-624
723,-624
722,-624
721,-624
720,-624
719,-624
718,-624
717,-625
716,-625
715,-625
714,-625
713,-625
712,-625
711,-626
710,-626
709,-626
708,-626
707,-626
706,-626
705,-626
704,-626
703,-626
702,-626
701,-626
700,-626
699,-626
698,-626
697,-626
696,-626
695,-626
694,-626
693,-626
692,-626
691,-626
690,-626
689,-627
688,-627
687,-627
686,-627
685,-627
684,-627
683,-627
682,-627
681,-628
680,-628
679,-628
678,-628
677,-628
676,-628
675,-629
674,-629
673,-629
672,-629
671,-629
670,-629
669,-629
668,-630
667,-630
666,-630
665,-630
664,-630
663,-630
662,-630
661,-631
660,-631
659,-631
658,-632
657,-632
656,-633
655,-633
654,-633
653,-633
652,-633
651,-634
650,-634
649,-634
648,-634
647,-635
646,-635
645,-635
644,-635
643,-635
642,-636
641,-636
640,-636
639,-636
638,-637
637,-637
636,-637
635,-638
634,-638
633,-638
632,-638
631,-638
630,-639
629,-639
628,-639
627,-639
626,-640
625,-640
624,-640
623,-640
622,-641
621,-641
620,-642
619,-642
618,-642
617,-643
616,-643
615,-643
614,-644
613,-644
612,-644
611,-644
610,-645
609,-646
608,-646
607,-646
606,-646
605,-647
604,-647
603,-647
602,-647
601,-648
600,-648
599,-649
598,-649
597,-649
596,-649
595,-649
594,-649
594,-650
593,-651
592,-651
591,-651
590,-651
589,-652
588,-652
587,-652
586,-653
585,-653
584,-654
583,-654
582,-654
581,-655
580,-655
579,-655
578,-656
577,-657
576,-657
575,-658
574,-658
573,-658
572,-658
571,-659
570,-660
569,-660
568,-660
567,-661
566,-661
565,-661
564,-662
563,-662
562,-663
561,-664
560,-664
559,-665
558,-665
557,-665
556,-665
555,-666
554,-666
553,-666
552,-667
551,-668
550,-668
549,-669
548,-670
547,-670
546,-670
545,-670
544,-671
543,-672
542,-672
541,-673
540,-674
539,-674
538,-674
537,-674
536,-675
535,-676
534,-677
533,-677
532,-678
531,-678
530,-679
529,-679
528,-680
527,-681
526,-681
525,-681
524,-682
523,-683
522,-683
521,-683
521,-684
520,-685
519,-685
518,-686
517,-687
516,-688
515,-688
514,-688
513,-689
512,-689
511,-690
510,-690
509,-691
508,-692
507,-693
506,-693
505,-694
504,-695
503,-696
502,-696
501,-697
500,-697
499,-698
498,-699
497,-700
496,-701
495,-701
494,-702
493,-702
492,-703
491,-703
490,-704
489,-705
488,-705
487,-705
486,-706
485,-706
484,-707
483,-708
482,-709
481,-709
480,-710
479,-710
479,-711
478,-712
477,-712
476,-713
475,-714
474,-714
473,-715
472,-716
471,-717
470,-717
469,-718
468,-719
467,-719
466,-720
465,-721
464,-721
463,-722
462,-723
461,-724
460,-724
459,-725
458,-726
457,-726
456,-727
455,-727
454,-728
453,-729
452,-729
451,-730
450,-730
449,-731
448,-732
447,-732
446,-733
445,-734
444,-734
443,-735
442,-736
441,-736
440,-737
439,-738
438,-738
437,-739
436,-740
435,-740
434,-741
433,-742
432,-742
431,-743
430,-744
429,-744
428,-745
427,-746
426,-747
425,-747
424,-748
423,-749
422,-749
421,-750
420,-751
419,-752
418,-753
417,-753
416,-754
415,-755
414,-756
413,-757
412,-758
411,-759
410,-759
409,-760
408,-761
407,-762
406,-763
405,-764
404,-765
403,-766
402,-767
401,-768
400,-769
399,-770
399,-771
398,-772
397,-773
396,-774
396,-775
395,-776
394,-777
394,-778
393,-779
393,-780
393,-781
393,-782
393,-783
393,-784
393,-785
393,-786
392,-787
391,-787
390,-787
389,-787
388,-787
387,-787
386,-787
385,-787
384,-788
384,-789
384,-790
384,-791
383,-792
383,-793
383,-794
382,-795
381,-795
