392,-775
392,-776
392,-777
392,-778
392,-779
392,-780
392,-781
392,-782
392,-783
392,-784
393,-785
393,-786
393,-787
394,-788
395,-788
396,-789
397,-790
397,-791
398,-792
399,-792
400,-792
401,-793
402,-794
403,-795
404,-795
405,-796
406,-796
407,-797
407,-798
408,-798
409,-798
410,-799
410,-800
411,-800
412,-800
413,-800
414,-801
415,-801
416,-802
417,-802
418,-803
419,-803
420,-803
421,-804
422,-805
423,-805
424,-806
425,-806
426,-807
427,-807
428,-807
429,-807
430,-807
431,-808
432,-809
432,-810
433,-810
434,-810
435,-810
436,-810
437,-811
438,-811
439,-811
440,-811
441,-811
442,-811
443,-811
444,-812
445,-812
446,-812
447,-813
448,-813
449,-814
450,-814
451,-814
452,-814
453,-815
454,-815
455,-815
456,-816
457,-817
458,-817
459,-817
460,-817
461,-817
462,-817
463,-818
464,-818
465,-818
466,-819
467,-819
468,-820
469,-820
470,-820
471,-821
472,-821
473,-822
474,-822
475,-822
476,-822
477,-823
478,-824
478,-825
479,-825
480,-825
481,-825
482,-826
483,-826
484,-826
485,-827
486,-827
487,-827
488,-828
489,-829
490,-829
491,-830
492,-830
493,-831
494,-831
495,-832
496,-832
497,-833
498,-833
499,-833
500,-834
500,-835
501,-835
502,-835
503,-835
504,-836
505,-836
506,-836
507,-836
508,-837
509,-837
510,-838
511,-839
512,-839
513,-839
514,-840
514,-841
515,-841
516,-841
517,-841
518,-842
519,-842
520,-842
521,-842
522,-843
523,-843
524,-844
525,-844
526,-844
527,-845
527,-846
528,-846
529,-846
530,-847
531,-847
532,-847
533,-848
534,-848
535,-848
536,-848
537,-849
537,-850
538,-850
539,-851
540,-852
541,-853
542,-853
543,-853
544,-853
545,-853
546,-853
547,-854
548,-854
549,-855
550,-855
551,-856
552,-856
553,-857
554,-857
555,-857
556,-857
557,-857
558,-858
559,-859
560,-860
561,-860
562,-860
563,-860
564,-861
565,-861
566,-861
567,-862
567,-863
568,-863
569,-863
570,-863
571,-863
572,-864
573,-864
574,-864
575,-865
576,-865
577,-865
578,-865
579,-865
580,-866
581,-866
582,-866
583,-867
584,-867
585,-867
586,-867
587,-867
588,-868
589,-868
590,-868
591,-868
592,-868
593,-869
594,-869
595,-869
596,-870
597,-870
598,-870
599,-870
600,-870
601,-870
602,-871
603,-871
604,-871
605,-871
606,-872
607,-872
608,-872
609,-872
610,-872
611,-872
612,-872
613,-872
614,-872
615,-873
616,-873
617,-873
618,-873
619,-873
620,-874
621,-874
622,-874
623,-874
624,-874
625,-874
626,-875
626,-876
627,-876
628,-876
629,-876
630,-876
631,-876
632,-877
633,-877
634,-877
635,-877
636,-877
637,-877
638,-877
639,-877
640,-877
641,-877
642,-877
643,-877
644,-877
645,-877
646,-877
647,-877
648,-878
649,-878
650,-878
651,-878
652,-878
653,-878
654,-878
655,-878
656,-878
657,-878
658,-878
659,-878
660,-878
661,-878
662,-878
663,-878
664,-878
665,-878
666,-878
667,-878
668,-878
669,-878
670,-878
671,-878
672,-878
673,-878
674,-878
675,-878
676,-878
677,-878
678,-878
679,-878
680,-879
681,-879
682,-879
683,-879
684,-879
685,-879
686,-879
687,-878
688,-878
689,-878
690,-878
691,-878
692,-878
693,-878
694,-878
695,-877
696,-877
697,-877
698,-877
699,-877
700,-876
701,-876
702,-876
703,-876
704,-876
705,-876
706,-875
707,-875
708,-875
709,-874
710,-874
711,-874
712,-874
713,-874
714,-874
715,-874
716,-873
717,-873
718,-873
719,-873
720,-873
721,-873
722,-873
723,-872
724,-872
725,-872
726,-872
727,-871
728,-871
729,-870
730,-870
731,-870
732,-870
733,-870
734,-869
735,-869
736,-869
737,-868
738,-868
739,-868
740,-867
741,-867
742,-867
743,-867
744,-866
745,-865
746,-865
747,-865
748,-865
749,-865
750,-865
751,-865
752,-864
753,-863
754,-863
755,-863
756,-862
757,-862
758,-862
759,-861
760,-861
761,-861
762,-861
763,-860
764,-860
765,-859
766,-859
767,-859
768,-858
769,-858
770,-858
771,-858
772,-857
773,-857
774,-856
775,-856
776,-855
777,-855
778,-854
779,-854
780,-854
781,-853
782,-853
783,-852
784,-852
785,-852
786,-851
787,-851
788,-851
789,-850
790,-850
791,-850
792,-849
793,-849
794,-848
795,-847
796,-847
797,-847
798,-847
799,-846
800,-846
801,-846
802,-845
803,-845
804,-844
805,-844
806,-843
807,-842
808,-842
809,-842
810,-842
810,-841
811,-840
812,-840
813,-840
814,-840
815,-839
816,-839
817,-838
818,-838
819,-837
820,-837
821,-837
822,-836
823,-835
824,-835
825,-834
826,-834
827,-834
828,-833
829,-833
830,-833
831,-832
831,-831
832,-830
833,-830
834,-830
835,-829
836,-829
837,-828
838,-828
839,-827
840,-827
841,-826
842,-826
843,-826
844,-826
845,-826
846,-826
847,-826
848,-826
849,-826
850,-826
850,-825
850,-824
850,-823
850,-822
850,-821
849,-820
849,-819
849,-818
850,-817
851,-816
852,-816
853,-815
854,-815
855,-815
856,-815
857,-815
858,-815
858,-814
859,-813
860,-812
861,-812
862,-811
862,-810
863,-809
864,-809
864,-808
864,-807
865,-806
866,-806
867,-806
868,-806
869,-805
870,-805
870,-804
871,-803
871,-802
872,-801
873,-800
874,-800
875,-800
876,-799
876,-798
876,-797
877,-796
878,-796
879,-796
880,-796
881,-796
881,-795
882,-794
883,-793
883,-792
883,-791
884,-790
885,-790
886,-790
887,-789
888,-789
888,-788
889,-787
890,-787
891,-787
892,-787
892,-786
893,-785
894,-785
895,-784
896,-784
897,-783
898,-782
899,-781
900,-781
901,-780
902,-780
903,-780
904,-780
905,-780
906,-779
907,-779
908,-779
909,-779
910,-779
910,-778
911,-777
912,-777
913,-776
914,-776
915,-776
916,-776
917,-776
918,-776
918,-775
919,-774
920,-774
921,-774
922,-774
923,-774
923,-773
924,-772
925,-772
925,-771
926,-770
927,-770
927,-769
928,-768
929,-768
930,-767
931,-767
932,-767
933,-767
934,-767
935,-766
936,-766
937,-765
938,-765
939,-765
940,-764
941,-763
941,-762
942,-761
943,-761
944,-761
945,-761
946,-761
947,-761
948,-760
949,-760
950,-760
951,-759
952,-758
953,-758
953,-757
954,-756
955,-756
956,-756
957,-756
958,-756
959,-756
960,-756
961,-756
962,-755
963,-755
964,-755
965,-755
966,-754
967,-754
968,-753
969,-753
970,-752
971,-752
972,-751
973,-751
974,-751
975,-750
976,-750
977,-750
978,-749
979,-749
980,-749
981,-749
982,-749
983,-749
984,-748
985,-748
986,-747
987,-747
988,-747
989,-746
990,-746
991,-746
992,-746
993,-746
994,-746
995,-746
996,-746
997,-746
998,-746
999,-746
1000,-746
1001,-746
1001,-745
1002,-744
1003,-744
1004,-744
1005,-744
1006,-744
1007,-744
1008,-744
1009,-743
1010,-743
1011,-743
1012,-743
1013,-743
1014,-743
1015,-742
1016,-742
1017,-742
1018,-742
1019,-742
1020,-742
1021,-742
1022,-742
1023,-742
1024,-742
1025,-741
1026,-741
1027,-741
1028,-741
1029,-741
1030,-741
1031,-741
1032,-741
1033,-740
1034,-740
1035,-740
1036,-740
1037,-740
1038,-740
1039,-740
1040,-740
1041,-740
1042,-740
1043,-740
1044,-740
1045,-739
1046,-739
1047,-738
1048,-738
1049,-738
1050,-738
1051,-738
1052,-738
1053,-738
1054,-737
1055,-737
1056,-737
1057,-737
1058,-737
1059,-737
1060,-737
1061,-737
1062,-737
1063,-737
1064,-737
1065,-737
1066,-737
1067,-737
1068,-737
1069,-737
1070,-737
1071,-736
1072,-736
1073,-736
1074,-736
1075,-736
1076,-736
1077,-736
1078,-736
1079,-735
1080,-735
1081,-735
1082,-735
1083,-735
1084,-735
1085,-735
1086,-735
1087,-735
1088,-735
1089,-734
1090,-734
1091,-734
1092,-734
1093,-734
1094,-734
1095,-734
1096,-734
1097,-734
1098,-733
1099,-732
1099,-731
1099,-730
1099,-729
1100,-728
1100,-727
1101,-726
1102,-725
1102,-724
1103,-723
1104,-722
1104,-721
1104,-720
1104,-719
1105,-718
1105,-717
1106,-716
1106,-715
1106,-714
1106,-713
1106,-712
1106,-711
1105,-711
1104,-710
1104,-709
1104,-708
1104,-707
1103,-706
1103,-705
1103,-704
1103,-703
1104,-702
1104,-701
1104,-700
1104,-699
1105,-698
1105,-697
1105,-696
1105,-695
1106,-694
1107,-693
1107,-692
1107,-691
1108,-690
1109,-689
1109,-688
1109,-687
1110,-686
1110,-685
1110,-684
1110,-683
1110,-682
1110,-681
1109,-681
1108,-681
1107,-681
1106,-681
1105,-681
1104,-681
1103,-681
1102,-680
1101,-680
1100,-680
1099,-680
1098,-680
1097,-680
1096,-680
1095,-680
1094,-680
1093,-680
1092,-680
1091,-680
1090,-680
1089,-680
1088,-680
1087,-680
1086,-680
1085,-680
1084,-680
1083,-680
1082,-680
1081,-680
1080,-680
1079,-680
1078,-680
1077,-680
1076,-680
1075,-680
1074,-681
1073,-681
1072,-681
1071,-681
1070,-681
1069,-681
1068,-681
1067,-681
1066,-681
1065,-681
1064,-681
1063,-681
1062,-681
1061,-681
1060,-681
1059,-681
1058,-681
1057,-681
1056,-682
1055,-682
1054,-682
1053,-682
1052,-682
1051,-682
1050,-682
1049,-682
1048,-682
1047,-682
1046,-682
1045,-682
1044,-682
1043,-682
1042,-682
1041,-682
1040,-683
1039,-683
1038,-683
1037,-683
1036,-683
1035,-683
1034,-683
1033,-683
1032,-683
1031,-683
1030,-683
1029,-683
1028,-683
1027,-683
1026,-683
1025,-683
1024,-683
1023,-684
1022,-684
1021,-684
1020,-684
1019,-684
1018,-684
1017,-684
1016,-684
1015,-684
1014,-684
1013,-684
1012,-684
1011,-684
1010,-684
1009,-685
1008,-685
1007,-685
1006,-685
1005,-685
1004,-685
1003,-685
1002,-685
1001,-686
1000,-686
999,-686
998,-686
997,-686
996,-686
995,-687
994,-687
993,-687
992,-687
991,-688
990,-689
989,-689
988,-689
987,-689
986,-690
985,-690
984,-691
983,-691
982,-691
981,-691
980,-691
979,-691
978,-691
977,-691
976,-691
975,-692
974,-692
973,-692
972,-692
971,-692
970,-692
969,-692
968,-691
968,-690
968,-689
968,-688
967,-688
966,-688
965,-688
964,-688
963,-688
962,-688
961,-688
960,-688
959,-688
958,-688
957,-687
956,-687
955,-687
954,-687
953,-687
952,-687
951,-687
950,-687
949,-687
948,-687
947,-686
946,-686
945,-686
944,-686
943,-686
942,-686
941,-686
940,-686
939,-686
938,-686
937,-686
936,-686
935,-686
934,-686
933,-686
932,-686
931,-686
930,-686
929,-686
928,-686
927,-686
926,-686
925,-686
924,-686
923,-685
922,-685
921,-685
920,-685
919,-685
918,-685
917,-685
916,-685
915,-684
914,-684
913,-684
912,-684
911,-683
910,-683
909,-683
908,-682
907,-682
906,-682
905,-681
904,-681
903,-681
902,-680
901,-680
900,-680
899,-679
898,-679
897,-679
896,-678
895,-678
894,-678
893,-677
892,-676
891,-676
890,-675
889,-675
888,-674
887,-673
886,-673
885,-672
884,-672
883,-671
882,-670
881,-669
880,-669
879,-668
878,-668
877,-667
876,-666
875,-666
874,-665
873,-664
872,-664
871,-663
870,-663
869,-662
868,-661
867,-661
866,-660
865,-659
864,-659
863,-658
862,-657
861,-657
860,-657
859,-656
858,-656
857,-655
856,-655
855,-654
854,-654
853,-653
852,-653
851,-652
850,-652
849,-651
848,-651
847,-651
846,-650
845,-649
844,-649
843,-649
842,-648
841,-648
840,-648
839,-647
838,-647
837,-646
836,-645
835,-645
834,-645
833,-644
832,-644
831,-644
830,-643
829,-643
828,-642
827,-642
826,-642
825,-642
824,-641
823,-641
822,-640
821,-640
820,-640
819,-639
818,-639
817,-639
816,-639
815,-638
814,-638
813,-637
812,-637
811,-637
810,-637
809,-637
808,-637
807,-637
806,-637
805,-637
804,-636
803,-635
802,-635
801,-635
800,-635
799,-635
798,-635
797,-634
796,-634
795,-634
794,-634
793,-634
792,-633
791,-632
790,-632
789,-632
788,-632
787,-631
786,-631
785,-630
784,-630
783,-630
782,-629
781,-629
780,-629
779,-629
778,-629
777,-629
776,-628
775,-628
774,-628
773,-628
772,-627
771,-627
770,-627
769,-627
768,-626
767,-626
766,-625
765,-625
764,-625
763,-625
762,-625
761,-625
760,-625
759,-625
758,-625
757,-625
756,-625
755,-625
754,-625
753,-625
752,-625
751,-625
750,-625
749,-625
748,-625
747,-625
746,-625
745,-625
744,-625
743,-625
742,-624
741,-624
740,-624
739,-624
738,-624
737,-624
736,-624
735,-624
734,-624
733,-624
732,-624
731,-624
730,-624
729,-624
728,-624
727,-624
726,-624
725,-624
724,-624
723,-624
722,-624
721,-624
720,-624
719,-624
718,-624
717,-623
716,-623
715,-623
714,-623
713,-623
712,-623
711,-623
710,-623
709,-623
708,-624
707,-624
706,-624
705,-624
704,-624
703,-624
702,-624
701,-624
700,-623
699,-623
698,-623
697,-623
696,-623
695,-623
694,-624
693,-624
692,-624
691,-624
690,-624
689,-624
688,-624
687,-624
686,-624
685,-624
684,-624
683,-624
682,-624
681,-625
680,-625
679,-625
678,-625
677,-625
676,-625
675,-625
674,-625
673,-625
672,-625
671,-625
670,-625
669,-625
668,-625
667,-626
666,-626
665,-626
664,-626
663,-626
662,-626
661,-626
660,-626
659,-627
658,-627
657,-627
656,-627
655,-628
654,-628
653,-628
652,-628
651,-628
650,-628
649,-628
648,-629
647,-629
646,-629
645,-629
644,-629
643,-630
642,-630
641,-630
640,-630
639,-630
638,-631
637,-631
636,-631
635,-631
634,-632
633,-632
632,-632
631,-633
630,-633
629,-633
628,-634
627,-634
626,-634
625,-635
624,-635
623,-635
622,-636
621,-636
620,-636
619,-636
618,-637
617,-637
616,-637
615,-637
614,-638
613,-638
612,-639
611,-639
610,-639
609,-640
608,-640
607,-640
606,-641
605,-641
604,-641
603,-641
602,-641
601,-642
600,-642
599,-642
598,-643
597,-643
596,-644
595,-644
594,-644
593,-645
592,-645
591,-645
590,-646
589,-646
588,-647
587,-647
586,-648
585,-648
584,-649
583,-649
582,-650
581,-650
580,-650
579,-651
578,-652
577,-652
576,-652
575,-653
574,-654
573,-655
572,-655
571,-655
570,-656
569,-656
568,-657
567,-657
566,-658
565,-658
564,-659
563,-659
562,-660
561,-660
560,-661
559,-661
558,-661
557,-662
556,-662
555,-663
554,-663
553,-664
552,-664
551,-665
550,-665
549,-666
548,-667
547,-667
546,-668
545,-668
544,-669
543,-669
542,-670
541,-671
540,-671
539,-672
538,-672
537,-673
536,-673
535,-674
534,-674
533,-675
532,-676
531,-677
530,-677
529,-677
528,-678
527,-678
526,-679
525,-680
524,-681
523,-681
522,-682
521,-682
520,-683
519,-683
518,-684
517,-684
516,-685
515,-686
514,-686
513,-687
512,-688
511,-689
511,-690
510,-691
509,-691
508,-692
507,-692
506,-692
505,-693
504,-693
503,-694
502,-695
501,-696
500,-696
499,-697
498,-698
497,-699
496,-699
496,-700
495,-701
494,-702
493,-702
492,-703
491,-704
490,-704
489,-705
488,-705
487,-706
486,-707
485,-708
484,-709
483,-709
482,-710
481,-711
480,-712
479,-712
478,-712
477,-713
476,-714
475,-714
474,-715
473,-716
472,-717
471,-717
470,-718
469,-719
468,-720
467,-721
466,-721
465,-722
464,-722
463,-723
462,-724
461,-725
460,-726
459,-727
458,-728
457,-729
456,-729
455,-730
454,-730
453,-731
452,-732
451,-732
450,-733
449,-734
448,-735
447,-736
446,-736
445,-737
444,-737
443,-738
442,-739
441,-740
440,-741
439,-742
438,-742
437,-743
436,-743
435,-744
434,-745
433,-745
432,-746
431,-747
430,-748
429,-748
428,-749
427,-750
426,-750
425,-751
424,-751
423,-752
422,-753
421,-753
420,-754
419,-754
418,-755
417,-756
416,-757
415,-758
414,-758
413,-759
412,-760
411,-760
410,-761
409,-762
408,-763
407,-764
406,-764
405,-765
404,-765
403,-766
402,-767
401,-768
400,-768
399,-769
398,-769
397,-770
396,-770
395,-771
394,-772
393,-773
393,-774
392,-775
