450,-661
450,-662
450,-663
450,-664
450,-665
451,-666
451,-667
451,-668
451,-669
451,-670
451,-671
452,-671
453,-671
454,-671
455,-671
456,-671
457,-671
458,-672
459,-672
460,-672
461,-672
462,-673
463,-673
464,-673
465,-673
466,-673
467,-673
468,-674
469,-674
470,-674
471,-675
472,-675
473,-676
474,-676
475,-676
476,-676
477,-676
478,-676
479,-676
480,-677
481,-677
482,-678
483,-678
484,-678
485,-678
486,-679
487,-679
488,-679
489,-679
490,-679
491,-679
492,-680
493,-680
494,-680
495,-681
496,-681
497,-681
498,-682
499,-682
500,-682
501,-682
502,-683
503,-683
504,-684
505,-684
506,-684
507,-684
508,-685
509,-685
510,-685
511,-686
512,-686
513,-687
514,-687
515,-687
516,-688
517,-688
518,-688
519,-688
520,-688
521,-689
522,-690
523,-690
524,-690
525,-690
526,-691
527,-691
528,-692
528,-693
529,-693
530,-694
531,-694
532,-694
533,-694
534,-694
535,-694
536,-695
537,-695
538,-695
539,-696
540,-697
541,-697
542,-697
543,-698
544,-698
545,-698
546,-698
547,-699
547,-700
548,-700
549,-701
550,-702
551,-702
552,-703
553,-703
554,-703
555,-703
556,-703
557,-703
558,-704
558,-705
559,-705
560,-705
561,-706
562,-707
563,-707
564,-707
565,-707
566,-707
567,-708
568,-708
569,-708
570,-709
570,-710
571,-711
572,-711
573,-712
574,-712
575,-712
576,-713
576,-714
577,-714
578,-715
579,-715
580,-715
581,-716
582,-716
583,-717
584,-717
585,-718
586,-719
587,-720
588,-720
589,-721
589,-722
590,-722
591,-723
591,-724
592,-725
593,-726
593,-727
593,-728
594,-729
595,-730
596,-730
597,-731
597,-732
598,-732
599,-733
600,-733
601,-733
602,-734
602,-735
603,-736
604,-736
605,-737
606,-738
606,-739
607,-739
608,-740
608,-741
609,-742
610,-743
611,-744
612,-745
612,-746
613,-747
614,-748
614,-749
615,-750
615,-751
616,-751
617,-752
618,-753
619,-754
619,-755
619,-756
620,-757
621,-758
622,-759
623,-760
624,-761
625,-762
625,-763
626,-764
627,-765
627,-766
628,-766
629,-767
630,-768
631,-769
632,-770
632,-771
633,-772
633,-773
634,-773
635,-774
636,-774
637,-775
637,-776
638,-777
639,-778
640,-779
641,-780
641,-781
642,-781
643,-781
644,-782
644,-783
645,-783
646,-784
647,-785
648,-786
648,-787
648,-788
649,-789
650,-790
651,-790
652,-790
653,-790
654,-791
654,-792
655,-792
656,-793
656,-794
657,-794
658,-795
658,-796
659,-797
659,-798
660,-798
661,-799
662,-800
663,-800
664,-800
665,-801
665,-802
666,-803
667,-804
667,-805
668,-806
669,-806
670,-807
671,-807
672,-808
672,-809
673,-809
674,-809
675,-809
676,-809
677,-810
677,-811
677,-812
678,-813
679,-813
680,-813
681,-813
682,-813
683,-814
684,-815
684,-816
684,-817
685,-817
686,-817
687,-817
688,-817
689,-817
690,-817
691,-818
692,-818
693,-819
693,-820
693,-821
694,-821
695,-821
696,-821
697,-822
697,-823
697,-824
698,-824
699,-824
700,-825
701,-825
702,-825
703,-825
704,-826
705,-826
706,-826
707,-827
708,-828
708,-829
709,-829
710,-829
711,-829
712,-829
713,-829
714,-829
715,-830
715,-831
715,-832
716,-832
717,-832
718,-832
719,-833
719,-834
720,-834
721,-834
722,-834
723,-835
723,-836
724,-836
725,-836
726,-837
727,-838
728,-838
729,-838
730,-838
731,-838
732,-838
733,-838
734,-839
734,-840
735,-841
736,-841
737,-841
738,-841
739,-841
740,-841
741,-841
742,-841
743,-842
744,-842
745,-842
746,-843
746,-844
746,-845
747,-845
748,-845
749,-846
750,-846
751,-847
752,-847
753,-848
754,-848
755,-848
756,-849
757,-849
758,-849
759,-849
760,-849
761,-849
762,-849
763,-849
764,-849
765,-849
766,-849
767,-849
768,-850
769,-851
769,-852
770,-853
771,-853
772,-853
773,-854
774,-854
775,-854
776,-854
777,-855
778,-855
779,-855
780,-855
781,-856
782,-856
783,-857
784,-857
785,-857
786,-857
787,-857
788,-857
789,-858
790,-858
791,-858
792,-858
793,-858
794,-858
795,-858
796,-859
797,-859
798,-860
799,-860
800,-860
801,-860
802,-860
803,-861
804,-861
805,-861
806,-861
807,-861
808,-861
809,-861
810,-861
811,-861
812,-862
812,-863
813,-863
814,-863
815,-863
816,-863
817,-863
818,-863
819,-863
820,-863
821,-864
822,-864
823,-865
824,-865
825,-865
826,-865
827,-865
828,-865
829,-865
830,-865
831,-864
832,-864
833,-864
834,-865
835,-865
836,-865
837,-865
838,-865
839,-865
840,-865
841,-865
842,-865
843,-865
844,-865
845,-865
846,-865
847,-865
848,-865
849,-865
850,-865
851,-865
852,-865
853,-865
854,-865
855,-865
856,-865
857,-865
858,-865
859,-865
860,-865
861,-865
862,-865
863,-865
864,-865
865,-865
866,-865
867,-865
868,-864
869,-864
870,-864
871,-864
872,-864
873,-864
874,-864
875,-864
876,-864
877,-864
878,-864
879,-864
880,-864
881,-864
882,-863
883,-863
884,-863
885,-863
886,-863
887,-863
888,-863
889,-863
890,-862
891,-862
892,-862
893,-862
894,-862
895,-862
896,-862
897,-862
898,-862
899,-862
900,-862
901,-862
902,-862
903,-862
904,-862
905,-862
906,-862
907,-862
908,-862
909,-862
910,-862
911,-862
912,-862
913,-862
914,-862
915,-862
916,-862
917,-862
918,-862
919,-862
920,-862
921,-862
922,-862
923,-862
924,-861
925,-861
926,-861
927,-861
928,-861
929,-861
930,-861
931,-861
932,-861
933,-861
933,-860
934,-859
935,-858
936,-858
937,-858
938,-858
939,-858
940,-858
941,-858
942,-858
943,-858
944,-858
945,-858
946,-858
947,-858
948,-858
949,-858
950,-857
951,-857
952,-857
953,-857
954,-856
955,-856
956,-856
957,-856
958,-856
959,-856
960,-855
961,-855
962,-854
963,-854
964,-854
965,-854
966,-854
967,-854
968,-854
969,-854
970,-854
971,-854
972,-854
973,-854
974,-854
975,-854
976,-854
977,-854
978,-853
979,-853
980,-853
981,-853
982,-853
983,-853
983,-852
984,-851
985,-851
986,-851
987,-851
988,-850
989,-850
990,-850
991,-850
992,-850
993,-850
994,-850
995,-850
995,-849
996,-848
997,-848
998,-848
999,-848
1000,-848
1001,-848
1002,-848
1003,-848
1004,-848
1005,-848
1006,-848
1006,-847
1007,-846
1008,-846
1009,-846
1010,-847
1011,-847
1012,-847
1013,-847
1014,-848
1015,-848
1016,-848
1017,-848
1018,-848
1019,-848
1020,-847
1021,-847
1022,-847
1023,-847
1024,-847
1025,-847
1026,-847
1027,-847
1028,-847
1029,-847
1030,-847
1031,-846
1032,-845
1033,-845
1034,-845
1035,-845
1036,-845
1037,-844
1038,-844
1039,-844
1040,-844
1041,-844
1042,-844
1043,-844
1044,-844
1045,-844
1046,-843
1047,-843
1048,-842
1049,-842
1049,-841
1049,-840
1049,-839
1049,-838
1049,-837
1050,-836
1051,-836
1051,-835
1051,-834
1051,-833
1051,-832
1051,-831
1051,-830
1050,-829
1050,-828
1050,-827
1050,-826
1050,-825
1049,-825
1048,-824
1047,-824
1046,-823
1046,-822
1045,-821
1044,-821
1043,-821
1042,-820
1041,-820
1040,-819
1040,-818
1040,-817
1040,-816
1040,-815
1041,-814
1042,-813
1043,-812
1044,-811
1045,-811
1046,-810
1046,-809
1046,-808
1046,-807
1046,-806
1045,-805
1045,-804
1044,-803
1044,-802
1043,-801
1042,-801
1041,-800
1040,-799
1040,-798
1039,-797
1038,-797
1037,-796
1036,-795
1036,-794
1035,-793
1034,-792
1033,-791
1032,-790
1031,-789
1030,-788
1029,-787
1028,-786
1027,-785
1026,-784
1025,-783
1024,-782
1023,-781
1022,-780
1021,-779
1020,-778
1019,-777
1018,-776
1017,-775
1016,-774
1015,-773
1015,-772
1014,-771
1013,-770
1012,-769
1011,-769
1010,-768
1010,-767
1009,-767
1008,-766
1008,-765
1007,-764
1006,-763
1005,-762
1004,-761
1003,-760
1002,-759
1001,-758
1000,-757
999,-756
998,-755
997,-754
996,-754
995,-753
995,-752
994,-752
993,-751
992,-750
991,-749
991,-748
990,-748
989,-747
988,-747
987,-746
987,-745
986,-744
985,-743
984,-742
983,-741
982,-741
981,-740
980,-739
979,-738
978,-738
977,-738
976,-737
975,-737
974,-736
974,-735
974,-734
973,-734
972,-733
971,-733
970,-732
970,-731
969,-730
968,-729
967,-728
966,-727
965,-726
964,-726
963,-725
962,-725
961,-724
960,-723
959,-722
958,-722
957,-721
956,-721
955,-720
954,-719
953,-718
952,-717
951,-716
950,-716
949,-715
948,-715
947,-714
946,-713
945,-712
944,-712
943,-711
942,-710
941,-710
940,-709
939,-708
938,-708
937,-707
936,-706
935,-706
934,-705
933,-704
932,-703
931,-703
930,-703
929,-702
928,-702
927,-701
926,-700
925,-699
924,-699
923,-698
922,-698
921,-697
920,-697
919,-696
918,-695
917,-695
916,-694
915,-694
914,-693
913,-692
912,-691
911,-691
910,-690
909,-689
908,-689
907,-688
906,-687
905,-686
904,-686
903,-686
902,-685
901,-685
900,-684
899,-683
898,-683
897,-682
896,-682
895,-682
894,-681
893,-681
892,-680
892,-679
891,-678
890,-678
889,-677
888,-677
887,-677
886,-676
885,-675
884,-675
883,-675
882,-674
881,-674
880,-673
879,-673
878,-672
877,-671
876,-671
875,-671
874,-670
873,-670
872,-669
871,-669
870,-669
869,-669
868,-668
867,-668
866,-668
865,-668
864,-667
863,-667
862,-667
861,-666
860,-665
859,-665
858,-664
857,-663
856,-663
855,-662
854,-662
853,-662
852,-661
851,-661
850,-661
849,-661
848,-661
847,-661
846,-660
846,-659
845,-658
844,-658
843,-658
842,-658
841,-658
840,-657
839,-657
838,-656
837,-656
836,-655
835,-655
834,-655
833,-654
832,-654
831,-654
830,-654
829,-653
828,-653
827,-653
826,-652
825,-652
824,-652
823,-651
822,-651
821,-651
820,-650
819,-650
818,-650
817,-650
816,-650
815,-650
814,-650
813,-650
812,-649
811,-649
810,-649
809,-648
809,-647
808,-647
807,-647
806,-647
805,-647
804,-647
803,-646
802,-646
801,-646
800,-645
799,-645
798,-645
797,-645
796,-645
795,-645
794,-645
793,-644
792,-644
791,-644
790,-643
789,-643
788,-643
787,-643
786,-643
785,-642
784,-642
783,-642
782,-642
781,-642
780,-642
779,-642
778,-641
777,-641
776,-641
775,-641
774,-641
773,-641
772,-641
771,-641
770,-641
769,-641
768,-641
767,-641
766,-641
765,-641
764,-641
763,-641
762,-641
761,-640
760,-640
759,-639
758,-639
757,-639
756,-639
755,-639
754,-639
753,-638
752,-638
751,-638
750,-638
749,-638
748,-638
747,-638
746,-638
745,-637
744,-637
743,-637
742,-637
741,-637
740,-637
739,-637
738,-637
737,-637
736,-638
735,-638
734,-638
733,-638
732,-638
731,-638
730,-638
729,-638
728,-638
727,-638
726,-638
725,-638
724,-638
723,-638
722,-638
721,-638
720,-638
719,-638
718,-638
717,-638
716,-638
715,-638
714,-638
713,-638
712,-638
711,-638
710,-638
709,-638
708,-638
707,-638
706,-639
705,-639
704,-639
703,-639
702,-639
701,-640
700,-640
699,-640
698,-640
697,-641
696,-641
695,-641
694,-641
693,-641
692,-642
691,-642
690,-642
689,-642
688,-642
687,-642
686,-642
685,-643
684,-643
683,-643
682,-643
681,-643
680,-643
679,-644
678,-644
677,-644
676,-645
675,-645
674,-645
673,-645
672,-645
671,-646
670,-646
669,-646
668,-646
667,-647
666,-647
665,-647
664,-648
663,-648
662,-648
661,-649
660,-649
659,-649
658,-649
657,-650
656,-651
655,-651
654,-651
653,-651
652,-652
651,-652
650,-653
649,-653
648,-653
647,-654
646,-654
645,-654
644,-655
643,-655
642,-656
641,-657
640,-657
639,-658
638,-658
637,-658
636,-659
635,-659
634,-660
633,-660
632,-660
631,-661
630,-661
629,-661
628,-661
627,-662
626,-662
625,-662
624,-662
623,-663
622,-663
621,-663
620,-664
619,-664
618,-664
617,-665
616,-665
615,-665
614,-665
613,-665
612,-665
611,-665
610,-665
609,-665
608,-665
607,-665
606,-665
605,-665
604,-665
603,-665
602,-665
601,-664
600,-664
599,-664
598,-664
597,-663
596,-663
595,-663
594,-663
593,-663
592,-663
591,-663
590,-663
589,-663
588,-663
587,-663
586,-663
585,-663
584,-663
583,-663
582,-663
581,-663
580,-663
579,-663
578,-662
577,-662
576,-662
575,-662
574,-662
573,-662
572,-662
571,-661
570,-661
569,-661
568,-661
567,-661
566,-661
565,-660
564,-660
563,-660
562,-660
561,-660
560,-660
559,-659
558,-659
557,-659
556,-659
555,-659
554,-658
553,-658
552,-658
551,-658
550,-658
549,-657
548,-657
547,-657
546,-657
545,-656
544,-656
543,-656
542,-656
541,-656
540,-656
539,-655
538,-655
537,-655
536,-655
535,-655
534,-654
533,-654
532,-654
531,-654
530,-654
529,-653
528,-653
527,-653
526,-653
525,-653
524,-652
523,-652
522,-652
521,-652
520,-652
519,-651
518,-651
517,-651
516,-651
515,-650
514,-650
513,-650
512,-650
511,-650
510,-649
509,-649
508,-649
507,-649
506,-649
505,-649
504,-648
503,-648
502,-648
501,-648
500,-647
499,-647
498,-647
497,-647
496,-647
495,-646
494,-646
493,-646
492,-646
491,-646
490,-646
489,-646
488,-645
487,-645
486,-645
485,-645
484,-645
483,-645
482,-645
481,-644
480,-644
479,-644
478,-644
477,-644
476,-644
475,-644
474,-644
473,-643
472,-643
471,-643
470,-643
469,-643
468,-643
467,-642
466,-642
465,-642
464,-642
463,-642
462,-642
461,-642
460,-642
459,-642
458,-641
457,-641
456,-641
455,-641
454,-641
454,-642
454,-643
454,-644
454,-645
454,-646
454,-647
454,-648
454,-649
454,-650
453,-651
453,-652
453,-653
453,-654
453,-655
453,-656
453,-657
452,-658
451,-658
451,-659
451,-660
450,-661
