444,-975
444,-976
444,-977
444,-978
444,-979
444,-980
444,-981
444,-982
444,-983
444,-984
444,-985
444,-986
444,-987
444,-988
444,-989
444,-990
444,-991
444,-992
444,-993
444,-994
444,-995
444,-996
444,-997
444,-998
444,-999
444,-1000
444,-1001
444,-1002
444,-1003
444,-1004
444,-1005
444,-1006
444,-1007
444,-1008
444,-1009
444,-1010
444,-1011
444,-1012
444,-1013
445,-1014
445,-1015
445,-1016
446,-1017
446,-1018
447,-1018
448,-1019
449,-1019
450,-1019
451,-1019
452,-1019
453,-1018
454,-1018
454,-1017
455,-1016
456,-1016
457,-1016
458,-1016
459,-1016
460,-1015
461,-1015
462,-1015
463,-1015
464,-1015
465,-1015
466,-1015
467,-1015
468,-1014
469,-1014
470,-1014
470,-1013
471,-1012
472,-1012
473,-1012
474,-1011
475,-1011
476,-1011
477,-1011
478,-1011
479,-1010
480,-1010
481,-1009
482,-1009
483,-1009
484,-1009
484,-1008
485,-1007
486,-1007
487,-1007
488,-1007
489,-1006
490,-1006
491,-1005
492,-1005
493,-1005
494,-1005
495,-1004
495,-1003
496,-1002
497,-1002
498,-1002
499,-1002
500,-1001
501,-1001
502,-1001
503,-1001
504,-1000
505,-999
506,-999
507,-998
508,-998
509,-998
510,-998
511,-998
512,-997
513,-997
514,-996
515,-996
516,-996
517,-996
518,-996
519,-996
520,-996
521,-995
522,-994
523,-994
524,-994
525,-994
526,-993
527,-993
528,-993
529,-992
530,-992
531,-992
532,-992
533,-992
534,-992
535,-991
535,-990
535,-989
536,-988
537,-987
538,-986
539,-986
540,-986
541,-987
541,-988
542,-988
543,-988
544,-988
545,-988
546,-988
547,-988
548,-988
549,-988
550,-987
551,-987
552,-986
553,-986
554,-985
555,-985
556,-985
557,-984
557,-983
557,-982
557,-981
558,-980
559,-979
560,-979
561,-979
562,-979
563,-979
564,-979
565,-979
566,-979
567,-980
568,-980
569,-980
570,-980
571,-980
572,-980
572,-979
572,-978
572,-977
573,-976
574,-976
575,-976
576,-976
577,-976
578,-977
579,-977
580,-977
581,-977
582,-977
583,-976
584,-976
585,-975
586,-975
587,-975
588,-974
589,-974
589,-973
590,-972
591,-972
592,-972
593,-972
594,-972
595,-972
596,-971
596,-970
596,-969
597,-968
598,-968
599,-968
600,-968
601,-968
602,-968
603,-968
604,-968
605,-967
605,-966
606,-965
607,-964
608,-964
609,-964
610,-964
611,-964
612,-964
613,-964
614,-964
615,-964
616,-964
616,-963
616,-962
617,-961
618,-961
619,-961
620,-961
621,-961
622,-961
623,-960
624,-959
625,-959
626,-959
627,-958
628,-958
629,-957
630,-957
631,-956
632,-956
633,-956
633,-955
633,-954
633,-953
634,-952
635,-952
636,-952
637,-952
638,-952
639,-952
640,-952
641,-951
642,-951
642,-950
643,-949
644,-949
645,-949
646,-949
647,-949
648,-949
648,-948
648,-947
648,-946
649,-945
650,-945
651,-945
652,-945
653,-944
653,-943
654,-942
655,-941
656,-941
657,-941
658,-941
659,-941
660,-940
661,-940
662,-940
662,-939
663,-938
664,-937
665,-937
666,-937
667,-936
668,-936
669,-936
670,-935
671,-934
672,-934
673,-933
674,-932
675,-932
676,-931
677,-931
678,-931
678,-930
678,-929
679,-928
680,-928
681,-928
682,-927
683,-927
684,-927
685,-927
685,-926
686,-925
687,-925
688,-924
689,-924
690,-924
690,-923
691,-922
692,-922
693,-921
694,-921
695,-921
696,-920
697,-920
697,-919
698,-918
699,-918
700,-918
700,-917
700,-916
701,-915
702,-915
702,-914
703,-913
704,-913
705,-913
706,-912
707,-912
708,-912
708,-911
708,-910
709,-909
710,-909
711,-909
712,-908
713,-907
713,-906
714,-905
715,-905
716,-905
717,-904
718,-904
719,-904
719,-903
719,-902
720,-901
721,-900
722,-899
723,-898
724,-898
725,-897
726,-896
727,-895
728,-894
729,-893
730,-892
731,-892
732,-892
732,-891
733,-890
734,-890
734,-889
735,-888
736,-888
736,-887
737,-886
738,-885
739,-884
740,-883
741,-882
742,-882
743,-882
743,-881
743,-880
744,-879
745,-878
746,-878
747,-877
748,-877
749,-876
750,-875
750,-874
751,-873
752,-872
753,-871
754,-870
755,-869
756,-868
757,-867
758,-866
759,-865
760,-864
761,-863
762,-862
763,-861
764,-860
765,-859
766,-858
767,-857
767,-856
768,-855
769,-854
770,-853
771,-852
772,-851
773,-850
774,-849
775,-848
775,-847
776,-846
777,-845
778,-844
779,-843
779,-842
780,-841
781,-841
781,-840
782,-839
783,-838
783,-837
783,-836
784,-835
785,-835
785,-834
785,-833
786,-832
787,-832
788,-831
789,-830
790,-830
790,-829
791,-828
792,-827
792,-826
793,-825
794,-824
794,-823
794,-822
794,-821
795,-820
796,-820
797,-820
798,-820
798,-819
798,-818
799,-817
800,-817
800,-816
800,-815
800,-814
801,-813
802,-813
803,-812
804,-811
804,-810
804,-809
805,-808
806,-808
806,-807
807,-806
808,-806
808,-805
809,-804
809,-803
810,-802
811,-802
811,-801
811,-800
812,-799
813,-798
814,-797
814,-796
815,-795
816,-794
816,-793
817,-792
818,-791
819,-790
819,-789
819,-788
820,-787
821,-786
822,-785
822,-784
823,-783
823,-782
824,-781
825,-780
826,-779
826,-778
827,-777
827,-776
828,-775
829,-774
829,-773
830,-772
830,-771
831,-770
832,-769
833,-768
833,-767
833,-766
834,-765
835,-764
836,-763
836,-762
836,-761
836,-760
836,-759
836,-758
836,-757
837,-756
838,-756
839,-756
839,-755
840,-754
840,-753
841,-752
841,-751
841,-750
842,-749
842,-748
843,-747
843,-746
843,-745
844,-744
844,-743
844,-742
845,-741
845,-740
845,-739
846,-738
847,-737
847,-736
847,-735
848,-734
848,-733
848,-732
848,-731
849,-730
850,-729
850,-728
850,-727
850,-726
850,-725
851,-724
851,-723
851,-722
851,-721
852,-720
852,-719
853,-718
853,-717
853,-716
853,-715
854,-714
854,-713
854,-712
855,-711
856,-710
856,-709
856,-708
856,-707
856,-706
856,-705
857,-704
857,-703
857,-702
857,-701
857,-700
858,-699
858,-698
858,-697
858,-696
859,-695
859,-694
859,-693
860,-692
860,-691
860,-690
860,-689
860,-688
860,-687
860,-686
861,-685
861,-684
861,-683
861,-682
861,-681
861,-680
862,-679
862,-678
862,-677
862,-676
862,-675
862,-674
862,-673
863,-672
863,-671
863,-670
864,-669
864,-668
864,-667
864,-666
864,-665
863,-664
863,-663
862,-663
861,-663
860,-662
860,-661
860,-660
860,-659
861,-658
862,-658
863,-658
864,-658
865,-658
866,-658
867,-657
867,-656
867,-655
867,-654
868,-653
869,-652
869,-651
869,-650
869,-649
870,-648
870,-647
870,-646
871,-645
871,-644
871,-643
872,-642
873,-641
873,-640
873,-639
874,-638
874,-637
875,-636
875,-635
876,-634
877,-633
878,-633
879,-632
880,-632
881,-632
882,-632
883,-632
884,-632
885,-632
886,-632
887,-633
888,-633
889,-633
890,-633
891,-634
892,-634
893,-634
894,-634
895,-634
896,-634
897,-634
898,-634
899,-634
900,-634
901,-634
902,-633
903,-632
904,-632
905,-632
906,-632
907,-631
908,-631
909,-630
910,-630
911,-630
912,-630
913,-629
914,-629
915,-628
916,-628
917,-627
918,-626
919,-625
920,-625
921,-625
922,-624
923,-624
924,-623
925,-623
926,-623
927,-622
928,-622
929,-622
930,-621
930,-620
931,-619
932,-618
933,-618
933,-617
934,-616
935,-615
936,-615
937,-615
938,-614
938,-613
939,-612
940,-612
941,-612
942,-612
942,-611
942,-610
943,-609
944,-609
945,-609
946,-609
947,-609
948,-609
948,-608
948,-607
948,-606
948,-605
948,-604
948,-603
948,-602
948,-601
949,-600
950,-599
951,-599
952,-599
953,-599
954,-598
955,-598
956,-598
957,-598
957,-597
957,-596
958,-595
959,-595
960,-595
961,-595
962,-595
963,-595
964,-595
965,-595
966,-594
966,-593
966,-592
967,-591
968,-591
969,-591
970,-591
971,-591
972,-591
973,-591
974,-591
975,-590
976,-590
977,-590
978,-590
979,-590
980,-590
981,-590
982,-590
982,-589
983,-588
984,-588
985,-587
986,-587
987,-586
988,-586
989,-586
989,-585
989,-584
990,-583
991,-583
992,-583
993,-583
994,-583
995,-582
996,-581
997,-580
998,-580
999,-580
1000,-580
1001,-579
1002,-579
1003,-579
1004,-578
1005,-578
1006,-578
1007,-578
1008,-578
1009,-578
1010,-578
1010,-577
1011,-576
1012,-576
1013,-576
1013,-575
1013,-574
1013,-573
1013,-572
1014,-571
1015,-571
1016,-571
1017,-571
1018,-571
1019,-571
1020,-571
1020,-570
1021,-569
1021,-568
1021,-567
1022,-566
1023,-566
1024,-566
1025,-566
1026,-566
1027,-566
1027,-565
1027,-564
1028,-563
1029,-563
1030,-563
1031,-562
1032,-561
1033,-561
1034,-560
1034,-559
1034,-558
1035,-557
1036,-557
1037,-556
1038,-556
1039,-555
1039,-554
1040,-553
1041,-553
1041,-552
1041,-551
1041,-550
1041,-549
1041,-548
1041,-547
1041,-546
1042,-545
1043,-544
1043,-543
1043,-542
1043,-541
1043,-540
1043,-539
1043,-538
1043,-537
1043,-536
1043,-535
1043,-534
1043,-533
1043,-532
1043,-531
1043,-530
1043,-529
1044,-528
1044,-527
1044,-526
1044,-525
1044,-524
1045,-523
1045,-522
1045,-521
1045,-520
1045,-519
1045,-518
1045,-517
1045,-516
1046,-515
1047,-514
1048,-513
1049,-512
1050,-512
1051,-511
1052,-511
1053,-510
1054,-509
1055,-509
1056,-508
1056,-507
1056,-506
1056,-505
1056,-504
1056,-503
1057,-502
1057,-501
1057,-500
1057,-499
1057,-498
1057,-497
1056,-496
1055,-495
1054,-494
1053,-493
1053,-492
1053,-491
1053,-490
1052,-489
1051,-488
1050,-487
1050,-486
1049,-485
1048,-484
1047,-483
1046,-483
1045,-483
1044,-483
1043,-483
1042,-483
1041,-483
1040,-484
1039,-484
1038,-484
1037,-485
1036,-485
1035,-486
1034,-487
1033,-487
1032,-488
1031,-488
1030,-489
1029,-490
1028,-491
1027,-491
1026,-492
1025,-492
1024,-492
1023,-493
1022,-494
1021,-494
1020,-495
1019,-496
1018,-497
1017,-497
1016,-497
1015,-497
1014,-498
1013,-498
1013,-499
1013,-500
1012,-501
1011,-501
1010,-501
1009,-501
1008,-501
1007,-502
1006,-502
1005,-503
1004,-504
1003,-505
1002,-505
1002,-506
1001,-507
1000,-507
999,-507
998,-507
997,-508
996,-508
995,-509
994,-510
994,-511
993,-512
992,-512
991,-513
990,-513
989,-514
988,-514
987,-514
986,-514
985,-514
984,-514
983,-514
982,-514
981,-515
980,-516
979,-516
978,-517
977,-517
976,-518
975,-519
974,-519
973,-519
972,-519
971,-520
970,-520
969,-521
968,-521
967,-522
966,-522
965,-523
964,-524
963,-524
962,-524
961,-524
960,-525
959,-525
958,-525
957,-526
956,-527
955,-527
954,-528
953,-528
952,-529
951,-529
950,-530
949,-530
948,-530
947,-531
946,-532
945,-532
944,-532
943,-533
942,-533
941,-534
940,-534
939,-535
938,-535
937,-535
936,-536
935,-536
934,-537
933,-537
932,-538
931,-538
930,-538
929,-539
928,-539
927,-540
926,-541
925,-541
924,-542
923,-542
922,-542
921,-543
920,-543
919,-543
918,-544
917,-544
916,-545
915,-545
914,-546
913,-546
912,-547
911,-547
910,-548
909,-548
908,-548
907,-549
906,-549
905,-549
904,-550
903,-550
902,-551
901,-551
900,-552
899,-552
898,-553
897,-553
896,-553
895,-554
894,-554
893,-554
892,-555
891,-555
890,-556
889,-556
888,-557
887,-557
886,-557
885,-558
884,-558
883,-559
882,-559
881,-559
880,-559
880,-560
879,-561
878,-561
877,-562
876,-562
875,-562
874,-563
873,-563
872,-564
871,-564
870,-565
869,-565
868,-566
867,-566
866,-567
865,-567
864,-568
863,-568
862,-569
861,-569
860,-569
859,-570
858,-570
857,-571
856,-571
855,-571
854,-572
853,-572
852,-573
851,-573
850,-573
849,-574
848,-574
847,-575
846,-575
845,-575
844,-576
843,-576
842,-576
841,-577
840,-577
839,-577
838,-578
837,-578
836,-578
835,-579
834,-579
833,-580
832,-580
831,-580
830,-580
829,-580
828,-580
827,-581
826,-581
825,-581
824,-581
823,-582
822,-582
821,-582
820,-582
819,-582
818,-582
817,-582
816,-582
815,-582
814,-582
813,-583
812,-583
811,-583
810,-583
809,-583
808,-584
807,-584
806,-584
805,-584
804,-584
803,-584
802,-584
801,-584
800,-584
799,-584
798,-584
797,-584
796,-584
795,-584
794,-584
793,-584
792,-585
791,-585
790,-585
789,-585
788,-584
787,-584
786,-584
785,-584
784,-584
783,-584
782,-585
781,-585
780,-585
779,-585
778,-585
777,-585
776,-585
775,-585
774,-585
773,-585
772,-586
771,-586
770,-586
769,-586
768,-586
767,-586
766,-586
765,-586
764,-586
763,-586
762,-586
761,-586
760,-586
759,-586
758,-586
757,-586
756,-587
755,-587
754,-587
753,-587
752,-587
751,-588
750,-588
749,-588
748,-588
747,-588
746,-588
745,-588
744,-588
743,-589
742,-589
741,-589
740,-589
739,-590
738,-590
737,-590
736,-590
735,-590
734,-590
733,-590
732,-591
731,-591
730,-591
729,-591
728,-591
727,-591
726,-592
725,-592
724,-593
723,-593
722,-593
721,-594
720,-594
719,-595
718,-595
717,-595
716,-596
715,-596
714,-596
713,-597
712,-597
711,-598
710,-598
709,-599
708,-599
707,-599
706,-599
705,-599
704,-600
703,-600
702,-601
701,-601
700,-601
699,-601
698,-602
697,-602
696,-603
695,-603
695,-604
694,-605
693,-605
692,-605
691,-605
690,-605
689,-606
688,-607
687,-607
686,-607
685,-608
684,-608
683,-609
682,-609
681,-610
680,-611
679,-611
678,-612
677,-612
676,-613
675,-613
674,-614
673,-614
672,-615
671,-615
670,-615
669,-616
668,-616
667,-617
666,-617
665,-618
664,-619
663,-619
662,-620
661,-620
660,-620
659,-621
658,-622
657,-622
656,-623
655,-623
654,-624
653,-624
652,-625
651,-625
650,-626
649,-627
648,-627
647,-628
646,-629
645,-629
645,-630
644,-631
643,-631
642,-631
641,-632
640,-632
640,-633
639,-634
638,-634
637,-635
636,-636
635,-636
634,-637
633,-638
632,-639
631,-639
630,-640
629,-640
628,-641
627,-642
626,-643
625,-644
624,-644
623,-645
622,-646
621,-647
620,-647
619,-648
618,-649
617,-650
616,-651
615,-651
614,-652
613,-652
612,-653
611,-654
610,-655
609,-655
608,-656
607,-657
606,-658
605,-659
604,-660
603,-660
602,-660
602,-661
601,-662
600,-663
599,-663
598,-664
597,-664
596,-665
596,-666
595,-667
594,-668
593,-669
592,-670
591,-671
590,-671
589,-672
589,-673
588,-674
587,-675
586,-676
585,-677
584,-677
584,-678
583,-679
582,-680
581,-680
581,-681
580,-682
579,-683
579,-684
578,-685
577,-685
576,-685
575,-685
575,-686
575,-687
574,-688
573,-688
572,-689
572,-690
571,-691
570,-691
570,-692
569,-693
568,-694
567,-695
566,-696
565,-697
564,-698
564,-699
563,-700
562,-701
562,-702
561,-703
560,-704
559,-705
559,-706
558,-707
557,-708
556,-709
556,-710
555,-711
554,-712
553,-713
552,-714
551,-714
551,-715
550,-716
550,-717
549,-718
548,-719
548,-720
547,-721
546,-722
545,-723
544,-724
544,-725
543,-726
542,-727
542,-728
541,-729
540,-730
539,-731
539,-732
539,-733
538,-734
537,-734
537,-735
536,-736
536,-737
535,-738
535,-739
534,-740
533,-741
533,-742
532,-743
531,-744
531,-745
530,-746
529,-747
528,-748
528,-749
527,-750
527,-751
526,-752
525,-753
525,-754
524,-755
523,-756
523,-757
522,-758
521,-759
521,-760
520,-761
519,-762
518,-763
518,-764
518,-765
517,-766
516,-767
515,-768
515,-769
515,-770
514,-771
513,-771
513,-772
512,-773
511,-774
511,-775
510,-776
510,-777
510,-778
509,-779
508,-780
508,-781
507,-782
507,-783
506,-784
505,-785
505,-786
504,-787
504,-788
503,-789
503,-790
503,-791
502,-792
501,-793
501,-794
500,-795
500,-796
500,-797
500,-798
499,-799
499,-800
498,-801
498,-802
497,-803
497,-804
496,-805
496,-806
495,-807
495,-808
495,-809
495,-810
494,-811
493,-812
493,-813
492,-814
492,-815
491,-816
491,-817
491,-818
490,-819
490,-820
489,-821
489,-822
489,-823
488,-824
487,-825
487,-826
487,-827
486,-828
486,-829
485,-830
484,-831
484,-832
483,-833
483,-834
482,-835
481,-836
481,-837
481,-838
480,-839
480,-840
479,-841
479,-842
479,-843
479,-844
478,-845
477,-846
477,-847
477,-848
476,-849
476,-850
476,-851
475,-852
475,-853
475,-854
474,-855
474,-856
473,-857
473,-858
473,-859
472,-860
472,-861
471,-862
471,-863
471,-864
471,-865
470,-866
470,-867
470,-868
469,-869
469,-870
468,-871
468,-872
468,-873
468,-874
467,-875
467,-876
466,-877
466,-878
466,-879
465,-880
465,-881
465,-882
464,-883
464,-884
464,-885
463,-886
463,-887
463,-888
463,-889
462,-890
461,-891
461,-892
460,-893
460,-894
460,-895
460,-896
459,-897
459,-898
459,-899
459,-900
458,-901
458,-902
457,-903
457,-904
457,-905
457,-906
456,-907
456,-908
456,-909
456,-910
456,-911
455,-912
455,-913
455,-914
455,-915
454,-916
454,-917
454,-918
454,-919
454,-920
454,-921
453,-922
453,-923
453,-924
453,-925
453,-926
453,-927
452,-928
452,-929
452,-930
452,-931
452,-932
451,-933
451,-934
451,-935
451,-936
450,-937
450,-938
450,-939
450,-940
450,-941
450,-942
450,-943
450,-944
450,-945
449,-946
449,-947
449,-948
449,-949
449,-950
448,-951
448,-952
448,-953
448,-954
447,-955
447,-956
447,-957
447,-958
447,-959
447,-960
447,-961
447,-962
446,-963
446,-964
446,-965
446,-966
446,-967
446,-968
445,-969
445,-970
445,-971
445,-972
445,-973
445,-974
444,-975
