467,-937
467,-938
467,-939
467,-940
467,-941
467,-942
467,-943
467,-944
467,-945
468,-946
469,-947
470,-947
471,-947
472,-947
473,-947
474,-947
475,-947
476,-948
476,-949
476,-950
477,-950
478,-950
479,-950
480,-950
481,-950
482,-950
483,-951
484,-951
485,-951
486,-951
487,-951
488,-951
489,-951
490,-951
491,-951
492,-951
493,-951
494,-951
495,-951
496,-951
497,-951
498,-951
499,-951
500,-951
501,-951
502,-950
503,-950
504,-950
505,-950
506,-950
507,-950
508,-950
509,-950
510,-950
511,-950
512,-950
513,-950
514,-949
515,-949
516,-949
517,-949
518,-949
519,-948
520,-948
521,-948
522,-948
523,-948
524,-947
525,-946
526,-946
527,-946
528,-946
529,-946
530,-946
531,-946
532,-945
533,-945
534,-945
535,-945
536,-945
537,-944
538,-944
539,-944
540,-944
541,-944
542,-944
543,-943
544,-943
545,-943
546,-943
547,-943
548,-943
549,-942
550,-942
551,-942
552,-942
553,-942
554,-942
555,-941
556,-941
557,-941
558,-941
559,-941
560,-941
561,-940
562,-940
563,-939
564,-939
565,-939
566,-939
567,-938
568,-938
569,-938
570,-938
571,-937
572,-937
573,-937
574,-937
575,-936
576,-936
577,-936
578,-935
579,-935
580,-935
581,-935
582,-935
583,-934
584,-934
585,-933
586,-933
587,-933
588,-933
589,-932
590,-932
591,-932
592,-931
593,-931
594,-930
595,-930
596,-930
597,-930
598,-930
599,-930
600,-929
601,-929
602,-929
603,-929
604,-929
605,-928
606,-928
607,-928
608,-928
609,-928
610,-928
611,-927
612,-927
613,-926
614,-926
615,-926
616,-926
617,-925
618,-925
619,-925
620,-925
621,-924
622,-924
623,-924
624,-923
625,-923
626,-923
627,-922
628,-922
629,-922
630,-922
631,-921
632,-921
633,-921
634,-921
635,-921
636,-920
637,-920
638,-920
639,-920
640,-919
641,-919
642,-919
643,-918
644,-918
645,-918
646,-918
647,-917
648,-917
649,-917
650,-917
650,-916
651,-915
652,-915
653,-915
654,-914
655,-913
656,-913
657,-913
658,-913
659,-913
660,-913
661,-912
662,-912
663,-912
664,-912
664,-911
665,-910
666,-910
667,-909
668,-909
669,-909
670,-908
671,-907
672,-907
673,-907
674,-906
675,-906
676,-905
677,-905
678,-904
679,-903
680,-903
681,-902
682,-902
683,-902
684,-901
685,-901
686,-900
687,-900
688,-899
689,-898
690,-898
691,-898
692,-897
693,-896
694,-896
695,-895
696,-895
697,-894
698,-894
699,-893
700,-893
701,-893
702,-892
703,-891
704,-890
705,-890
706,-889
707,-889
708,-888
708,-887
709,-886
710,-886
711,-886
711,-885
712,-884
713,-884
714,-883
715,-882
716,-882
717,-882
718,-881
719,-880
720,-879
721,-878
722,-877
723,-877
724,-876
725,-876
726,-875
727,-874
728,-874
729,-873
730,-873
731,-872
732,-871
733,-870
734,-870
735,-869
736,-868
737,-867
738,-867
739,-866
740,-865
741,-864
742,-863
743,-863
744,-862
745,-861
746,-861
747,-860
748,-859
749,-858
750,-857
751,-857
752,-856
753,-855
754,-854
755,-853
756,-853
756,-852
757,-851
758,-851
759,-850
760,-850
761,-849
761,-848
762,-847
763,-846
764,-846
765,-846
765,-845
765,-844
766,-843
767,-843
768,-843
768,-842
769,-841
769,-840
770,-839
771,-838
772,-838
773,-837
774,-836
774,-835
774,-834
775,-833
776,-833
777,-832
778,-831
779,-830
780,-830
781,-829
782,-828
783,-828
784,-827
785,-826
785,-825
786,-824
786,-823
787,-822
788,-822
789,-821
790,-820
791,-819
791,-818
792,-817
793,-817
793,-816
794,-815
795,-814
796,-814
797,-814
797,-813
798,-812
799,-811
800,-811
800,-810
801,-809
801,-808
801,-807
802,-806
803,-805
803,-804
804,-803
805,-803
805,-802
806,-801
807,-800
808,-800
809,-799
810,-798
811,-797
812,-797
812,-796
812,-795
812,-794
812,-793
813,-792
814,-791
815,-791
815,-790
816,-789
817,-789
818,-788
818,-787
818,-786
819,-785
820,-785
820,-784
820,-783
821,-782
822,-782
823,-781
824,-781
824,-780
825,-779
826,-778
826,-777
826,-776
827,-775
828,-775
829,-774
830,-774
830,-773
830,-772
831,-771
831,-770
831,-769
831,-768
832,-767
833,-767
834,-767
834,-766
834,-765
834,-764
834,-763
834,-762
834,-761
834,-760
833,-759
833,-758
833,-757
833,-756
832,-755
832,-754
832,-753
832,-752
833,-751
834,-751
834,-750
834,-749
835,-748
835,-747
836,-746
836,-745
836,-744
837,-743
837,-742
837,-741
838,-740
838,-739
839,-738
839,-737
839,-736
840,-735
840,-734
840,-733
840,-732
840,-731
840,-730
840,-729
840,-728
839,-728
838,-728
837,-727
836,-727
835,-726
834,-725
833,-725
832,-725
831,-724
831,-723
830,-723
829,-723
828,-723
827,-723
826,-722
826,-721
826,-720
826,-719
826,-718
826,-717
826,-716
825,-716
824,-716
823,-715
823,-714
823,-713
824,-712
825,-712
826,-712
827,-712
828,-712
829,-712
830,-712
831,-712
832,-711
833,-711
834,-711
835,-711
836,-711
837,-712
838,-712
839,-712
840,-712
841,-712
842,-712
843,-712
844,-712
844,-711
845,-710
845,-709
846,-708
847,-707
847,-706
848,-705
849,-705
850,-705
850,-704
851,-703
851,-702
851,-701
851,-700
851,-699
851,-698
852,-697
852,-696
853,-695
854,-694
855,-694
855,-693
856,-692
857,-691
858,-691
859,-690
859,-689
860,-688
861,-687
862,-687
863,-686
863,-685
864,-684
865,-684
866,-683
867,-682
867,-681
867,-680
868,-679
869,-679
870,-679
871,-678
871,-677
871,-676
872,-675
873,-675
873,-674
874,-673
875,-673
876,-672
877,-671
878,-671
878,-670
879,-669
880,-669
881,-668
882,-668
883,-667
883,-666
884,-665
885,-665
886,-664
887,-664
888,-663
889,-663
890,-662
891,-661
892,-660
893,-659
894,-659
895,-658
896,-657
897,-657
898,-656
899,-656
900,-655
901,-655
902,-654
903,-654
903,-653
904,-652
905,-652
906,-651
907,-651
908,-650
909,-649
910,-649
911,-649
912,-648
912,-647
913,-646
914,-646
915,-646
916,-645
917,-645
917,-644
918,-643
919,-643
920,-642
921,-642
922,-641
923,-641
924,-640
925,-639
926,-638
927,-637
928,-637
929,-637
929,-636
930,-635
931,-635
932,-634
933,-634
934,-633
935,-632
936,-632
937,-631
938,-631
938,-630
939,-629
940,-628
941,-628
942,-627
943,-627
944,-627
945,-626
946,-625
947,-624
948,-624
949,-623
950,-622
951,-621
952,-620
953,-620
954,-619
955,-619
955,-618
956,-617
957,-617
958,-616
959,-615
960,-615
961,-615
962,-614
963,-613
964,-612
965,-612
966,-611
967,-610
968,-610
969,-609
970,-609
971,-608
972,-607
973,-607
974,-606
975,-605
976,-605
977,-604
978,-603
979,-603
980,-603
981,-602
982,-602
982,-601
983,-600
984,-599
985,-599
986,-598
987,-598
988,-598
989,-597
990,-596
991,-595
992,-594
993,-594
994,-594
994,-593
995,-592
996,-592
997,-591
998,-590
999,-590
1000,-589
1001,-589
1002,-588
1003,-588
1004,-587
1005,-586
1006,-585
1007,-585
1008,-584
1009,-583
1010,-582
1010,-581
1011,-580
1012,-580
1013,-579
1014,-579
1015,-578
1016,-578
1017,-577
1018,-576
1019,-576
1020,-575
1021,-574
1022,-573
1023,-573
1023,-572
1024,-571
1025,-571
1026,-570
1027,-569
1028,-568
1029,-568
1030,-568
1031,-567
1032,-567
1033,-566
1034,-566
1034,-565
1034,-564
1034,-563
1034,-562
1033,-562
1032,-561
1032,-560
1032,-559
1032,-558
1031,-558
1030,-558
1029,-558
1028,-558
1027,-558
1026,-558
1025,-559
1024,-560
1023,-560
1022,-561
1021,-561
1020,-561
1019,-560
1018,-559
1018,-558
1017,-557
1016,-557
1015,-557
1014,-557
1013,-557
1012,-558
1012,-559
1011,-560
1010,-560
1009,-560
1008,-560
1007,-560
1006,-560
1005,-560
1004,-560
1004,-561
1003,-562
1002,-562
1001,-562
1000,-562
1000,-563
999,-564
998,-564
997,-564
997,-565
996,-566
995,-566
994,-566
993,-567
992,-567
991,-568
990,-568
989,-568
988,-568
987,-568
986,-568
985,-568
984,-568
983,-568
982,-567
981,-567
980,-567
979,-567
978,-567
977,-566
977,-565
977,-564
977,-563
977,-562
977,-561
977,-560
977,-559
977,-558
977,-557
978,-556
979,-556
980,-556
981,-556
982,-556
983,-555
984,-555
984,-554
984,-553
984,-552
984,-551
983,-551
982,-551
981,-551
980,-551
979,-552
978,-552
977,-552
977,-553
977,-554
977,-555
976,-556
975,-556
974,-556
973,-556
972,-556
971,-557
970,-557
969,-557
968,-557
967,-558
966,-559
965,-559
964,-560
963,-560
962,-561
961,-561
961,-562
960,-563
959,-564
958,-564
957,-564
956,-565
955,-566
954,-566
953,-567
952,-568
951,-569
950,-570
949,-570
948,-570
948,-571
947,-572
946,-572
945,-572
944,-573
943,-574
942,-575
941,-575
940,-576
939,-576
938,-577
937,-578
936,-578
935,-579
934,-580
933,-580
932,-581
931,-581
930,-582
929,-583
928,-583
927,-584
926,-585
925,-586
924,-586
923,-587
922,-587
921,-588
920,-588
919,-589
918,-590
917,-591
916,-591
915,-591
915,-592
914,-593
913,-593
912,-594
911,-594
910,-595
909,-596
908,-597
907,-597
906,-597
905,-598
905,-599
904,-600
903,-600
902,-601
901,-601
900,-602
899,-602
898,-603
897,-604
896,-605
895,-605
894,-606
893,-607
892,-607
891,-607
890,-608
890,-609
889,-610
888,-610
887,-610
886,-610
886,-611
885,-612
884,-612
883,-613
882,-614
881,-614
880,-615
879,-615
878,-615
878,-616
878,-617
877,-618
876,-618
875,-618
875,-619
875,-620
874,-621
873,-621
872,-621
872,-622
871,-623
870,-623
869,-623
868,-624
867,-625
866,-625
865,-626
864,-627
863,-627
862,-627
862,-628
861,-629
861,-630
860,-631
859,-631
858,-631
857,-631
856,-631
855,-631
854,-631
853,-631
852,-632
851,-632
851,-633
851,-634
851,-635
850,-636
849,-636
848,-636
847,-637
846,-637
846,-638
845,-639
844,-639
843,-639
842,-639
841,-639
840,-639
839,-639
838,-640
837,-640
836,-640
835,-640
834,-640
833,-640
832,-640
831,-640
830,-640
829,-640
828,-640
827,-641
826,-642
825,-642
824,-643
823,-643
822,-643
822,-644
821,-645
820,-645
819,-645
818,-645
817,-645
816,-645
815,-645
814,-645
813,-645
812,-645
811,-646
810,-646
809,-646
808,-647
807,-648
806,-648
805,-648
804,-648
803,-648
802,-648
801,-648
800,-649
799,-649
798,-649
797,-649
796,-649
795,-649
794,-648
793,-648
792,-648
791,-648
790,-648
789,-648
788,-648
787,-648
786,-649
785,-649
784,-649
783,-648
782,-648
781,-648
780,-648
779,-648
778,-648
777,-648
776,-648
775,-648
774,-648
773,-648
772,-649
771,-649
770,-649
769,-649
768,-649
767,-649
766,-649
765,-649
764,-650
763,-650
762,-650
761,-650
760,-650
759,-650
758,-649
757,-649
756,-649
755,-649
754,-649
753,-649
752,-650
751,-650
750,-650
749,-650
748,-650
747,-650
746,-650
745,-650
744,-650
743,-651
742,-652
741,-652
740,-652
739,-652
738,-652
737,-652
736,-653
735,-653
734,-653
733,-653
732,-653
731,-654
730,-654
729,-654
728,-654
727,-655
726,-655
725,-655
724,-656
723,-656
722,-656
721,-657
720,-657
719,-658
718,-658
717,-658
716,-659
715,-659
714,-659
714,-660
713,-661
712,-661
711,-661
710,-661
709,-661
708,-661
707,-662
706,-662
705,-663
704,-663
703,-664
702,-665
701,-665
700,-665
699,-666
698,-666
697,-666
697,-667
696,-668
695,-668
694,-668
693,-668
692,-669
691,-669
690,-669
689,-669
688,-670
687,-671
686,-671
685,-672
684,-672
684,-673
684,-674
683,-675
682,-675
681,-675
680,-675
679,-675
678,-675
677,-675
676,-676
675,-676
674,-676
673,-676
672,-676
671,-677
670,-677
669,-677
668,-678
667,-678
666,-679
665,-679
664,-680
663,-680
662,-681
661,-681
660,-682
659,-682
658,-683
657,-684
656,-684
655,-685
654,-685
653,-685
652,-686
651,-686
650,-687
649,-687
648,-688
647,-689
646,-689
645,-690
644,-690
643,-691
642,-691
641,-692
640,-693
639,-693
638,-694
637,-695
636,-695
635,-696
634,-696
633,-697
632,-698
631,-699
630,-699
629,-700
628,-700
628,-701
627,-702
626,-703
625,-704
625,-705
624,-706
623,-706
622,-706
621,-707
620,-707
619,-708
618,-709
617,-710
616,-710
615,-711
614,-712
613,-713
612,-714
611,-715
610,-715
609,-716
608,-717
607,-718
606,-719
605,-719
604,-720
603,-721
603,-722
602,-723
601,-724
600,-724
599,-725
598,-725
598,-726
597,-727
596,-728
595,-729
594,-729
594,-730
593,-731
592,-731
591,-732
590,-733
589,-734
588,-735
587,-736
586,-737
585,-738
584,-739
583,-740
582,-741
581,-742
581,-743
580,-744
579,-745
578,-746
577,-747
576,-748
575,-749
574,-750
574,-751
573,-752
572,-753
571,-753
570,-754
569,-755
569,-756
569,-757
568,-758
567,-759
566,-759
566,-760
566,-761
565,-762
564,-763
563,-764
562,-765
561,-766
561,-767
560,-768
559,-768
559,-769
558,-770
557,-770
557,-771
556,-772
556,-773
555,-774
554,-775
554,-776
553,-777
553,-778
552,-779
551,-780
550,-781
550,-782
549,-783
548,-784
547,-784
547,-785
546,-786
545,-787
544,-787
544,-788
544,-789
543,-790
542,-791
542,-792
541,-793
540,-794
539,-795
539,-796
538,-797
537,-798
537,-799
536,-800
535,-801
535,-802
534,-803
534,-804
533,-805
532,-806
531,-807
531,-808
530,-809
530,-810
530,-811
529,-812
528,-812
528,-813
527,-814
527,-815
527,-816
526,-817
525,-818
525,-819
524,-820
523,-821
523,-822
522,-823
522,-824
521,-825
521,-826
520,-827
520,-828
519,-829
518,-830
518,-831
518,-832
517,-833
517,-834
516,-835
515,-835
515,-836
515,-837
515,-838
514,-839
514,-840
514,-841
513,-842
512,-843
511,-844
511,-845
510,-846
510,-847
510,-848
509,-849
509,-850
508,-851
507,-852
507,-853
506,-854
506,-855
506,-856
505,-857
505,-858
504,-859
504,-860
503,-861
503,-862
503,-863
502,-864
501,-865
501,-866
500,-867
500,-868
500,-869
499,-870
499,-871
499,-872
498,-873
497,-874
497,-875
497,-876
496,-877
495,-878
494,-879
494,-880
494,-881
493,-882
493,-883
492,-884
492,-885
491,-886
491,-887
490,-888
490,-889
489,-890
489,-891
488,-892
487,-892
487,-893
487,-894
486,-895
486,-896
486,-897
485,-898
484,-899
484,-900
483,-901
483,-902
482,-903
482,-904
482,-905
482,-906
481,-907
480,-908
480,-909
480,-910
479,-911
479,-912
479,-913
478,-914
478,-915
477,-916
477,-917
476,-918
476,-919
475,-920
474,-921
474,-922
474,-923
473,-924
473,-925
473,-926
472,-927
471,-928
470,-929
470,-930
469,-931
469,-932
469,-933
468,-934
468,-935
468,-936
467,-937
