595,-752
595,-753
595,-754
595,-755
595,-756
596,-757
597,-757
598,-757
599,-757
600,-757
601,-757
602,-756
603,-756
604,-756
605,-756
606,-756
607,-756
608,-756
609,-756
610,-756
611,-756
611,-755
612,-754
613,-754
614,-754
615,-754
616,-754
617,-755
618,-755
619,-755
620,-755
621,-755
622,-756
623,-756
624,-756
625,-756
626,-756
627,-755
628,-755
629,-755
630,-755
631,-755
632,-755
633,-755
634,-755
635,-755
636,-755
637,-755
638,-755
639,-755
640,-755
641,-755
642,-755
643,-755
644,-755
645,-756
646,-756
647,-756
648,-756
649,-757
650,-757
651,-757
652,-757
653,-757
654,-757
655,-757
656,-758
657,-758
658,-758
659,-758
660,-759
661,-759
662,-759
663,-759
664,-760
665,-760
666,-760
667,-761
668,-761
669,-761
670,-761
671,-761
672,-762
673,-762
674,-762
675,-762
676,-763
677,-763
678,-764
678,-765
679,-766
680,-766
681,-767
682,-768
682,-769
683,-770
684,-771
684,-772
685,-773
686,-774
687,-775
688,-776
688,-777
689,-778
690,-779
691,-780
692,-781
692,-782
693,-783
694,-784
695,-784
696,-785
696,-786
697,-786
698,-787
698,-788
699,-789
700,-790
701,-791
702,-792
703,-793
704,-794
705,-794
706,-795
706,-796
707,-796
708,-797
709,-797
710,-797
711,-798
712,-798
713,-799
714,-800
714,-801
715,-801
716,-801
717,-802
718,-803
719,-804
720,-805
721,-805
722,-806
723,-806
724,-806
725,-807
726,-808
727,-809
728,-809
729,-810
730,-810
731,-810
732,-811
733,-811
734,-811
735,-812
736,-812
737,-812
738,-813
739,-813
740,-814
741,-814
742,-814
743,-814
744,-814
745,-815
746,-815
747,-816
748,-816
749,-816
750,-816
751,-817
752,-817
753,-817
754,-818
755,-818
756,-818
757,-818
758,-818
759,-818
760,-818
761,-819
762,-819
763,-819
764,-819
765,-819
766,-820
767,-820
768,-820
769,-820
770,-820
771,-821
772,-821
773,-821
774,-821
775,-821
776,-821
777,-821
778,-821
779,-821
780,-821
781,-821
782,-821
783,-821
784,-821
785,-821
786,-821
787,-821
788,-821
789,-821
790,-821
791,-821
792,-821
793,-821
794,-821
795,-821
796,-821
797,-821
798,-821
799,-821
800,-821
801,-821
802,-821
803,-821
804,-820
805,-820
806,-820
807,-820
808,-820
809,-820
810,-819
811,-819
812,-819
813,-819
814,-819
815,-819
816,-819
817,-818
818,-818
819,-817
820,-816
821,-815
822,-814
823,-814
824,-814
825,-814
826,-814
827,-814
828,-814
829,-814
830,-813
831,-812
832,-812
833,-811
834,-811
835,-811
836,-810
837,-810
838,-810
839,-809
840,-808
841,-808
842,-807
843,-806
844,-806
845,-806
846,-805
847,-805
848,-805
849,-805
850,-804
851,-803
852,-802
853,-802
854,-802
855,-801
856,-801
857,-800
858,-800
859,-799
860,-798
861,-798
862,-798
863,-797
864,-797
865,-796
866,-796
867,-796
868,-796
869,-795
870,-794
871,-794
872,-794
873,-794
874,-793
875,-793
876,-792
877,-792
878,-791
879,-791
880,-791
881,-790
882,-790
883,-789
883,-788
884,-787
885,-787
886,-786
887,-786
888,-786
889,-785
890,-785
890,-784
891,-783
892,-783
893,-782
894,-782
895,-781
896,-780
897,-780
898,-780
899,-780
900,-779
901,-779
902,-779
902,-778
902,-777
903,-776
904,-776
905,-776
905,-775
905,-774
905,-773
905,-772
906,-771
907,-771
907,-770
907,-769
907,-768
907,-767
907,-766
906,-765
906,-764
906,-763
906,-762
906,-761
906,-760
906,-759
905,-758
904,-757
903,-756
903,-755
902,-754
901,-753
900,-752
899,-751
898,-750
898,-749
897,-749
896,-748
896,-747
895,-746
894,-746
893,-745
892,-744
891,-743
891,-742
890,-741
889,-740
888,-739
887,-738
886,-737
886,-736
885,-736
884,-735
883,-735
882,-734
882,-733
881,-733
880,-732
879,-731
879,-730
879,-729
878,-728
877,-728
876,-727
875,-726
874,-725
873,-724
872,-724
871,-723
870,-722
870,-721
869,-721
868,-720
867,-719
866,-718
865,-718
864,-718
863,-717
862,-716
861,-715
861,-714
860,-714
859,-713
858,-712
857,-711
856,-710
855,-710
854,-709
853,-708
852,-708
851,-707
850,-706
849,-706
848,-705
847,-704
846,-704
845,-703
844,-703
843,-702
843,-701
842,-701
841,-701
840,-701
839,-700
839,-699
838,-698
837,-697
836,-697
835,-696
834,-696
833,-696
832,-695
831,-695
830,-694
829,-694
828,-694
827,-694
826,-693
825,-693
824,-692
823,-691
822,-690
821,-690
820,-690
819,-689
818,-689
817,-689
816,-689
815,-688
814,-688
813,-687
812,-687
811,-687
810,-687
809,-686
808,-686
807,-686
806,-686
805,-685
804,-685
803,-685
802,-684
801,-684
800,-684
799,-683
798,-683
797,-683
796,-682
795,-682
794,-682
793,-681
792,-681
791,-681
790,-681
789,-680
788,-680
787,-680
786,-680
785,-680
784,-680
783,-680
782,-680
781,-680
780,-680
779,-680
778,-680
777,-680
776,-680
775,-680
774,-680
773,-680
772,-680
771,-680
770,-680
769,-680
768,-680
767,-680
766,-680
765,-680
764,-680
763,-680
762,-680
761,-681
760,-681
759,-681
758,-681
757,-681
756,-681
755,-681
754,-681
753,-681
752,-681
751,-681
750,-681
749,-681
748,-681
747,-682
746,-682
745,-682
744,-682
743,-683
742,-683
741,-683
740,-683
739,-683
738,-683
737,-683
736,-684
735,-684
734,-684
733,-684
733,-685
732,-686
731,-686
730,-686
729,-686
728,-686
727,-686
726,-686
725,-686
724,-687
723,-687
722,-687
721,-687
720,-688
719,-688
718,-689
717,-689
716,-690
715,-690
714,-690
713,-690
712,-691
711,-691
710,-691
709,-692
708,-692
707,-692
706,-693
705,-694
704,-694
703,-694
702,-695
701,-695
700,-696
699,-697
698,-697
697,-698
696,-699
695,-699
694,-700
693,-701
692,-701
691,-702
690,-703
689,-704
688,-704
688,-705
687,-706
686,-706
685,-707
684,-708
683,-709
682,-710
681,-711
680,-712
679,-712
678,-713
677,-713
677,-714
676,-715
675,-715
674,-716
673,-716
672,-716
671,-716
670,-716
669,-717
668,-717
667,-718
666,-718
665,-718
664,-719
663,-719
662,-719
661,-720
660,-720
659,-720
658,-720
657,-721
656,-721
655,-721
654,-721
653,-721
652,-721
651,-722
650,-722
649,-722
648,-722
647,-722
646,-722
645,-722
644,-722
643,-722
642,-722
641,-722
640,-722
639,-722
638,-722
637,-722
636,-723
635,-723
634,-723
633,-723
632,-723
631,-723
630,-723
629,-723
628,-723
627,-723
626,-723
625,-723
624,-723
623,-723
622,-723
621,-724
620,-724
619,-724
618,-724
617,-724
616,-724
615,-724
614,-724
613,-724
612,-724
611,-724
610,-724
609,-724
608,-725
607,-725
606,-725
605,-726
604,-726
604,-727
604,-728
604,-729
604,-730
604,-731
603,-732
603,-733
603,-734
603,-735
602,-736
602,-737
601,-738
600,-739
600,-740
600,-741
599,-742
598,-743
597,-744
597,-745
597,-746
596,-747
596,-748
596,-749
596,-750
596,-751
595,-752
