403,-924
403,-925
403,-926
403,-927
403,-928
403,-929
403,-930
403,-931
403,-932
403,-933
404,-933
405,-934
405,-935
405,-936
405,-937
405,-938
406,-939
406,-940
406,-941
406,-942
407,-943
408,-944
409,-944
410,-944
411,-945
412,-945
413,-946
414,-946
415,-946
416,-946
417,-946
418,-946
419,-946
420,-946
421,-946
422,-945
423,-945
424,-945
425,-945
426,-945
427,-945
428,-945
429,-945
430,-945
431,-945
432,-945
433,-945
434,-945
435,-945
436,-945
437,-945
438,-944
439,-944
440,-944
441,-944
442,-944
443,-944
444,-944
445,-944
446,-943
447,-943
448,-943
449,-943
450,-943
450,-942
450,-941
450,-940
451,-939
452,-939
453,-939
454,-939
455,-940
456,-940
457,-940
458,-940
459,-940
460,-939
461,-939
462,-939
463,-939
464,-939
465,-939
466,-939
467,-939
467,-938
467,-937
467,-936
468,-935
469,-935
470,-935
471,-935
472,-935
473,-935
473,-934
474,-933
475,-933
476,-933
477,-933
478,-933
479,-933
480,-933
481,-932
482,-932
483,-932
484,-932
485,-932
486,-932
487,-932
488,-932
489,-932
490,-931
491,-930
492,-930
493,-930
494,-930
495,-930
496,-929
497,-929
498,-929
499,-928
500,-928
501,-927
502,-927
503,-927
504,-927
505,-926
506,-926
507,-926
508,-926
509,-926
510,-926
511,-925
512,-925
513,-925
514,-925
515,-925
515,-924
516,-923
517,-923
518,-922
519,-922
520,-922
521,-922
522,-922
523,-922
524,-922
525,-922
526,-922
526,-921
527,-920
528,-920
529,-920
530,-920
531,-919
532,-919
533,-919
534,-919
535,-918
536,-918
537,-918
538,-918
539,-917
540,-917
541,-916
542,-916
543,-916
544,-915
545,-915
546,-915
547,-914
548,-914
549,-913
550,-912
551,-912
552,-912
553,-911
554,-911
555,-911
556,-911
557,-911
557,-910
558,-909
559,-909
560,-909
561,-909
562,-908
563,-908
564,-908
565,-907
566,-907
567,-906
568,-906
569,-905
570,-905
571,-905
572,-905
573,-904
574,-904
575,-903
576,-903
577,-902
578,-901
579,-901
580,-900
581,-900
582,-900
582,-899
583,-898
584,-898
585,-898
586,-897
587,-897
588,-896
589,-896
590,-896
591,-895
592,-895
592,-894
593,-893
594,-893
595,-893
596,-893
597,-892
598,-891
599,-890
600,-889
601,-889
602,-889
603,-889
604,-888
605,-888
606,-887
607,-887
607,-886
608,-885
609,-884
610,-884
611,-884
612,-884
613,-883
614,-883
615,-882
616,-881
617,-881
617,-880
618,-879
619,-879
620,-878
621,-878
622,-878
623,-877
624,-876
625,-876
626,-875
627,-875
628,-874
629,-873
629,-872
630,-871
631,-870
632,-870
633,-870
634,-870
634,-869
635,-868
636,-868
637,-868
638,-868
639,-868
640,-868
641,-868
642,-868
643,-867
644,-867
645,-866
646,-866
646,-865
647,-864
648,-864
649,-864
650,-864
651,-863
652,-863
652,-862
653,-861
654,-861
655,-861
656,-861
657,-860
658,-859
659,-858
660,-858
661,-858
662,-858
663,-858
664,-857
665,-856
666,-856
667,-856
668,-856
669,-856
670,-855
671,-855
672,-854
673,-854
674,-854
675,-854
676,-854
677,-854
678,-854
679,-854
680,-854
681,-854
682,-854
683,-854
684,-854
685,-854
686,-854
687,-854
688,-854
689,-855
690,-855
691,-856
692,-857
693,-857
694,-858
694,-859
694,-860
694,-861
693,-862
692,-862
691,-862
690,-863
689,-863
688,-863
687,-863
686,-863
686,-864
686,-865
686,-866
686,-867
686,-868
687,-868
688,-868
689,-868
690,-868
691,-868
692,-868
693,-868
694,-867
695,-867
696,-867
697,-867
698,-867
699,-867
700,-867
701,-866
702,-866
703,-866
704,-866
705,-866
706,-866
707,-866
708,-866
709,-865
710,-865
711,-865
712,-865
713,-864
714,-864
715,-864
716,-864
717,-864
718,-864
719,-863
720,-862
721,-862
722,-862
723,-862
724,-862
725,-862
726,-862
727,-862
728,-862
729,-862
730,-862
731,-862
732,-862
733,-862
734,-863
735,-863
736,-863
737,-863
738,-863
739,-863
740,-864
741,-864
742,-864
743,-864
744,-864
745,-864
746,-864
747,-865
748,-865
749,-865
750,-866
751,-866
752,-866
753,-867
754,-868
755,-868
756,-868
757,-868
758,-868
759,-869
760,-870
761,-870
762,-870
763,-870
764,-870
765,-871
766,-871
767,-871
768,-872
769,-872
770,-872
771,-873
772,-873
773,-874
774,-874
775,-874
776,-874
777,-874
778,-874
779,-874
780,-874
781,-874
782,-874
783,-874
784,-874
785,-874
786,-874
787,-874
788,-874
789,-874
790,-874
791,-874
792,-874
793,-874
794,-874
795,-874
796,-874
797,-874
798,-874
799,-874
800,-874
801,-874
801,-873
801,-872
802,-871
803,-871
804,-871
805,-871
806,-871
807,-871
808,-871
808,-870
808,-869
808,-868
808,-867
808,-866
809,-865
810,-865
811,-864
812,-864
813,-864
813,-863
813,-862
814,-861
815,-861
816,-861
817,-860
818,-860
819,-860
820,-859
821,-859
822,-858
823,-858
824,-857
825,-856
826,-856
827,-856
827,-855
828,-854
829,-854
830,-854
831,-854
832,-854
833,-854
833,-853
834,-852
835,-851
836,-850
837,-849
838,-849
839,-848
840,-848
841,-847
842,-846
843,-845
844,-844
845,-844
846,-843
847,-842
848,-842
849,-842
850,-841
851,-840
852,-839
853,-839
854,-839
855,-838
855,-837
856,-836
857,-836
858,-836
859,-835
860,-835
861,-834
862,-833
863,-833
864,-832
865,-831
866,-831
867,-831
868,-830
869,-830
870,-829
871,-829
872,-828
873,-828
874,-827
875,-826
876,-826
877,-826
877,-825
878,-824
879,-824
880,-824
880,-823
881,-822
882,-822
883,-821
884,-821
885,-821
885,-820
886,-819
887,-819
888,-819
888,-818
889,-817
890,-817
891,-817
892,-816
893,-816
894,-815
895,-814
896,-814
897,-814
898,-813
899,-812
900,-811
901,-811
902,-810
903,-809
904,-809
905,-809
906,-808
907,-807
908,-806
909,-806
910,-805
911,-804
912,-804
912,-803
913,-802
914,-802
915,-802
916,-801
917,-800
917,-799
918,-798
919,-798
920,-798
921,-797
922,-796
923,-795
924,-794
925,-794
926,-794
927,-793
928,-792
928,-791
929,-790
930,-790
931,-789
932,-788
933,-787
934,-786
935,-785
936,-785
937,-784
938,-783
939,-782
940,-782
941,-781
942,-780
943,-779
944,-778
945,-777
946,-777
947,-776
948,-775
948,-774
949,-773
950,-773
951,-772
952,-771
952,-770
953,-769
954,-769
955,-768
956,-768
956,-767
957,-766
958,-765
959,-764
960,-763
960,-762
961,-761
962,-761
963,-760
963,-759
964,-758
965,-757
966,-756
967,-755
968,-754
969,-753
970,-752
971,-752
971,-751
972,-750
973,-749
974,-748
975,-747
976,-746
976,-745
977,-744
978,-744
979,-743
980,-742
981,-742
981,-741
981,-740
982,-739
983,-739
983,-738
983,-737
984,-736
985,-735
986,-734
986,-733
987,-732
988,-731
989,-730
990,-729
991,-728
992,-728
992,-727
993,-726
994,-725
994,-724
994,-723
995,-722
996,-722
997,-721
998,-720
999,-719
999,-718
1000,-717
1001,-716
1001,-715
1002,-714
1002,-713
1003,-712
1004,-711
1005,-710
1005,-709
1006,-708
1007,-707
1008,-706
1008,-705
1009,-704
1009,-703
1010,-702
1011,-701
1011,-700
1012,-699
1013,-698
1014,-697
1014,-696
1014,-695
1015,-694
1016,-694
1016,-693
1017,-692
1017,-691
1018,-690
1018,-689
1019,-688
1020,-687
1020,-686
1021,-685
1022,-685
1022,-684
1023,-683
1024,-682
1025,-681
1025,-680
1025,-679
1026,-678
1027,-677
1028,-676
1028,-675
1029,-674
1030,-673
1031,-672
1032,-671
1033,-670
1033,-669
1033,-668
1034,-667
1035,-666
1035,-665
1036,-664
1037,-663
1038,-663
1038,-662
1038,-661
1039,-660
1040,-659
1040,-658
1041,-657
1041,-656
1042,-655
1043,-654
1044,-653
1045,-652
1045,-651
1046,-650
1046,-649
1047,-648
1048,-647
1049,-646
1049,-645
1050,-644
1050,-643
1051,-642
1052,-642
1052,-641
1053,-640
1053,-639
1054,-638
1055,-637
1055,-636
1056,-635
1056,-634
1057,-633
1058,-632
1058,-631
1059,-630
1060,-629
1060,-628
1061,-627
1062,-626
1062,-625
1063,-624
1063,-623
1064,-622
1065,-621
1065,-620
1066,-619
1067,-619
1067,-618
1068,-617
1068,-616
1069,-615
1070,-614
1071,-613
1071,-612
1072,-611
1073,-611
1074,-610
1074,-609
1075,-608
1075,-607
1076,-606
1077,-605
1078,-604
1079,-603
1079,-602
1080,-601
1080,-600
1081,-599
1082,-599
1083,-598
1084,-598
1084,-597
1085,-596
1086,-595
1086,-594
1087,-593
1087,-592
1088,-591
1089,-590
1089,-589
1090,-588
1090,-587
1091,-586
1091,-585
1092,-584
1093,-584
1094,-584
1094,-583
1094,-582
1095,-581
1095,-580
1095,-579
1095,-578
1096,-577
1097,-577
1097,-576
1097,-575
1097,-574
1097,-573
1097,-572
1097,-571
1097,-570
1098,-569
1098,-568
1098,-567
1098,-566
1098,-565
1098,-564
1097,-563
1096,-563
1095,-562
1094,-562
1093,-562
1092,-562
1091,-562
1090,-561
1089,-561
1088,-561
1087,-561
1086,-561
1085,-560
1084,-560
1083,-560
1082,-560
1081,-560
1080,-560
1079,-560
1078,-560
1077,-560
1076,-560
1075,-560
1074,-559
1073,-559
1072,-559
1071,-559
1070,-559
1069,-559
1068,-559
1067,-559
1066,-559
1065,-559
1064,-558
1063,-558
1062,-558
1061,-558
1060,-558
1059,-558
1058,-558
1057,-558
1056,-558
1055,-558
1054,-558
1053,-558
1052,-558
1051,-557
1050,-557
1049,-557
1048,-557
1047,-557
1046,-557
1045,-557
1044,-557
1043,-557
1042,-557
1041,-556
1040,-556
1039,-556
1038,-556
1037,-556
1036,-556
1035,-556
1034,-556
1033,-556
1032,-556
1031,-556
1030,-556
1029,-556
1028,-556
1027,-556
1026,-556
1025,-556
1024,-556
1023,-556
1022,-556
1021,-556
1020,-555
1019,-555
1018,-555
1017,-555
1016,-555
1015,-555
1014,-555
1013,-555
1012,-555
1011,-555
1010,-555
1009,-555
1008,-555
1007,-555
1006,-555
1005,-555
1004,-555
1003,-555
1002,-555
1001,-555
1000,-555
999,-555
998,-555
997,-555
996,-555
995,-555
994,-555
993,-555
992,-556
991,-556
990,-556
989,-556
988,-556
987,-556
986,-556
985,-556
984,-556
983,-556
982,-556
981,-556
980,-556
979,-556
978,-557
977,-557
976,-557
975,-557
974,-557
973,-557
972,-557
971,-557
970,-557
969,-557
968,-557
967,-557
966,-557
965,-557
964,-557
963,-557
962,-558
961,-558
960,-558
959,-558
958,-558
957,-558
956,-558
955,-559
954,-559
953,-559
952,-559
951,-559
950,-559
949,-559
948,-559
947,-560
946,-560
945,-560
944,-560
943,-560
942,-560
941,-560
940,-560
939,-560
938,-560
937,-560
936,-560
935,-561
934,-561
933,-561
932,-561
931,-561
930,-561
929,-561
928,-561
927,-561
926,-561
925,-561
924,-561
923,-561
922,-561
921,-561
920,-562
919,-562
918,-562
917,-562
916,-562
915,-563
914,-563
913,-563
912,-563
911,-563
910,-563
909,-564
908,-564
907,-564
906,-564
905,-564
904,-564
903,-564
902,-564
901,-564
900,-564
899,-564
898,-565
897,-565
896,-565
895,-565
894,-566
893,-566
892,-566
891,-567
890,-567
889,-567
888,-567
887,-567
886,-567
885,-567
884,-568
883,-568
882,-568
881,-568
880,-568
879,-568
878,-568
877,-568
876,-569
875,-569
874,-569
873,-569
872,-570
871,-570
870,-570
869,-571
868,-571
867,-571
866,-571
865,-571
864,-572
863,-572
862,-572
861,-572
860,-573
859,-573
858,-573
857,-574
856,-574
855,-574
854,-574
853,-575
852,-575
851,-575
850,-576
849,-576
848,-576
847,-576
846,-576
845,-577
844,-577
843,-577
842,-578
841,-578
840,-578
839,-579
838,-579
837,-579
836,-579
835,-580
834,-580
833,-580
832,-581
831,-581
830,-581
829,-581
828,-582
827,-582
826,-583
825,-583
824,-584
823,-584
822,-584
821,-584
820,-585
819,-585
818,-586
817,-586
816,-586
815,-587
814,-587
813,-588
812,-588
811,-588
810,-589
809,-589
808,-590
807,-590
806,-591
805,-591
804,-592
803,-592
802,-593
801,-593
800,-594
799,-594
798,-595
797,-595
796,-595
795,-596
794,-597
793,-597
792,-598
791,-598
790,-599
789,-599
788,-599
787,-600
786,-600
785,-601
784,-601
784,-602
783,-603
782,-603
781,-603
780,-604
779,-604
778,-604
777,-605
776,-606
775,-607
774,-607
773,-607
772,-608
771,-609
770,-609
769,-610
768,-611
767,-611
766,-612
765,-613
764,-614
763,-614
762,-615
761,-616
760,-616
759,-617
758,-618
757,-619
756,-619
755,-620
754,-621
753,-621
752,-622
751,-623
750,-623
749,-624
748,-624
747,-625
746,-626
745,-627
744,-628
743,-628
742,-629
741,-629
740,-630
739,-631
738,-631
737,-632
736,-633
735,-634
734,-634
733,-635
732,-636
731,-637
730,-638
729,-639
728,-640
727,-640
726,-641
725,-642
724,-643
723,-644
722,-645
721,-645
720,-646
719,-647
718,-648
717,-649
716,-650
715,-651
714,-652
713,-652
712,-653
711,-654
710,-655
709,-656
708,-657
708,-658
707,-659
706,-659
705,-660
704,-660
704,-661
703,-662
702,-662
701,-663
700,-664
699,-665
698,-666
697,-667
696,-668
695,-669
694,-669
694,-670
693,-671
692,-671
692,-672
691,-673
690,-674
689,-675
688,-676
688,-677
687,-678
686,-679
685,-680
684,-681
684,-682
683,-683
682,-683
681,-684
680,-685
679,-686
678,-687
677,-688
676,-689
676,-690
675,-691
674,-692
673,-693
672,-693
672,-694
672,-695
671,-696
670,-697
669,-697
669,-698
669,-699
668,-700
668,-701
667,-702
666,-703
665,-704
664,-705
664,-706
663,-707
663,-708
662,-709
661,-710
660,-711
660,-712
659,-713
658,-714
658,-715
657,-716
656,-717
656,-718
656,-719
655,-720
655,-721
655,-722
654,-723
653,-723
653,-724
652,-725
652,-726
652,-727
651,-728
651,-729
650,-730
649,-731
649,-732
648,-733
648,-734
647,-735
647,-736
646,-737
645,-738
645,-739
645,-740
644,-741
643,-742
643,-743
643,-744
642,-745
642,-746
641,-747
641,-748
641,-749
640,-750
640,-751
639,-752
639,-753
639,-754
638,-755
638,-756
638,-757
638,-758
637,-759
637,-760
636,-761
636,-762
636,-763
636,-764
636,-765
635,-766
635,-767
635,-768
635,-769
635,-770
635,-771
635,-772
635,-773
635,-774
634,-775
633,-776
632,-777
631,-778
631,-779
631,-780
631,-781
630,-782
630,-783
630,-784
629,-785
629,-786
629,-787
629,-788
629,-789
629,-790
628,-791
628,-792
628,-793
627,-794
626,-795
626,-796
626,-797
625,-798
624,-799
624,-800
623,-801
623,-802
622,-803
621,-803
620,-804
619,-805
618,-806
617,-807
616,-808
616,-809
615,-810
614,-810
614,-811
613,-812
612,-813
611,-814
611,-815
610,-816
609,-816
609,-817
608,-818
607,-819
606,-820
605,-821
604,-822
603,-823
602,-824
601,-825
601,-826
600,-827
599,-828
598,-829
597,-830
596,-830
595,-831
594,-832
593,-833
592,-834
591,-835
590,-836
589,-836
589,-837
588,-838
587,-839
586,-839
585,-839
585,-840
584,-841
583,-842
582,-843
581,-844
580,-844
580,-845
579,-846
578,-846
577,-847
576,-847
575,-848
574,-849
573,-850
572,-851
571,-852
570,-853
569,-854
568,-855
567,-855
566,-856
565,-856
564,-857
563,-857
562,-858
561,-858
560,-859
559,-859
558,-860
557,-860
556,-861
555,-861
554,-862
553,-862
552,-863
551,-864
550,-864
549,-864
548,-865
547,-865
546,-866
545,-866
544,-866
543,-867
542,-867
541,-868
540,-868
539,-868
538,-869
537,-869
536,-870
535,-870
534,-871
533,-871
532,-871
531,-872
530,-873
529,-873
528,-873
527,-873
526,-874
525,-874
524,-874
523,-875
522,-875
521,-875
520,-876
519,-876
518,-876
517,-876
516,-877
515,-877
514,-877
513,-878
512,-878
511,-878
510,-879
509,-879
508,-879
507,-879
506,-880
505,-880
504,-880
503,-881
502,-881
501,-881
500,-882
499,-882
498,-882
497,-882
496,-883
495,-883
494,-883
493,-883
492,-884
491,-884
490,-884
489,-885
488,-885
487,-885
486,-885
485,-886
484,-886
483,-886
482,-886
481,-887
480,-887
479,-887
478,-887
477,-888
476,-888
475,-888
474,-889
473,-889
472,-889
471,-889
470,-890
469,-890
468,-890
467,-890
466,-891
465,-891
464,-891
463,-892
462,-892
461,-892
460,-893
459,-893
458,-893
457,-894
456,-894
455,-894
454,-894
453,-894
452,-895
451,-896
450,-897
449,-897
448,-897
447,-897
446,-897
445,-897
444,-898
443,-898
443,-899
442,-900
441,-900
440,-900
440,-901
440,-902
440,-903
439,-904
438,-905
437,-905
436,-905
435,-905
434,-905
434,-906
433,-907
433,-908
433,-909
433,-910
433,-911
434,-911
435,-912
436,-913
437,-913
438,-913
439,-913
440,-914
440,-915
441,-916
441,-917
441,-918
440,-919
439,-919
438,-919
437,-919
436,-918
435,-917
434,-917
433,-916
432,-915
431,-915
430,-915
429,-915
428,-915
427,-914
427,-913
426,-913
425,-913
424,-913
423,-913
422,-913
421,-913
420,-913
419,-913
418,-913
417,-913
416,-912
416,-911
416,-910
415,-910
414,-910
413,-910
412,-910
411,-911
410,-911
409,-911
408,-911
407,-912
406,-912
405,-912
404,-912
404,-913
404,-914
404,-915
404,-916
404,-917
404,-918
404,-919
404,-920
404,-921
404,-922
404,-923
403,-924
