390,-921
390,-922
390,-923
390,-924
390,-925
390,-926
390,-927
391,-927
392,-928
393,-929
393,-930
393,-931
393,-932
394,-932
395,-932
396,-932
397,-932
398,-932
399,-932
400,-932
401,-933
401,-934
401,-935
401,-936
402,-936
403,-936
404,-936
405,-936
406,-936
407,-936
408,-936
409,-936
410,-935
411,-934
412,-934
413,-934
414,-934
415,-934
416,-934
417,-934
418,-934
419,-933
420,-932
421,-931
422,-931
422,-930
423,-929
423,-928
424,-927
425,-927
426,-927
427,-927
428,-927
428,-926
429,-925
430,-925
431,-924
432,-924
433,-924
434,-924
434,-923
435,-922
436,-921
437,-921
438,-921
439,-922
440,-922
441,-922
442,-922
443,-922
443,-921
444,-920
445,-919
446,-919
447,-918
448,-918
449,-918
450,-918
450,-917
450,-916
451,-915
452,-915
453,-914
454,-914
455,-913
456,-913
457,-913
458,-913
459,-913
460,-913
461,-913
462,-912
463,-912
464,-911
465,-910
466,-910
467,-910
468,-909
469,-909
470,-909
471,-909
472,-908
473,-908
474,-908
475,-908
475,-907
476,-906
477,-906
478,-906
479,-905
480,-905
480,-904
481,-903
482,-903
483,-903
484,-903
485,-902
486,-902
487,-902
487,-901
488,-900
489,-900
490,-899
491,-899
492,-899
493,-899
494,-899
495,-898
496,-898
497,-897
498,-897
499,-896
500,-896
501,-896
502,-895
503,-895
504,-894
505,-893
506,-893
507,-892
508,-892
509,-892
510,-891
511,-891
512,-890
513,-890
514,-890
515,-889
516,-888
517,-888
518,-888
519,-888
520,-887
521,-886
522,-886
523,-885
524,-885
525,-885
526,-884
527,-884
528,-884
529,-884
529,-883
530,-882
531,-882
532,-882
533,-881
534,-881
535,-880
536,-879
537,-879
538,-878
539,-878
540,-878
541,-877
542,-877
543,-877
544,-877
544,-876
545,-875
546,-875
547,-875
548,-875
549,-874
550,-873
551,-873
552,-873
553,-872
554,-871
555,-871
556,-871
557,-871
558,-870
559,-869
560,-869
561,-869
562,-869
563,-868
563,-867
564,-866
565,-866
566,-865
567,-865
568,-865
569,-864
570,-864
571,-863
572,-863
573,-863
574,-863
575,-863
576,-863
577,-862
578,-862
579,-861
580,-861
581,-861
582,-860
583,-859
584,-859
585,-859
586,-859
587,-859
588,-859
589,-858
590,-857
591,-857
592,-857
593,-856
594,-856
595,-855
596,-855
597,-855
598,-854
599,-854
600,-854
601,-854
602,-854
603,-854
604,-854
605,-853
606,-853
607,-852
608,-852
609,-851
610,-851
611,-851
612,-850
613,-850
614,-850
615,-850
616,-850
616,-849
617,-848
618,-848
619,-848
620,-848
621,-848
622,-848
623,-848
624,-848
625,-847
626,-847
627,-847
628,-847
629,-847
630,-847
631,-848
632,-848
633,-848
634,-848
635,-848
636,-849
637,-849
638,-849
639,-849
640,-849
641,-848
642,-848
643,-848
644,-848
645,-848
646,-848
647,-847
648,-847
649,-847
650,-846
651,-846
652,-846
653,-845
654,-845
655,-845
656,-845
657,-845
658,-845
659,-845
660,-845
661,-846
662,-847
663,-848
664,-848
665,-849
666,-850
667,-851
668,-851
669,-851
670,-852
670,-853
670,-854
670,-855
671,-855
672,-855
673,-855
674,-856
675,-856
676,-857
676,-858
677,-858
678,-858
679,-858
680,-858
681,-859
681,-860
682,-860
683,-860
684,-860
685,-860
686,-860
687,-860
688,-860
689,-860
690,-860
691,-860
692,-860
693,-860
694,-860
695,-860
696,-860
697,-860
698,-860
699,-860
700,-859
701,-858
702,-858
703,-858
704,-858
705,-858
706,-858
707,-858
708,-858
709,-858
710,-858
711,-858
712,-858
713,-858
714,-859
715,-859
716,-859
717,-859
718,-860
718,-861
719,-861
720,-861
721,-861
722,-862
723,-862
724,-863
724,-864
725,-864
726,-865
727,-865
728,-865
729,-866
729,-867
730,-868
731,-869
732,-869
733,-869
734,-870
734,-871
735,-871
736,-871
737,-872
738,-873
739,-873
740,-873
741,-873
742,-873
743,-873
744,-873
745,-873
746,-873
747,-873
748,-873
749,-874
750,-874
751,-874
752,-874
753,-874
754,-873
755,-873
756,-873
757,-873
758,-873
759,-873
760,-874
761,-874
762,-874
763,-874
764,-874
765,-874
766,-873
767,-873
768,-873
769,-872
770,-872
771,-871
772,-871
773,-871
774,-871
774,-870
775,-869
776,-869
777,-869
778,-869
779,-869
780,-868
781,-868
782,-867
783,-867
784,-866
785,-866
786,-865
787,-865
788,-865
789,-864
790,-864
791,-863
792,-862
793,-862
794,-862
795,-862
796,-862
796,-861
797,-860
798,-860
799,-860
800,-860
801,-859
802,-858
803,-857
804,-857
805,-856
806,-856
807,-856
808,-856
809,-856
810,-856
811,-855
812,-855
813,-855
814,-854
815,-853
816,-853
817,-853
818,-852
819,-852
820,-852
821,-851
822,-850
823,-850
824,-850
825,-850
826,-850
827,-849
828,-849
829,-849
830,-849
830,-848
831,-847
832,-847
833,-846
834,-846
835,-846
836,-846
837,-846
838,-846
839,-846
840,-845
841,-844
842,-843
843,-843
844,-843
845,-842
846,-842
847,-842
848,-842
849,-841
850,-841
851,-840
852,-840
853,-840
854,-839
855,-839
856,-839
856,-838
857,-837
858,-837
859,-837
860,-837
861,-837
862,-837
863,-837
864,-837
865,-836
866,-836
867,-835
867,-834
868,-833
869,-833
870,-833
871,-833
872,-832
873,-831
874,-831
875,-831
876,-831
877,-830
878,-830
879,-830
880,-830
881,-830
882,-829
882,-828
882,-827
883,-826
884,-826
885,-826
886,-826
887,-826
888,-826
889,-826
889,-825
889,-824
890,-823
891,-823
892,-822
893,-822
894,-821
895,-820
896,-820
897,-820
898,-820
898,-819
899,-818
900,-817
901,-817
902,-817
903,-816
904,-816
905,-815
906,-814
907,-813
908,-813
909,-813
910,-813
911,-812
912,-812
913,-812
913,-811
913,-810
914,-809
915,-809
916,-809
917,-809
918,-808
919,-807
920,-806
921,-806
922,-805
923,-805
924,-805
925,-804
926,-804
927,-803
927,-802
928,-801
928,-800
929,-799
930,-799
931,-798
932,-798
933,-798
934,-798
934,-797
935,-796
936,-796
937,-796
938,-795
939,-794
940,-794
941,-794
942,-794
943,-793
943,-792
944,-791
944,-790
945,-789
946,-789
947,-788
948,-787
949,-787
950,-787
951,-786
951,-785
951,-784
952,-783
953,-782
954,-782
955,-782
956,-782
956,-781
956,-780
957,-779
958,-779
959,-778
960,-778
961,-777
962,-776
963,-775
964,-774
965,-773
966,-772
967,-772
968,-771
969,-770
970,-770
971,-769
972,-769
972,-768
972,-767
972,-766
973,-765
974,-765
975,-765
975,-764
976,-763
977,-762
978,-761
978,-760
979,-759
980,-759
981,-759
982,-759
982,-758
982,-757
983,-756
984,-755
984,-754
985,-753
986,-753
987,-752
988,-751
988,-750
989,-749
990,-749
991,-748
992,-748
992,-747
992,-746
993,-745
994,-745
995,-744
995,-743
995,-742
996,-741
997,-741
998,-741
998,-740
999,-739
1000,-739
1000,-738
1001,-737
1002,-737
1002,-736
1002,-735
1002,-734
1003,-733
1004,-733
1005,-733
1006,-732
1007,-731
1008,-730
1008,-729
1008,-728
1009,-727
1010,-726
1011,-725
1012,-724
1013,-724
1013,-723
1013,-722
1014,-721
1015,-720
1016,-719
1017,-719
1018,-719
1019,-718
1019,-717
1020,-716
1021,-715
1021,-714
1022,-713
1023,-713
1024,-712
1024,-711
1024,-710
1024,-709
1025,-708
1025,-707
1026,-706
1027,-706
1028,-705
1029,-704
1030,-703
1031,-702
1031,-701
1031,-700
1032,-699
1033,-698
1034,-698
1034,-697
1035,-696
1036,-696
1036,-695
1036,-694
1037,-693
1038,-692
1038,-691
1038,-690
1039,-689
1040,-689
1040,-688
1041,-687
1042,-687
1043,-686
1044,-685
1045,-684
1045,-683
1045,-682
1045,-681
1045,-680
1046,-679
1046,-678
1047,-677
1047,-676
1048,-675
1049,-675
1050,-675
1050,-674
1050,-673
1051,-672
1052,-672
1053,-671
1054,-670
1054,-669
1055,-668
1056,-668
1056,-667
1057,-666
1057,-665
1058,-664
1059,-664
1059,-663
1060,-662
1060,-661
1061,-660
1062,-660
1062,-659
1062,-658
1063,-657
1063,-656
1063,-655
1064,-654
1064,-653
1064,-652
1065,-651
1066,-651
1067,-651
1068,-650
1068,-649
1069,-648
1070,-647
1071,-646
1071,-645
1071,-644
1072,-643
1072,-642
1073,-641
1073,-640
1074,-639
1075,-639
1076,-638
1077,-638
1077,-637
1077,-636
1078,-635
1078,-634
1079,-633
1080,-632
1081,-631
1082,-631
1082,-630
1082,-629
1083,-628
1083,-627
1084,-626
1084,-625
1085,-624
1086,-623
1087,-623
1088,-622
1088,-621
1089,-620
1090,-620
1090,-619
1090,-618
1090,-617
1091,-616
1092,-615
1092,-614
1092,-613
1093,-612
1094,-611
1094,-610
1095,-609
1096,-608
1097,-608
1097,-607
1097,-606
1097,-605
1097,-604
1097,-603
1098,-602
1099,-602
1100,-601
1101,-601
1101,-600
1102,-599
1103,-598
1104,-598
1105,-598
1105,-597
1105,-596
1106,-595
1107,-594
1107,-593
1107,-592
1107,-591
1108,-590
1109,-590
1110,-589
1111,-589
1112,-588
1112,-587
1112,-586
1112,-585
1112,-584
1111,-583
1111,-582
1111,-581
1111,-580
1111,-579
1111,-578
1110,-577
1110,-576
1110,-575
1110,-574
1110,-573
1110,-572
1110,-571
1110,-570
1110,-569
1109,-569
1108,-568
1107,-568
1106,-568
1105,-568
1104,-567
1103,-567
1102,-567
1101,-567
1100,-567
1099,-567
1098,-567
1097,-567
1096,-567
1095,-567
1094,-567
1093,-567
1092,-567
1091,-567
1090,-567
1089,-567
1088,-567
1087,-567
1086,-567
1085,-567
1084,-567
1083,-567
1082,-567
1081,-567
1080,-567
1079,-567
1078,-567
1077,-567
1076,-567
1075,-568
1074,-568
1073,-568
1072,-568
1071,-568
1070,-568
1069,-568
1068,-568
1067,-568
1066,-568
1065,-568
1064,-568
1063,-568
1062,-567
1061,-567
1060,-567
1059,-567
1058,-567
1057,-567
1056,-567
1055,-567
1054,-567
1053,-567
1052,-567
1051,-567
1050,-567
1049,-567
1048,-567
1047,-567
1046,-567
1045,-567
1044,-567
1043,-567
1042,-567
1041,-567
1040,-567
1039,-567
1038,-567
1037,-567
1036,-567
1035,-566
1034,-566
1033,-566
1032,-566
1031,-566
1030,-566
1029,-566
1028,-566
1027,-566
1026,-566
1025,-566
1024,-566
1023,-566
1022,-566
1021,-566
1020,-566
1019,-566
1018,-566
1017,-566
1016,-566
1015,-566
1014,-566
1013,-566
1012,-566
1011,-566
1010,-566
1009,-566
1008,-566
1007,-566
1006,-566
1005,-566
1004,-566
1003,-566
1002,-566
1001,-566
1000,-566
999,-566
998,-566
997,-566
996,-567
995,-567
994,-567
993,-567
992,-567
991,-567
990,-567
989,-567
988,-567
987,-567
986,-567
985,-567
984,-567
983,-567
982,-567
981,-567
980,-567
979,-567
978,-567
977,-567
976,-567
975,-567
974,-567
973,-567
972,-567
971,-567
970,-567
969,-567
968,-567
967,-567
966,-568
965,-568
964,-568
963,-568
962,-568
961,-568
960,-568
959,-567
958,-567
957,-567
956,-567
955,-567
954,-567
953,-567
952,-567
951,-567
950,-567
949,-567
948,-567
947,-567
946,-567
945,-567
944,-567
943,-567
942,-567
941,-567
940,-567
939,-568
938,-568
937,-568
936,-568
935,-568
934,-568
933,-568
932,-568
931,-568
930,-568
929,-568
928,-568
927,-568
926,-569
925,-569
924,-569
923,-569
922,-569
921,-569
920,-569
919,-569
918,-570
917,-570
916,-570
915,-570
914,-570
913,-570
912,-570
911,-570
910,-570
909,-570
908,-571
907,-571
906,-571
905,-571
904,-571
903,-571
902,-571
901,-571
900,-571
899,-571
898,-571
897,-571
896,-572
895,-573
894,-573
893,-573
892,-573
891,-573
890,-573
889,-573
888,-573
887,-573
886,-574
885,-574
884,-574
883,-575
882,-575
881,-575
880,-575
879,-575
878,-575
877,-575
876,-575
875,-575
874,-576
873,-576
872,-576
871,-576
870,-577
869,-577
868,-577
867,-577
866,-578
865,-578
864,-578
863,-578
862,-578
861,-578
860,-578
859,-578
858,-579
857,-579
856,-580
855,-580
854,-580
853,-581
852,-581
851,-581
850,-581
849,-581
848,-581
847,-581
846,-581
845,-582
844,-582
843,-582
842,-583
841,-583
840,-583
839,-583
839,-584
838,-585
837,-585
836,-585
835,-585
834,-585
833,-585
832,-586
831,-586
830,-586
829,-587
828,-587
827,-588
826,-588
825,-588
824,-589
823,-589
822,-589
821,-590
820,-590
819,-590
818,-590
817,-591
816,-591
815,-592
814,-592
813,-593
812,-593
811,-593
810,-594
809,-594
808,-595
807,-595
806,-596
805,-596
804,-596
803,-597
802,-598
801,-598
800,-598
799,-599
798,-599
797,-600
796,-600
795,-601
794,-601
793,-601
792,-602
791,-603
790,-603
789,-604
788,-604
787,-605
786,-605
785,-605
784,-606
783,-607
782,-607
781,-608
780,-609
779,-609
778,-610
777,-610
776,-611
775,-611
774,-612
773,-612
772,-613
771,-614
770,-614
769,-615
768,-616
767,-617
766,-617
765,-618
764,-618
763,-619
762,-619
761,-620
760,-621
759,-622
758,-622
757,-623
756,-623
755,-624
754,-625
753,-625
752,-626
751,-626
751,-627
750,-628
749,-628
748,-629
747,-629
746,-630
745,-630
744,-631
743,-631
742,-632
741,-633
740,-634
739,-634
738,-635
737,-636
736,-637
735,-637
734,-638
733,-639
732,-639
731,-640
730,-641
729,-641
728,-642
727,-643
726,-644
725,-645
724,-645
723,-646
722,-646
721,-647
721,-648
720,-649
719,-649
718,-650
717,-650
716,-651
716,-652
715,-653
714,-654
713,-654
712,-655
711,-655
710,-656
709,-657
708,-658
708,-659
707,-660
706,-660
705,-661
704,-662
704,-663
703,-664
702,-664
701,-665
700,-666
699,-667
698,-668
697,-669
696,-670
695,-671
694,-672
693,-673
692,-674
691,-675
690,-676
689,-677
688,-678
687,-679
686,-680
685,-681
684,-682
683,-683
683,-684
682,-685
681,-685
681,-686
680,-687
679,-687
679,-688
678,-689
677,-690
677,-691
676,-692
676,-693
675,-694
674,-694
673,-695
673,-696
672,-697
671,-698
671,-699
670,-700
669,-701
669,-702
668,-703
667,-704
667,-705
666,-706
665,-707
664,-708
664,-709
663,-710
663,-711
662,-712
661,-712
661,-713
660,-714
660,-715
659,-716
659,-717
658,-718
657,-719
657,-720
656,-721
656,-722
655,-723
654,-724
654,-725
653,-726
653,-727
652,-728
652,-729
652,-730
651,-731
650,-732
650,-733
650,-734
649,-735
649,-736
648,-737
648,-738
647,-739
647,-740
646,-741
646,-742
646,-743
646,-744
645,-745
645,-746
644,-747
644,-748
644,-749
644,-750
644,-751
643,-752
643,-753
642,-754
641,-755
641,-756
641,-757
641,-758
641,-759
640,-760
639,-761
639,-762
639,-763
638,-764
638,-765
637,-766
636,-767
636,-768
635,-769
634,-770
633,-771
632,-772
631,-773
631,-774
630,-775
629,-776
628,-777
627,-778
626,-778
625,-779
624,-780
624,-781
623,-782
622,-782
621,-783
620,-784
619,-785
618,-786
617,-787
616,-788
615,-789
614,-790
613,-790
612,-790
611,-791
610,-792
609,-793
608,-793
607,-794
606,-795
605,-795
604,-796
603,-796
602,-797
601,-798
600,-798
599,-798
598,-799
597,-800
596,-800
595,-801
594,-802
593,-802
592,-803
591,-803
590,-804
589,-804
588,-805
587,-805
586,-806
585,-806
584,-807
583,-808
582,-808
581,-809
580,-809
579,-809
578,-810
577,-810
576,-811
575,-811
574,-811
573,-812
572,-812
571,-813
570,-813
569,-814
568,-814
567,-815
566,-815
565,-816
564,-816
563,-816
562,-817
561,-818
560,-818
559,-819
558,-819
557,-820
556,-820
555,-821
554,-821
553,-822
552,-822
551,-823
550,-823
549,-824
548,-824
547,-825
546,-825
545,-826
544,-826
543,-827
542,-828
541,-828
540,-828
539,-829
538,-829
537,-830
536,-830
535,-831
534,-831
533,-831
532,-832
531,-832
530,-833
529,-833
528,-834
527,-834
526,-835
525,-835
524,-836
523,-836
522,-836
521,-837
520,-837
519,-838
518,-838
517,-838
516,-839
515,-839
514,-840
513,-840
512,-841
511,-841
510,-841
509,-842
508,-842
507,-843
506,-843
505,-844
504,-844
503,-844
502,-845
501,-845
500,-846
499,-846
498,-847
497,-847
496,-848
495,-848
494,-849
493,-849
492,-850
491,-850
490,-851
489,-851
488,-852
487,-852
486,-853
485,-853
484,-854
483,-854
482,-855
481,-856
480,-856
479,-857
478,-857
477,-858
476,-858
475,-859
474,-859
473,-860
472,-860
471,-861
470,-861
469,-862
468,-862
467,-863
466,-863
465,-864
464,-864
463,-864
462,-865
461,-865
460,-866
459,-866
458,-866
457,-867
456,-867
455,-868
454,-868
453,-869
452,-869
451,-870
450,-870
449,-871
448,-871
447,-871
446,-872
445,-873
444,-873
443,-874
442,-874
441,-875
440,-875
439,-876
438,-877
437,-877
436,-877
435,-878
434,-878
433,-879
432,-879
431,-880
430,-880
429,-881
428,-881
427,-882
426,-882
425,-882
424,-883
423,-883
422,-884
421,-884
420,-885
419,-885
418,-885
417,-886
416,-887
415,-887
414,-888
413,-888
412,-889
411,-889
410,-890
409,-891
408,-892
407,-892
406,-893
405,-894
404,-894
403,-895
402,-895
401,-896
400,-896
399,-897
398,-898
397,-899
396,-900
395,-901
394,-901
393,-902
393,-903
393,-904
393,-905
393,-906
393,-907
393,-908
392,-909
391,-910
391,-911
391,-912
391,-913
391,-914
391,-915
391,-916
391,-917
391,-918
391,-919
391,-920
390,-921
