503,-715
503,-716
503,-717
503,-718
503,-719
504,-720
505,-721
505,-722
505,-723
505,-724
505,-725
506,-725
507,-726
507,-727
508,-728
509,-728
510,-728
511,-728
512,-729
513,-729
514,-730
515,-730
516,-730
517,-730
518,-730
519,-730
520,-731
521,-731
522,-731
523,-731
524,-731
525,-731
526,-731
527,-732
528,-732
529,-732
530,-732
531,-732
532,-732
533,-732
534,-732
535,-732
536,-732
537,-732
538,-732
539,-732
540,-732
541,-732
542,-732
543,-732
544,-732
545,-732
546,-732
547,-732
548,-732
549,-732
550,-733
550,-734
550,-735
551,-735
552,-735
553,-735
554,-735
554,-734
555,-733
556,-733
557,-733
558,-733
559,-732
560,-732
561,-732
562,-732
563,-732
564,-732
565,-732
566,-733
567,-733
568,-733
569,-733
570,-733
571,-733
572,-733
573,-733
574,-733
575,-733
576,-733
577,-733
578,-733
579,-733
580,-733
581,-733
582,-733
583,-734
584,-734
585,-734
586,-734
587,-734
588,-734
589,-734
590,-734
591,-734
592,-734
593,-734
594,-734
595,-734
596,-734
597,-734
598,-735
599,-735
600,-735
601,-735
602,-735
603,-735
604,-735
605,-735
606,-735
607,-735
608,-735
609,-735
610,-735
611,-735
612,-735
613,-735
614,-735
615,-736
616,-736
617,-736
618,-736
619,-736
620,-736
621,-736
622,-737
623,-737
624,-737
625,-737
626,-737
627,-737
628,-737
629,-738
630,-738
631,-738
632,-739
633,-739
634,-739
635,-739
636,-739
637,-740
638,-740
639,-740
640,-740
641,-740
642,-740
643,-741
644,-742
645,-742
646,-742
647,-742
648,-743
648,-744
649,-744
650,-744
651,-744
652,-745
653,-745
654,-745
655,-746
656,-746
657,-747
658,-747
659,-748
659,-749
660,-750
661,-750
662,-751
663,-751
664,-752
664,-753
664,-754
665,-754
666,-754
667,-755
667,-756
668,-756
669,-757
670,-758
671,-759
671,-760
672,-760
673,-761
673,-762
674,-763
675,-763
676,-764
677,-765
678,-766
679,-767
680,-768
681,-769
682,-770
682,-771
683,-771
684,-772
685,-773
686,-773
687,-774
688,-775
689,-776
689,-777
689,-778
690,-778
691,-779
692,-779
693,-780
694,-781
695,-782
696,-783
697,-784
698,-785
699,-786
700,-787
701,-787
702,-788
702,-789
702,-790
703,-790
704,-791
705,-792
706,-793
707,-794
707,-795
708,-796
709,-796
710,-796
711,-797
712,-797
713,-798
713,-799
714,-799
715,-799
716,-800
717,-801
718,-801
719,-801
720,-802
721,-803
722,-803
723,-804
724,-804
725,-805
726,-806
727,-807
728,-807
729,-807
730,-808
731,-808
732,-808
733,-808
734,-808
735,-809
736,-810
736,-811
737,-811
738,-812
739,-813
740,-813
741,-813
742,-814
743,-814
744,-815
745,-816
746,-816
747,-817
748,-817
749,-817
750,-817
751,-817
752,-817
753,-817
754,-818
755,-818
756,-818
757,-818
758,-818
759,-818
760,-819
760,-820
760,-821
761,-821
762,-821
763,-821
764,-821
765,-821
766,-822
767,-823
768,-823
769,-823
770,-824
771,-824
772,-824
773,-825
774,-825
775,-825
776,-826
777,-826
778,-826
779,-826
780,-826
781,-827
782,-827
783,-827
784,-828
785,-828
786,-828
787,-829
788,-829
789,-829
790,-829
791,-829
792,-830
793,-830
794,-830
795,-830
796,-830
797,-830
798,-831
799,-831
800,-831
801,-831
802,-832
803,-832
804,-832
805,-832
806,-833
807,-833
808,-833
809,-833
810,-833
811,-833
812,-833
813,-833
814,-834
815,-834
816,-834
817,-834
818,-834
819,-834
820,-834
821,-834
822,-834
823,-834
824,-834
825,-835
826,-835
827,-835
828,-835
829,-835
830,-835
831,-836
832,-836
833,-836
834,-836
835,-836
836,-836
837,-836
838,-836
839,-836
840,-836
841,-836
842,-836
843,-836
844,-836
845,-836
846,-836
847,-836
848,-836
849,-836
850,-836
851,-836
852,-836
853,-836
854,-836
855,-836
856,-836
857,-836
858,-836
859,-836
860,-836
861,-835
862,-835
863,-835
864,-835
865,-835
866,-835
867,-835
868,-835
869,-835
870,-835
871,-835
872,-835
873,-835
874,-835
875,-835
876,-834
877,-834
878,-834
879,-834
880,-833
881,-833
882,-833
883,-833
883,-832
884,-831
885,-831
886,-831
887,-831
888,-831
889,-830
890,-830
891,-830
892,-830
893,-830
894,-829
895,-829
896,-829
897,-829
898,-829
899,-829
900,-829
901,-829
902,-829
903,-829
904,-828
904,-827
904,-826
904,-825
905,-824
906,-824
907,-823
908,-823
909,-822
910,-822
911,-822
912,-823
912,-824
913,-824
914,-824
915,-825
916,-825
917,-825
918,-825
919,-825
920,-825
921,-825
922,-825
923,-825
924,-825
924,-824
924,-823
924,-822
925,-821
926,-821
927,-820
928,-819
929,-819
930,-819
931,-818
932,-818
933,-818
934,-818
935,-819
936,-819
937,-819
938,-819
939,-819
940,-819
941,-819
942,-819
943,-819
944,-818
945,-818
946,-818
946,-817
946,-816
947,-815
948,-815
949,-815
950,-815
951,-815
952,-814
953,-814
954,-814
955,-814
956,-814
957,-814
958,-814
959,-815
959,-816
960,-816
961,-817
962,-817
963,-817
964,-818
965,-818
966,-819
967,-819
968,-819
969,-819
970,-819
971,-819
972,-819
973,-819
974,-818
975,-818
976,-817
977,-816
978,-816
979,-816
980,-816
981,-816
982,-816
983,-816
984,-816
985,-816
986,-816
987,-816
988,-816
989,-816
990,-816
991,-816
992,-816
993,-816
994,-816
995,-816
996,-816
997,-815
998,-815
998,-814
998,-813
999,-812
999,-811
999,-810
999,-809
999,-808
998,-807
998,-806
998,-805
997,-805
996,-804
996,-803
996,-802
996,-801
995,-800
994,-800
993,-799
993,-798
993,-797
993,-796
992,-796
991,-795
991,-794
991,-793
991,-792
990,-792
989,-791
988,-791
987,-791
986,-791
985,-791
984,-790
984,-789
984,-788
984,-787
984,-786
984,-785
985,-784
986,-783
987,-783
988,-782
989,-781
990,-781
991,-780
992,-780
993,-780
993,-779
993,-778
993,-777
993,-776
992,-775
991,-774
991,-773
990,-773
989,-772
988,-771
988,-770
987,-769
986,-768
985,-768
984,-767
983,-766
982,-765
981,-764
980,-763
979,-762
978,-761
977,-760
976,-759
975,-758
974,-757
973,-756
972,-755
971,-754
970,-753
969,-753
968,-752
968,-751
967,-750
966,-749
965,-748
965,-747
964,-747
963,-746
963,-745
962,-744
961,-743
960,-742
959,-742
958,-741
957,-740
957,-739
956,-738
955,-737
954,-736
954,-735
953,-734
952,-733
951,-732
950,-732
949,-731
949,-730
948,-730
947,-729
946,-728
945,-727
945,-726
944,-726
943,-725
942,-724
941,-723
940,-722
939,-722
938,-721
937,-720
936,-719
935,-718
934,-717
933,-717
932,-716
931,-715
930,-714
929,-714
928,-713
927,-713
926,-713
925,-712
925,-711
924,-710
924,-709
923,-708
922,-707
921,-706
920,-706
919,-705
918,-705
917,-705
916,-704
915,-703
914,-702
913,-701
912,-701
911,-701
910,-700
909,-699
908,-699
907,-698
906,-697
905,-697
904,-696
903,-696
902,-696
901,-695
900,-694
899,-693
898,-693
897,-693
896,-692
895,-692
894,-691
893,-691
892,-690
891,-689
890,-689
889,-688
888,-688
887,-688
886,-687
886,-686
885,-686
884,-686
883,-686
882,-686
881,-686
880,-686
879,-685
879,-684
879,-683
878,-683
877,-682
876,-682
875,-682
874,-681
873,-681
872,-680
871,-680
870,-680
869,-680
868,-679
867,-679
866,-678
865,-678
864,-677
863,-677
862,-677
861,-676
860,-676
859,-676
858,-676
857,-675
856,-675
855,-675
854,-674
853,-674
852,-674
851,-674
850,-673
849,-673
848,-673
847,-673
846,-673
845,-672
844,-672
843,-672
842,-672
841,-672
840,-671
839,-671
838,-670
837,-670
836,-670
835,-670
834,-670
833,-669
832,-669
831,-669
830,-669
829,-669
828,-668
827,-668
826,-668
825,-668
824,-668
823,-668
822,-667
821,-667
820,-667
819,-667
818,-667
817,-667
816,-667
815,-667
814,-667
813,-667
812,-666
811,-666
810,-666
809,-665
808,-665
807,-665
806,-665
805,-665
804,-665
803,-665
802,-665
801,-665
800,-665
799,-665
798,-665
797,-665
796,-665
795,-665
794,-665
793,-665
792,-665
791,-665
790,-665
789,-665
788,-665
787,-665
786,-665
785,-665
784,-665
783,-665
782,-665
781,-665
780,-665
779,-665
778,-665
777,-666
776,-666
775,-666
774,-666
773,-666
772,-666
771,-666
770,-666
769,-666
768,-666
767,-666
766,-666
765,-666
764,-666
763,-667
762,-667
761,-667
760,-667
759,-668
758,-668
757,-668
756,-668
755,-668
754,-668
753,-669
752,-669
751,-669
750,-669
749,-670
748,-670
747,-670
746,-670
746,-671
745,-672
744,-672
743,-672
742,-672
741,-672
740,-672
739,-672
738,-672
737,-673
736,-673
735,-673
734,-673
733,-674
732,-674
731,-674
730,-675
729,-675
728,-676
727,-676
726,-676
725,-676
724,-677
723,-677
722,-678
721,-679
720,-679
719,-679
718,-680
717,-680
716,-680
715,-681
714,-681
713,-681
712,-681
711,-682
710,-683
709,-683
708,-684
707,-684
706,-685
705,-685
704,-685
703,-686
702,-686
701,-687
700,-688
699,-688
698,-688
697,-689
696,-689
695,-690
694,-691
693,-691
692,-691
691,-691
690,-692
689,-693
688,-693
687,-694
686,-694
685,-694
684,-695
683,-696
682,-696
681,-696
680,-696
679,-697
678,-697
677,-697
676,-697
675,-697
674,-698
673,-698
672,-699
671,-699
670,-699
669,-699
668,-699
667,-699
666,-699
665,-699
664,-699
663,-699
662,-699
661,-699
660,-700
659,-700
658,-700
657,-700
656,-700
655,-700
654,-700
653,-700
652,-700
651,-700
650,-700
649,-700
648,-700
647,-700
646,-700
645,-700
644,-700
643,-700
642,-700
641,-700
640,-700
639,-700
638,-700
637,-700
636,-700
635,-700
634,-700
633,-700
632,-700
631,-700
630,-700
629,-700
628,-700
627,-700
626,-700
625,-700
624,-700
623,-700
622,-700
621,-700
620,-700
619,-700
618,-700
617,-700
616,-700
615,-700
614,-700
613,-700
612,-700
611,-700
610,-700
609,-700
608,-700
607,-700
606,-700
605,-700
604,-700
603,-700
602,-700
601,-700
600,-700
599,-700
598,-700
597,-700
596,-700
595,-700
594,-700
593,-700
592,-700
591,-700
590,-700
589,-700
588,-700
587,-700
586,-700
585,-700
584,-700
583,-700
582,-700
581,-700
580,-700
579,-700
578,-700
577,-700
576,-700
575,-700
574,-700
573,-700
572,-700
571,-700
570,-700
569,-700
568,-700
567,-700
566,-700
565,-700
564,-700
563,-700
562,-701
561,-701
560,-701
559,-701
558,-701
557,-701
556,-701
555,-701
554,-701
553,-701
552,-701
551,-701
550,-701
549,-701
548,-701
547,-701
546,-701
545,-702
544,-702
543,-702
542,-702
541,-702
540,-702
539,-702
538,-702
538,-703
538,-704
538,-705
538,-706
539,-706
540,-707
540,-708
540,-709
539,-710
538,-710
537,-710
536,-710
536,-711
535,-712
534,-712
533,-712
532,-712
531,-712
530,-712
529,-712
528,-712
527,-712
526,-712
525,-712
524,-712
523,-712
522,-711
521,-711
520,-711
519,-711
518,-711
517,-710
516,-710
515,-710
514,-710
513,-710
512,-710
511,-710
510,-710
509,-709
508,-709
507,-709
506,-709
505,-709
504,-709
504,-710
504,-711
504,-712
504,-713
504,-714
503,-715
