428,-702
428,-703
428,-704
428,-705
428,-706
428,-707
429,-708
430,-709
431,-710
432,-711
433,-712
434,-713
435,-713
436,-714
437,-714
438,-714
439,-714
440,-714
441,-715
441,-716
442,-717
442,-718
443,-718
444,-719
445,-719
446,-720
446,-721
446,-722
447,-723
447,-724
448,-725
449,-725
450,-725
451,-726
452,-726
453,-727
454,-728
454,-729
455,-729
456,-730
457,-730
458,-731
459,-732
459,-733
460,-733
461,-734
462,-734
463,-735
464,-736
465,-736
466,-737
467,-738
468,-738
469,-739
470,-740
471,-740
472,-740
473,-740
474,-741
474,-742
475,-743
476,-744
477,-745
478,-746
479,-747
480,-748
481,-749
482,-750
483,-751
484,-751
485,-752
485,-753
486,-754
487,-754
488,-755
489,-755
490,-756
490,-757
490,-758
490,-759
491,-759
492,-759
493,-760
494,-761
494,-762
495,-762
496,-762
497,-763
497,-764
497,-765
498,-765
499,-765
500,-766
501,-767
502,-767
503,-768
504,-769
504,-770
504,-771
504,-772
505,-773
506,-773
507,-773
508,-773
509,-774
509,-775
510,-775
511,-775
512,-776
512,-777
513,-778
513,-779
513,-780
514,-780
515,-780
516,-781
517,-781
518,-782
519,-783
519,-784
520,-784
521,-784
522,-785
522,-786
523,-786
524,-787
524,-788
525,-789
526,-789
527,-790
528,-790
529,-790
530,-791
531,-792
532,-793
533,-794
533,-795
534,-795
535,-796
536,-797
537,-798
538,-799
539,-800
540,-801
541,-801
542,-801
543,-801
544,-802
545,-802
546,-803
547,-804
548,-805
549,-806
550,-807
551,-807
552,-808
553,-809
553,-810
554,-811
555,-811
556,-811
557,-812
558,-812
559,-813
560,-814
560,-815
561,-815
562,-815
563,-815
564,-816
565,-817
566,-817
567,-818
568,-818
569,-818
570,-818
571,-819
571,-820
572,-820
573,-820
574,-821
574,-822
574,-823
575,-823
576,-824
577,-824
578,-824
579,-825
579,-826
580,-826
581,-827
581,-828
582,-828
583,-828
584,-828
585,-829
586,-829
587,-830
588,-831
589,-831
590,-831
591,-832
592,-833
593,-834
594,-834
595,-834
596,-834
597,-835
597,-836
598,-836
599,-836
600,-837
601,-837
602,-837
603,-838
603,-839
604,-839
605,-840
606,-840
607,-840
608,-841
609,-841
610,-841
611,-841
612,-841
613,-841
614,-842
615,-843
616,-843
617,-843
618,-844
619,-844
620,-844
621,-845
622,-846
623,-846
624,-846
625,-847
626,-847
627,-847
628,-848
629,-848
630,-848
631,-848
632,-849
632,-850
633,-851
634,-851
635,-851
636,-851
637,-851
638,-852
639,-852
640,-852
641,-852
642,-852
643,-852
644,-853
645,-854
646,-854
647,-855
648,-856
649,-856
650,-856
651,-856
652,-856
653,-856
654,-856
655,-856
656,-856
657,-856
658,-856
659,-856
660,-857
660,-858
661,-858
662,-858
663,-859
664,-860
665,-860
666,-860
667,-860
668,-860
669,-860
670,-860
671,-860
672,-861
673,-861
674,-862
675,-862
676,-862
677,-862
678,-862
679,-862
680,-862
681,-862
682,-863
683,-863
684,-863
685,-864
686,-864
687,-865
688,-865
689,-865
690,-865
691,-865
692,-865
693,-865
694,-865
695,-865
696,-865
697,-866
698,-866
699,-866
700,-866
701,-867
702,-867
703,-867
704,-867
705,-867
706,-867
707,-867
708,-867
709,-867
710,-867
711,-867
712,-867
713,-867
714,-867
715,-867
716,-867
717,-867
718,-867
719,-868
720,-868
721,-868
722,-868
723,-868
724,-867
725,-867
726,-867
727,-867
728,-867
729,-867
730,-867
731,-867
732,-867
733,-867
734,-867
735,-867
736,-867
737,-866
738,-866
739,-866
740,-866
741,-866
742,-866
743,-866
744,-866
745,-866
746,-866
747,-866
748,-865
749,-865
750,-865
751,-865
752,-865
753,-865
754,-865
755,-865
756,-864
757,-864
758,-864
759,-863
760,-862
761,-862
762,-862
763,-862
764,-861
765,-861
766,-861
767,-861
768,-861
769,-860
770,-860
771,-860
772,-860
773,-860
774,-860
774,-859
775,-858
776,-858
777,-858
778,-858
779,-858
780,-858
780,-857
781,-856
782,-856
783,-856
784,-856
785,-856
786,-856
787,-856
788,-856
789,-855
789,-854
789,-853
790,-852
791,-852
792,-852
793,-852
794,-851
795,-851
796,-851
797,-851
798,-851
798,-850
799,-849
800,-849
801,-849
802,-848
803,-848
804,-848
805,-848
805,-847
806,-846
807,-846
807,-845
808,-844
809,-844
810,-844
811,-844
812,-844
813,-843
814,-843
815,-842
816,-841
817,-840
818,-839
819,-839
820,-838
821,-837
822,-837
823,-836
824,-836
825,-836
826,-835
827,-834
828,-833
829,-833
830,-833
831,-832
832,-832
833,-832
834,-832
835,-831
836,-830
837,-830
838,-830
839,-829
840,-829
841,-829
842,-829
843,-829
844,-828
845,-828
846,-828
847,-828
848,-827
849,-827
850,-827
851,-827
852,-827
853,-827
854,-827
855,-826
856,-826
857,-826
858,-826
859,-826
860,-826
861,-826
862,-826
863,-826
864,-826
865,-826
866,-826
867,-825
868,-825
869,-824
870,-824
871,-824
872,-824
873,-824
874,-824
875,-824
876,-824
877,-825
878,-825
879,-826
880,-827
881,-827
882,-827
883,-827
884,-827
885,-828
886,-828
887,-828
888,-829
888,-830
888,-831
889,-831
890,-831
891,-831
892,-831
893,-831
894,-831
895,-831
896,-832
896,-833
896,-834
896,-835
897,-836
898,-837
899,-837
900,-837
901,-837
902,-837
903,-837
904,-838
905,-838
906,-838
907,-838
908,-838
909,-838
910,-838
911,-839
911,-840
911,-841
911,-842
912,-842
913,-842
914,-842
915,-842
916,-842
917,-842
918,-842
919,-842
920,-842
921,-842
922,-843
922,-844
923,-844
924,-844
925,-844
926,-845
926,-846
927,-846
928,-847
929,-847
930,-847
931,-847
932,-847
933,-847
934,-847
935,-847
936,-847
937,-847
938,-847
939,-848
940,-848
941,-849
942,-850
943,-850
944,-850
945,-851
946,-851
947,-851
948,-851
949,-851
950,-852
951,-852
952,-852
953,-852
954,-852
955,-852
956,-852
957,-852
958,-853
959,-854
960,-854
961,-854
962,-854
963,-854
964,-855
965,-855
966,-855
967,-855
968,-855
969,-855
970,-855
971,-855
972,-856
973,-856
974,-857
975,-857
976,-857
977,-857
978,-857
979,-857
980,-857
981,-858
982,-858
983,-858
984,-858
985,-858
986,-858
987,-858
988,-859
988,-860
989,-860
990,-860
991,-860
992,-860
993,-860
994,-860
995,-860
996,-860
997,-860
998,-860
999,-860
1000,-860
1001,-860
1002,-861
1003,-861
1004,-861
1005,-861
1006,-861
1007,-861
1008,-861
1009,-861
1010,-861
1011,-862
1012,-862
1013,-862
1014,-863
1014,-864
1014,-865
1015,-865
1016,-865
1017,-865
1018,-865
1019,-864
1020,-864
1021,-864
1022,-864
1023,-864
1024,-865
1025,-865
1026,-865
1027,-865
1028,-865
1029,-865
1030,-865
1031,-865
1032,-864
1033,-864
1034,-864
1035,-864
1036,-863
1037,-862
1038,-862
1039,-861
1040,-860
1041,-860
1042,-859
1043,-859
1044,-859
1045,-859
1046,-859
1047,-859
1048,-859
1049,-859
1050,-859
1051,-859
1052,-859
1053,-859
1054,-860
1055,-860
1056,-860
1057,-860
1058,-860
1059,-860
1060,-860
1061,-860
1062,-861
1062,-862
1062,-863
1062,-864
1062,-865
1062,-866
1062,-867
1062,-868
1062,-869
1062,-870
1063,-870
1064,-870
1065,-870
1066,-870
1067,-870
1068,-869
1068,-868
1068,-867
1068,-866
1068,-865
1068,-864
1068,-863
1068,-862
1068,-861
1068,-860
1068,-859
1068,-858
1068,-857
1068,-856
1068,-855
1068,-854
1068,-853
1068,-852
1068,-851
1069,-850
1069,-849
1069,-848
1069,-847
1069,-846
1069,-845
1069,-844
1069,-843
1069,-842
1070,-841
1071,-841
1072,-841
1073,-841
1073,-840
1073,-839
1073,-838
1073,-837
1073,-836
1073,-835
1073,-834
1072,-833
1072,-832
1072,-831
1072,-830
1071,-829
1070,-828
1070,-827
1069,-826
1068,-825
1068,-824
1067,-823
1067,-822
1066,-821
1066,-820
1065,-820
1064,-819
1064,-818
1064,-817
1063,-817
1062,-817
1061,-817
1060,-817
1059,-816
1058,-816
1057,-816
1056,-816
1055,-816
1054,-816
1053,-816
1052,-816
1051,-816
1050,-817
1049,-817
1048,-817
1047,-816
1046,-816
1045,-816
1044,-816
1043,-816
1042,-816
1041,-816
1040,-816
1039,-816
1038,-816
1037,-816
1036,-816
1035,-816
1034,-816
1033,-816
1032,-816
1031,-815
1030,-815
1029,-815
1028,-814
1027,-814
1026,-813
1025,-813
1024,-812
1023,-812
1022,-812
1021,-812
1020,-812
1019,-811
1018,-810
1017,-809
1016,-809
1015,-808
1015,-807
1014,-807
1013,-807
1012,-807
1011,-807
1010,-807
1009,-806
1009,-805
1008,-804
1007,-804
1006,-804
1005,-803
1005,-802
1005,-801
1006,-800
1007,-800
1008,-800
1009,-800
1010,-799
1011,-799
1012,-799
1012,-798
1013,-797
1014,-797
1015,-797
1016,-797
1017,-798
1018,-798
1019,-799
1020,-799
1021,-800
1022,-800
1023,-800
1024,-800
1025,-800
1025,-799
1026,-798
1027,-798
1028,-798
1029,-798
1030,-798
1031,-798
1032,-798
1033,-798
1034,-798
1035,-798
1036,-797
1036,-796
1036,-795
1036,-794
1036,-793
1035,-793
1034,-793
1033,-792
1033,-791
1033,-790
1033,-789
1032,-789
1031,-788
1030,-788
1029,-788
1028,-788
1027,-788
1026,-788
1025,-788
1024,-788
1023,-787
1022,-787
1021,-787
1020,-787
1019,-787
1018,-787
1017,-787
1016,-787
1015,-787
1014,-787
1013,-787
1012,-786
1011,-786
1010,-786
1009,-786
1008,-786
1007,-786
1006,-786
1005,-786
1004,-786
1003,-786
1002,-786
1001,-786
1000,-786
999,-785
998,-785
997,-785
996,-785
995,-785
994,-785
993,-785
992,-785
991,-784
990,-784
989,-784
988,-783
987,-783
986,-783
985,-783
984,-783
983,-783
982,-783
981,-783
980,-783
979,-783
978,-783
977,-782
976,-782
975,-782
974,-782
973,-782
972,-782
971,-782
970,-782
969,-781
968,-781
967,-781
966,-781
965,-781
964,-781
963,-781
962,-780
961,-780
960,-780
959,-780
958,-780
957,-780
956,-780
955,-780
954,-780
953,-780
952,-779
951,-779
950,-779
949,-779
948,-779
947,-779
946,-779
945,-778
944,-778
943,-778
942,-778
941,-778
940,-778
939,-777
938,-777
937,-777
936,-777
935,-777
934,-777
933,-776
932,-776
931,-776
930,-776
929,-776
928,-776
927,-776
926,-775
925,-775
924,-775
923,-775
922,-775
921,-774
920,-774
919,-774
918,-774
917,-774
916,-774
915,-774
914,-774
913,-774
912,-774
911,-773
910,-773
909,-772
908,-772
907,-772
906,-772
905,-771
904,-771
903,-771
902,-771
901,-771
900,-771
899,-771
898,-771
897,-770
896,-770
895,-769
894,-769
893,-769
892,-769
891,-769
890,-769
889,-769
888,-768
887,-768
886,-768
885,-768
884,-768
883,-768
882,-768
881,-767
880,-767
879,-767
878,-767
877,-766
876,-766
875,-766
874,-766
873,-766
872,-766
871,-766
870,-765
869,-765
868,-765
867,-765
866,-764
865,-764
864,-763
863,-763
862,-763
861,-763
860,-763
859,-762
858,-762
857,-761
856,-760
855,-759
854,-758
854,-757
854,-756
853,-756
852,-755
851,-754
850,-753
850,-752
849,-751
849,-750
848,-749
848,-748
847,-747
847,-746
846,-745
846,-744
845,-743
844,-742
844,-741
844,-740
843,-739
843,-738
842,-737
842,-736
841,-735
841,-734
840,-733
840,-732
839,-731
838,-730
838,-729
837,-728
837,-727
836,-726
835,-725
835,-724
834,-723
833,-722
832,-721
832,-720
831,-719
831,-718
830,-717
829,-716
829,-715
828,-714
828,-713
827,-712
826,-711
825,-710
825,-709
824,-708
823,-708
822,-707
821,-706
821,-705
820,-704
819,-703
818,-702
817,-701
816,-700
815,-699
814,-699
813,-698
812,-697
811,-696
810,-696
809,-695
808,-694
808,-693
807,-693
806,-692
805,-691
804,-690
803,-689
802,-689
801,-688
800,-687
799,-686
798,-686
797,-685
796,-685
795,-684
794,-683
793,-683
792,-682
791,-681
790,-680
789,-680
788,-680
787,-680
786,-679
785,-679
784,-678
783,-677
782,-676
781,-675
780,-674
779,-674
778,-673
777,-672
776,-672
775,-672
774,-671
773,-670
772,-670
771,-669
770,-669
769,-669
768,-669
767,-668
766,-668
765,-667
765,-666
764,-666
763,-665
762,-665
761,-664
760,-664
759,-664
758,-663
757,-663
756,-662
755,-662
754,-661
753,-661
752,-660
751,-660
750,-659
749,-659
748,-659
747,-659
746,-658
745,-658
744,-657
743,-657
742,-657
741,-656
740,-656
739,-656
738,-655
737,-655
736,-655
735,-655
734,-654
733,-654
732,-653
731,-652
730,-652
729,-652
728,-651
727,-651
726,-650
725,-650
724,-650
723,-649
722,-648
721,-648
720,-648
719,-647
718,-647
717,-647
716,-646
715,-646
714,-645
713,-645
712,-644
711,-644
710,-644
709,-643
708,-643
707,-643
706,-643
705,-643
704,-643
703,-643
702,-642
701,-642
700,-642
699,-641
698,-641
697,-640
696,-640
695,-640
694,-640
693,-640
692,-639
691,-639
690,-638
689,-638
688,-638
687,-638
686,-638
685,-637
684,-637
683,-637
682,-637
681,-636
680,-636
679,-636
678,-636
677,-636
676,-636
675,-636
674,-636
673,-636
672,-636
671,-636
670,-636
669,-636
668,-636
667,-636
666,-635
665,-635
664,-635
663,-634
663,-633
662,-633
661,-633
660,-633
659,-633
658,-633
657,-633
656,-633
655,-633
654,-632
653,-632
652,-632
651,-632
650,-632
649,-632
648,-632
647,-632
646,-632
645,-632
644,-632
643,-632
642,-632
641,-632
640,-632
639,-632
638,-632
637,-632
636,-632
635,-632
634,-632
633,-631
632,-631
631,-631
630,-631
629,-631
628,-632
627,-632
626,-632
625,-632
624,-632
623,-631
622,-631
621,-631
620,-631
619,-631
618,-631
617,-631
616,-631
615,-631
614,-631
613,-631
612,-631
611,-631
610,-631
609,-632
608,-632
607,-632
606,-632
605,-632
604,-632
603,-632
602,-632
601,-632
600,-632
599,-632
598,-632
597,-632
596,-632
595,-632
594,-633
593,-633
592,-633
591,-633
590,-633
589,-633
588,-633
587,-633
586,-634
585,-634
584,-634
583,-634
582,-634
581,-635
580,-635
579,-635
578,-636
577,-636
576,-636
575,-636
574,-636
573,-636
572,-636
571,-636
570,-636
569,-636
568,-636
567,-636
566,-636
565,-636
564,-637
563,-637
562,-637
561,-637
560,-637
559,-638
558,-638
557,-639
556,-639
555,-639
554,-639
553,-640
552,-640
551,-640
550,-640
549,-640
548,-640
547,-640
546,-641
545,-642
544,-642
543,-642
542,-643
541,-643
540,-643
539,-643
538,-643
537,-643
536,-643
535,-643
534,-644
533,-644
532,-644
531,-645
530,-645
529,-645
528,-646
527,-646
526,-647
525,-647
524,-648
523,-648
522,-649
521,-649
520,-649
519,-649
518,-650
517,-650
516,-650
515,-651
514,-651
513,-651
512,-651
511,-652
510,-652
509,-652
508,-652
507,-653
506,-654
505,-654
504,-654
503,-655
502,-655
501,-655
500,-655
499,-655
498,-656
497,-656
496,-657
496,-658
495,-659
494,-659
493,-659
492,-659
491,-659
490,-659
489,-660
488,-660
487,-661
486,-661
485,-662
484,-662
483,-663
482,-663
481,-664
480,-664
479,-664
478,-665
477,-665
476,-665
475,-666
474,-666
473,-667
472,-667
471,-668
470,-668
469,-668
468,-669
467,-669
466,-670
465,-671
464,-671
463,-671
462,-672
461,-672
460,-672
459,-672
458,-673
457,-673
456,-674
455,-674
454,-674
453,-675
452,-675
451,-676
450,-677
449,-677
448,-678
447,-679
446,-679
445,-680
444,-681
443,-681
442,-682
441,-683
440,-684
439,-684
438,-685
437,-686
436,-687
435,-688
434,-689
433,-690
433,-691
433,-692
433,-693
433,-694
433,-695
433,-696
433,-697
432,-698
431,-698
431,-699
430,-700
429,-701
428,-702
