474,-915
474,-916
474,-917
474,-918
474,-919
474,-920
474,-921
474,-922
474,-923
474,-924
474,-925
474,-926
474,-927
474,-928
474,-929
474,-930
474,-931
474,-932
474,-933
475,-934
475,-935
475,-936
476,-936
477,-936
478,-936
479,-936
480,-937
481,-938
482,-938
483,-939
484,-939
485,-939
486,-939
487,-939
488,-940
489,-940
490,-940
491,-940
492,-940
493,-941
494,-941
495,-941
496,-941
497,-941
498,-941
499,-941
500,-941
501,-941
502,-942
503,-942
504,-942
505,-942
506,-942
507,-942
508,-942
509,-942
510,-942
511,-942
512,-942
513,-942
514,-942
515,-942
516,-942
517,-942
518,-942
519,-942
520,-942
521,-942
522,-942
523,-942
524,-942
525,-942
526,-942
527,-942
528,-942
529,-942
530,-942
531,-941
532,-941
533,-941
534,-941
535,-941
536,-941
537,-941
538,-941
539,-941
540,-941
541,-941
542,-941
543,-941
544,-941
545,-940
546,-940
547,-940
548,-940
549,-940
550,-940
551,-940
552,-940
553,-940
554,-940
555,-939
556,-939
557,-939
558,-939
559,-939
560,-939
561,-939
562,-938
563,-937
564,-937
565,-937
566,-937
567,-937
568,-937
569,-937
570,-936
571,-936
572,-936
573,-936
574,-936
575,-936
576,-936
577,-935
578,-935
579,-935
580,-935
581,-935
582,-935
583,-935
584,-934
585,-934
586,-933
587,-933
588,-933
589,-933
590,-933
591,-932
592,-932
593,-932
594,-932
595,-932
596,-932
597,-931
598,-931
599,-931
600,-931
601,-931
602,-930
603,-929
604,-929
605,-928
606,-928
607,-927
608,-927
609,-927
610,-927
611,-927
612,-927
613,-927
614,-927
615,-926
616,-926
617,-926
618,-925
619,-924
620,-924
621,-924
622,-924
623,-923
624,-923
625,-923
626,-923
627,-923
628,-922
628,-921
629,-920
630,-920
631,-920
632,-920
633,-920
634,-919
635,-919
636,-918
637,-918
638,-917
639,-917
640,-917
641,-916
642,-916
643,-916
644,-916
645,-915
646,-914
647,-914
648,-913
649,-913
650,-912
651,-912
652,-912
653,-912
654,-911
655,-911
656,-910
657,-910
658,-909
659,-908
660,-908
661,-907
662,-907
663,-907
664,-906
665,-905
666,-905
667,-905
668,-904
669,-903
670,-903
671,-903
672,-902
673,-902
674,-901
675,-900
676,-900
677,-900
678,-899
679,-899
680,-899
680,-898
681,-897
682,-897
683,-896
684,-896
684,-895
685,-894
686,-894
687,-894
687,-893
688,-892
689,-892
690,-892
691,-891
692,-891
693,-891
694,-890
695,-889
696,-888
697,-887
698,-886
699,-886
700,-886
701,-885
702,-884
703,-883
704,-883
705,-882
706,-881
707,-880
708,-879
709,-879
710,-879
710,-878
711,-877
712,-876
713,-876
714,-875
715,-875
716,-875
716,-874
717,-873
718,-873
719,-872
720,-872
721,-872
721,-871
722,-870
723,-869
724,-868
725,-867
726,-866
727,-866
728,-865
729,-864
730,-863
731,-863
732,-862
733,-861
734,-860
735,-860
736,-859
737,-858
738,-857
739,-857
740,-856
741,-855
742,-854
743,-853
744,-852
745,-851
746,-851
746,-850
747,-849
748,-848
749,-847
750,-847
750,-846
750,-845
751,-844
752,-844
753,-843
754,-842
754,-841
755,-840
756,-839
757,-839
757,-838
758,-837
759,-836
760,-835
760,-834
761,-833
762,-833
763,-832
764,-831
765,-830
765,-829
766,-828
767,-827
768,-827
769,-826
769,-825
770,-824
771,-823
772,-822
773,-821
774,-820
775,-819
776,-818
777,-817
778,-816
779,-815
779,-814
780,-813
781,-812
782,-811
782,-810
783,-809
784,-809
784,-808
785,-807
786,-806
787,-806
787,-805
787,-804
788,-803
788,-802
789,-801
790,-800
791,-799
792,-798
792,-797
793,-796
794,-795
795,-794
795,-793
796,-792
797,-791
798,-790
799,-789
799,-788
799,-787
800,-786
801,-785
801,-784
802,-783
803,-782
803,-781
804,-780
805,-779
805,-778
805,-777
806,-776
806,-775
807,-774
808,-774
808,-773
808,-772
808,-771
809,-770
810,-769
811,-769
811,-768
811,-767
811,-766
812,-765
812,-764
812,-763
812,-762
813,-761
813,-760
813,-759
814,-758
814,-757
815,-756
815,-755
815,-754
816,-753
816,-752
816,-751
817,-750
817,-749
817,-748
817,-747
817,-746
818,-745
818,-744
818,-743
818,-742
819,-741
819,-740
820,-739
820,-738
820,-737
820,-736
820,-735
820,-734
820,-733
820,-732
820,-731
821,-730
822,-730
822,-729
822,-728
822,-727
822,-726
822,-725
822,-724
822,-723
822,-722
822,-721
822,-720
822,-719
822,-718
822,-717
822,-716
822,-715
822,-714
822,-713
822,-712
822,-711
822,-710
822,-709
822,-708
823,-707
823,-706
823,-705
823,-704
823,-703
823,-702
823,-701
823,-700
823,-699
824,-698
825,-697
825,-696
826,-695
827,-694
828,-694
828,-693
828,-692
829,-691
830,-691
831,-690
831,-689
832,-688
833,-687
834,-687
835,-687
836,-687
836,-686
837,-685
838,-685
839,-685
840,-685
841,-685
842,-685
843,-685
844,-685
844,-684
844,-683
844,-682
845,-681
846,-681
847,-681
848,-681
849,-681
850,-681
851,-681
852,-681
852,-680
853,-679
854,-679
855,-679
856,-679
857,-679
858,-679
859,-678
859,-677
859,-676
860,-675
861,-674
862,-674
863,-674
864,-673
865,-673
866,-673
867,-673
868,-673
869,-673
870,-673
871,-672
871,-671
871,-670
872,-669
873,-669
874,-669
875,-669
876,-669
877,-668
878,-668
878,-667
879,-666
880,-666
881,-666
882,-665
883,-665
884,-665
885,-664
886,-664
887,-664
887,-663
888,-662
889,-662
890,-662
891,-661
891,-660
892,-659
893,-659
894,-659
895,-658
896,-657
897,-656
898,-656
899,-656
900,-656
901,-655
902,-655
903,-654
904,-654
905,-654
906,-653
907,-653
908,-653
909,-653
910,-653
911,-652
912,-652
913,-651
914,-651
915,-651
916,-651
917,-651
918,-650
919,-650
920,-650
920,-649
921,-648
922,-648
923,-648
924,-647
925,-647
926,-647
927,-647
928,-647
929,-646
930,-646
931,-646
932,-646
933,-646
934,-646
934,-645
934,-644
935,-643
936,-642
937,-642
938,-642
939,-642
940,-642
941,-642
942,-642
943,-641
944,-641
945,-641
946,-640
947,-640
948,-640
949,-640
950,-639
951,-638
952,-638
953,-638
954,-637
955,-637
956,-637
957,-637
958,-637
959,-636
960,-636
961,-636
962,-636
963,-635
964,-635
965,-635
966,-635
967,-635
968,-635
969,-635
970,-634
971,-634
972,-634
972,-633
972,-632
972,-631
973,-630
974,-630
975,-630
976,-630
977,-630
978,-630
979,-630
980,-630
981,-630
982,-630
983,-630
984,-630
985,-630
986,-630
987,-630
988,-630
989,-629
990,-629
991,-628
992,-628
993,-628
994,-628
995,-628
996,-628
997,-628
998,-628
999,-627
999,-626
1000,-625
1001,-625
1002,-625
1003,-625
1004,-625
1005,-625
1006,-625
1006,-624
1006,-623
1006,-622
1006,-621
1006,-620
1006,-619
1007,-618
1008,-618
1009,-618
1010,-618
1011,-617
1012,-617
1013,-617
1014,-617
1015,-617
1015,-616
1015,-615
1015,-614
1015,-613
1015,-612
1015,-611
1016,-610
1017,-610
1018,-609
1018,-608
1018,-607
1018,-606
1018,-605
1018,-604
1018,-603
1018,-602
1018,-601
1017,-601
1016,-601
1015,-600
1015,-599
1015,-598
1015,-597
1016,-596
1016,-595
1016,-594
1016,-593
1017,-592
1018,-592
1019,-592
1020,-592
1021,-591
1022,-591
1023,-591
1024,-591
1025,-591
1026,-591
1027,-591
1027,-590
1027,-589
1027,-588
1027,-587
1026,-587
1025,-586
1024,-586
1023,-586
1022,-586
1021,-585
1020,-585
1019,-585
1018,-584
1018,-583
1018,-582
1019,-581
1020,-581
1021,-581
1021,-580
1021,-579
1021,-578
1021,-577
1020,-577
1019,-577
1018,-577
1017,-577
1017,-578
1017,-579
1017,-580
1016,-581
1015,-581
1014,-581
1013,-581
1012,-581
1012,-582
1011,-583
1010,-584
1009,-585
1008,-585
1007,-585
1006,-584
1006,-583
1005,-582
1005,-581
1004,-580
1003,-580
1002,-579
1001,-578
1000,-578
999,-577
998,-577
997,-577
996,-576
995,-576
994,-575
993,-575
992,-575
991,-575
990,-575
989,-575
988,-575
987,-575
986,-575
985,-575
985,-576
985,-577
985,-578
984,-579
983,-580
982,-580
981,-580
980,-581
979,-582
979,-583
978,-584
977,-584
976,-584
975,-585
974,-586
973,-586
972,-586
971,-586
970,-587
969,-587
968,-588
967,-588
966,-589
965,-590
964,-591
963,-591
962,-592
961,-592
960,-592
959,-592
958,-592
957,-592
956,-592
955,-592
954,-592
953,-592
952,-592
951,-592
950,-593
949,-593
948,-593
947,-594
946,-594
945,-594
944,-595
943,-595
942,-595
941,-596
940,-596
939,-597
938,-597
937,-597
936,-597
935,-596
935,-595
935,-594
936,-593
937,-592
938,-592
939,-591
940,-591
940,-590
940,-589
941,-588
942,-588
943,-587
943,-586
943,-585
944,-584
945,-584
946,-583
947,-583
948,-583
949,-582
950,-581
951,-581
951,-580
951,-579
952,-578
953,-578
954,-577
955,-576
956,-575
957,-575
957,-574
958,-573
959,-573
960,-573
961,-572
962,-571
963,-571
964,-571
964,-570
964,-569
965,-568
966,-568
967,-567
967,-566
967,-565
967,-564
968,-563
969,-563
970,-563
971,-563
972,-563
973,-563
974,-563
974,-562
974,-561
974,-560
974,-559
973,-559
972,-559
971,-559
970,-559
970,-560
970,-561
969,-562
968,-562
967,-562
966,-562
965,-562
964,-562
963,-562
962,-562
961,-563
960,-563
959,-563
958,-564
957,-565
956,-565
955,-565
954,-566
953,-566
952,-566
951,-567
950,-568
949,-568
948,-569
947,-569
946,-569
945,-570
944,-570
943,-571
942,-572
941,-572
940,-573
939,-573
938,-574
937,-574
936,-575
935,-575
934,-575
933,-575
932,-576
931,-576
930,-576
929,-577
928,-577
927,-577
926,-578
925,-579
924,-580
923,-580
922,-580
921,-581
920,-582
919,-582
918,-582
917,-583
916,-583
915,-584
914,-585
913,-585
912,-586
911,-586
910,-586
909,-586
908,-587
907,-588
906,-589
905,-589
904,-589
903,-590
902,-590
901,-590
900,-591
899,-592
898,-592
897,-592
896,-592
895,-593
894,-593
893,-594
892,-594
891,-595
890,-595
889,-596
888,-596
887,-596
886,-597
885,-597
884,-598
883,-598
882,-599
881,-599
880,-600
879,-600
878,-600
877,-601
876,-602
875,-602
874,-602
873,-603
872,-603
871,-604
870,-605
869,-605
868,-605
867,-606
866,-606
865,-607
864,-607
863,-608
862,-608
861,-608
860,-609
859,-609
858,-609
857,-610
856,-610
855,-611
854,-611
853,-611
852,-612
851,-612
850,-612
849,-613
848,-613
847,-613
846,-614
845,-614
844,-614
843,-615
842,-615
841,-615
840,-616
839,-616
838,-616
837,-617
836,-618
835,-618
834,-618
833,-618
832,-619
831,-619
830,-619
830,-620
829,-621
828,-621
827,-621
826,-621
825,-621
824,-622
823,-622
822,-623
821,-624
820,-624
819,-624
818,-624
817,-625
816,-625
815,-625
814,-625
813,-625
812,-625
811,-625
810,-625
809,-625
808,-626
807,-626
806,-626
806,-627
805,-628
804,-628
803,-628
802,-628
801,-628
800,-628
799,-628
798,-628
797,-628
796,-629
795,-630
794,-630
793,-630
792,-630
791,-630
790,-630
789,-630
788,-630
787,-630
786,-631
785,-631
784,-631
783,-631
782,-631
781,-632
780,-632
779,-632
778,-633
777,-633
776,-633
775,-633
774,-633
773,-633
772,-633
771,-633
770,-633
769,-633
768,-633
767,-633
766,-633
765,-633
764,-633
763,-633
762,-633
761,-633
760,-633
759,-633
758,-633
757,-632
756,-632
755,-632
754,-632
753,-632
752,-632
751,-632
750,-632
749,-632
748,-632
747,-632
746,-632
745,-633
744,-633
743,-633
742,-633
741,-633
740,-633
739,-634
738,-634
737,-634
736,-634
735,-634
734,-634
733,-634
732,-635
731,-635
730,-635
729,-635
728,-635
727,-636
726,-636
725,-636
724,-636
723,-636
722,-636
721,-636
720,-636
719,-637
718,-637
717,-637
716,-638
715,-638
714,-638
713,-638
712,-638
711,-638
710,-638
709,-639
708,-639
707,-639
706,-639
705,-640
704,-641
703,-641
702,-641
701,-641
700,-641
699,-642
698,-643
697,-643
696,-643
695,-643
694,-643
693,-643
692,-643
691,-643
690,-643
689,-643
688,-643
687,-644
686,-645
685,-645
684,-645
683,-645
682,-646
681,-646
680,-646
679,-647
678,-647
677,-647
676,-648
675,-648
674,-649
673,-649
672,-650
671,-650
670,-650
669,-651
668,-652
668,-653
668,-654
667,-655
666,-655
665,-655
664,-655
663,-655
662,-655
661,-655
660,-656
659,-656
658,-657
657,-658
656,-658
655,-659
654,-659
653,-659
652,-659
651,-660
650,-660
649,-660
648,-660
648,-661
647,-662
646,-662
645,-662
644,-663
643,-663
642,-664
641,-665
640,-666
639,-666
638,-666
637,-667
636,-668
635,-669
634,-669
633,-670
632,-670
631,-671
630,-671
629,-672
628,-673
627,-674
626,-675
625,-675
624,-676
623,-677
622,-678
621,-678
620,-679
619,-680
618,-681
617,-681
616,-682
615,-683
614,-683
613,-684
612,-685
611,-686
610,-687
609,-687
608,-688
607,-689
606,-690
605,-690
604,-691
603,-692
602,-693
601,-693
600,-694
599,-695
598,-696
597,-696
597,-697
596,-698
595,-698
594,-699
593,-700
592,-701
591,-702
590,-703
589,-704
589,-705
588,-706
587,-706
586,-707
585,-708
584,-709
583,-710
582,-711
581,-712
580,-713
579,-714
578,-715
577,-716
576,-717
575,-718
574,-719
573,-720
572,-721
571,-722
570,-722
569,-723
568,-724
568,-725
567,-726
566,-726
566,-727
565,-728
564,-728
563,-729
562,-730
561,-731
560,-732
559,-733
559,-734
558,-735
557,-736
556,-737
556,-738
555,-739
554,-740
553,-741
553,-742
552,-743
551,-744
550,-745
549,-746
549,-747
548,-748
547,-749
547,-750
546,-751
545,-752
545,-753
544,-754
543,-755
542,-756
542,-757
541,-758
541,-759
540,-760
539,-760
539,-761
538,-762
537,-763
537,-764
536,-765
535,-766
535,-767
534,-768
534,-769
533,-770
533,-771
532,-772
531,-773
530,-774
530,-775
530,-776
529,-777
529,-778
528,-779
528,-780
527,-781
527,-782
526,-783
526,-784
525,-785
525,-786
524,-787
524,-788
523,-789
522,-790
522,-791
522,-792
521,-793
521,-794
521,-795
520,-796
520,-797
519,-798
519,-799
518,-800
517,-801
517,-802
517,-803
516,-804
515,-805
515,-806
514,-807
514,-808
513,-809
513,-810
513,-811
513,-812
512,-813
512,-814
511,-815
510,-816
510,-817
510,-818
509,-819
509,-820
508,-821
508,-822
507,-823
507,-824
507,-825
507,-826
506,-827
506,-828
506,-829
505,-830
505,-831
505,-832
505,-833
504,-834
503,-835
503,-836
502,-837
502,-838
502,-839
502,-840
501,-841
500,-842
499,-843
499,-844
498,-845
498,-846
498,-847
498,-848
498,-849
497,-850
497,-851
496,-852
496,-853
495,-854
495,-855
495,-856
494,-857
493,-858
493,-859
493,-860
493,-861
493,-862
492,-863
492,-864
492,-865
491,-866
491,-867
491,-868
490,-869
490,-870
490,-871
489,-872
489,-873
488,-874
487,-875
487,-876
487,-877
487,-878
486,-879
486,-880
485,-881
485,-882
485,-883
484,-884
484,-885
483,-886
483,-887
482,-888
482,-889
482,-890
481,-891
481,-892
480,-893
480,-894
480,-895
480,-896
479,-897
479,-898
478,-899
478,-900
478,-901
478,-902
478,-903
478,-904
477,-905
477,-906
477,-907
477,-908
476,-909
476,-910
476,-911
475,-912
475,-913
475,-914
474,-915
