446,-704
446,-705
446,-706
446,-707
446,-708
447,-708
448,-709
448,-710
448,-711
449,-711
450,-712
450,-713
451,-714
451,-715
452,-715
453,-716
454,-716
455,-716
456,-716
457,-716
458,-716
459,-717
459,-718
459,-719
460,-719
461,-719
462,-720
463,-720
464,-720
465,-720
466,-720
467,-721
467,-722
467,-723
468,-723
469,-724
469,-725
469,-726
469,-727
470,-727
471,-727
472,-728
473,-728
474,-729
475,-729
476,-730
476,-731
477,-731
478,-732
479,-732
480,-732
481,-732
482,-733
483,-734
484,-735
485,-735
486,-736
487,-736
488,-737
489,-737
490,-738
491,-738
492,-739
492,-740
493,-740
494,-741
495,-742
496,-742
497,-742
498,-742
499,-742
500,-743
501,-744
502,-744
503,-745
503,-746
504,-746
505,-747
506,-748
506,-749
507,-749
508,-750
509,-750
510,-751
511,-751
512,-752
512,-753
513,-754
514,-755
515,-756
516,-756
517,-757
518,-757
519,-758
520,-759
520,-760
521,-760
522,-760
523,-761
523,-762
524,-763
525,-763
526,-763
527,-764
527,-765
527,-766
528,-766
529,-767
530,-767
531,-768
532,-769
533,-770
534,-770
535,-771
536,-772
537,-773
538,-773
539,-774
539,-775
540,-775
541,-776
542,-776
543,-777
544,-778
545,-779
546,-779
547,-779
548,-780
548,-781
549,-781
550,-782
550,-783
551,-783
552,-784
552,-785
553,-786
554,-787
555,-787
556,-788
556,-789
557,-789
558,-789
559,-789
560,-789
561,-789
562,-789
563,-789
564,-789
565,-790
565,-791
566,-792
567,-792
568,-793
568,-794
568,-795
569,-795
570,-796
571,-797
572,-797
573,-798
574,-798
575,-798
576,-799
577,-800
578,-801
579,-801
580,-801
581,-802
581,-803
581,-804
582,-805
583,-805
584,-805
585,-806
586,-806
587,-806
588,-807
588,-808
589,-808
590,-808
591,-808
592,-808
593,-809
594,-810
595,-810
596,-811
597,-811
598,-812
599,-812
600,-812
601,-813
601,-814
602,-815
603,-815
604,-815
605,-816
606,-816
607,-816
608,-817
609,-818
609,-819
610,-819
611,-820
612,-821
613,-821
614,-821
615,-822
616,-822
617,-823
618,-823
619,-823
620,-824
621,-824
622,-825
622,-826
622,-827
623,-827
624,-827
625,-827
626,-827
627,-828
628,-829
629,-830
629,-831
630,-831
631,-832
632,-832
633,-832
634,-833
635,-833
636,-834
637,-835
638,-836
639,-836
640,-836
641,-836
642,-836
643,-837
644,-837
645,-837
646,-837
647,-838
647,-839
647,-840
648,-841
649,-841
650,-841
651,-842
652,-843
653,-843
654,-843
655,-844
656,-844
657,-844
658,-845
659,-845
660,-846
661,-846
662,-847
663,-847
664,-847
665,-848
666,-848
667,-848
668,-848
669,-849
670,-850
671,-850
672,-851
672,-852
673,-852
674,-852
675,-852
676,-852
677,-852
678,-853
678,-854
678,-855
679,-855
680,-855
681,-855
682,-856
683,-856
684,-856
685,-857
686,-857
687,-857
688,-857
689,-857
690,-858
691,-858
692,-859
693,-859
694,-859
695,-859
696,-860
697,-860
698,-860
699,-861
700,-861
701,-861
702,-861
703,-861
704,-862
705,-862
706,-862
707,-863
708,-864
709,-864
710,-864
711,-864
712,-864
713,-864
714,-864
715,-864
716,-865
717,-865
718,-865
719,-865
720,-865
721,-866
722,-866
723,-866
724,-866
725,-866
726,-867
727,-867
728,-867
729,-867
730,-867
731,-868
732,-868
733,-868
734,-868
735,-868
736,-868
737,-869
738,-869
739,-870
740,-870
741,-870
742,-870
743,-870
744,-870
745,-870
746,-870
747,-871
748,-871
749,-871
750,-872
751,-872
752,-872
753,-872
754,-872
755,-872
756,-872
757,-872
758,-873
758,-874
759,-874
760,-874
761,-874
762,-874
763,-874
764,-874
765,-874
766,-874
767,-874
768,-875
769,-875
770,-875
771,-875
772,-875
773,-875
774,-875
775,-875
776,-875
777,-875
778,-875
779,-875
780,-875
781,-875
782,-875
783,-875
784,-875
785,-875
786,-875
787,-875
788,-875
789,-876
790,-876
791,-876
792,-876
793,-876
794,-876
795,-876
796,-876
797,-876
798,-876
799,-876
800,-876
801,-876
802,-876
803,-876
804,-876
805,-876
806,-876
807,-876
808,-876
809,-876
810,-876
811,-876
812,-876
813,-876
814,-875
815,-875
816,-875
817,-875
818,-875
819,-875
820,-875
821,-875
822,-875
823,-875
824,-874
825,-874
826,-874
827,-874
828,-874
829,-874
830,-874
831,-873
832,-873
833,-873
834,-873
835,-873
836,-873
837,-873
838,-873
839,-873
840,-873
841,-872
842,-872
843,-872
844,-872
845,-872
846,-872
847,-871
848,-871
849,-871
850,-871
851,-871
852,-870
853,-870
854,-870
855,-869
856,-869
857,-869
858,-869
859,-869
860,-869
861,-869
862,-868
863,-868
864,-868
865,-868
866,-867
866,-866
866,-865
867,-864
868,-864
869,-864
870,-865
871,-865
872,-865
873,-865
874,-865
875,-864
876,-864
877,-864
878,-863
879,-863
880,-862
881,-862
882,-862
883,-862
884,-861
885,-860
886,-860
887,-860
888,-860
889,-859
890,-858
891,-857
892,-857
893,-857
894,-856
895,-855
896,-855
897,-854
898,-854
899,-853
900,-852
901,-852
901,-851
902,-850
903,-850
904,-849
905,-849
906,-848
907,-847
908,-846
909,-845
910,-844
911,-843
912,-842
913,-841
914,-841
915,-841
916,-840
916,-839
917,-838
918,-838
919,-837
920,-836
921,-836
922,-835
923,-835
924,-834
925,-834
926,-833
927,-832
928,-831
929,-831
930,-831
931,-830
932,-829
933,-829
933,-828
934,-827
935,-827
936,-827
937,-826
938,-826
939,-826
940,-825
941,-825
942,-824
943,-823
944,-823
945,-822
946,-822
947,-822
948,-821
949,-821
950,-820
951,-820
952,-819
953,-819
954,-819
955,-818
956,-818
957,-818
958,-818
959,-819
959,-820
960,-821
961,-822
961,-823
961,-824
961,-825
961,-826
961,-827
962,-828
962,-829
963,-829
964,-829
965,-830
966,-830
967,-831
968,-831
969,-831
970,-831
971,-831
972,-832
973,-833
973,-834
973,-835
974,-835
975,-835
976,-835
977,-835
978,-835
979,-835
980,-835
981,-835
982,-836
983,-836
984,-837
985,-837
986,-838
987,-838
988,-838
989,-838
990,-839
991,-839
992,-839
993,-840
994,-840
995,-840
996,-840
997,-840
998,-841
999,-841
1000,-841
1001,-841
1002,-841
1003,-841
1004,-841
1005,-841
1006,-841
1007,-841
1008,-842
1009,-842
1010,-842
1011,-843
1012,-843
1013,-843
1014,-843
1015,-843
1016,-843
1017,-844
1018,-845
1018,-846
1019,-846
1020,-846
1021,-846
1022,-846
1023,-846
1023,-845
1024,-844
1025,-844
1026,-844
1027,-844
1028,-844
1029,-844
1030,-844
1031,-844
1032,-844
1033,-844
1034,-845
1035,-845
1036,-845
1037,-845
1038,-846
1039,-846
1040,-847
1041,-847
1042,-847
1043,-847
1044,-847
1045,-847
1046,-847
1047,-847
1048,-847
1049,-847
1050,-847
1051,-847
1052,-847
1053,-846
1053,-845
1053,-844
1053,-843
1054,-842
1055,-842
1055,-841
1055,-840
1055,-839
1055,-838
1055,-837
1055,-836
1055,-835
1055,-834
1055,-833
1054,-832
1054,-831
1053,-830
1053,-829
1053,-828
1053,-827
1053,-826
1053,-825
1053,-824
1053,-823
1053,-822
1053,-821
1053,-820
1053,-819
1053,-818
1053,-817
1053,-816
1053,-815
1053,-814
1053,-813
1054,-812
1054,-811
1054,-810
1054,-809
1054,-808
1054,-807
1053,-806
1053,-805
1053,-804
1053,-803
1053,-802
1053,-801
1053,-800
1053,-799
1053,-798
1053,-797
1053,-796
1053,-795
1053,-794
1053,-793
1053,-792
1053,-791
1053,-790
1053,-789
1053,-788
1053,-787
1053,-786
1053,-785
1053,-784
1053,-783
1053,-782
1053,-781
1053,-780
1053,-779
1053,-778
1053,-777
1053,-776
1053,-775
1052,-775
1051,-775
1050,-775
1049,-774
1048,-774
1047,-774
1046,-773
1045,-773
1044,-773
1043,-772
1042,-772
1041,-772
1040,-771
1039,-771
1038,-771
1037,-770
1036,-770
1035,-770
1034,-770
1033,-769
1032,-769
1031,-769
1030,-769
1029,-768
1028,-768
1027,-767
1026,-767
1025,-767
1024,-766
1023,-766
1022,-766
1021,-765
1020,-765
1019,-764
1018,-764
1017,-764
1016,-763
1015,-763
1014,-763
1013,-762
1012,-762
1011,-761
1010,-761
1009,-761
1008,-760
1007,-760
1006,-760
1005,-759
1004,-759
1003,-758
1002,-758
1001,-757
1000,-757
999,-757
998,-756
997,-756
996,-755
995,-755
994,-754
993,-754
992,-754
991,-753
990,-753
989,-752
988,-752
987,-751
986,-751
985,-750
984,-750
983,-749
982,-749
981,-748
980,-748
979,-747
978,-747
977,-746
976,-745
975,-745
974,-744
973,-744
972,-743
971,-742
970,-742
969,-741
968,-740
967,-739
966,-739
965,-738
964,-737
963,-736
962,-736
961,-735
960,-734
959,-733
958,-732
957,-731
956,-730
955,-730
954,-729
953,-728
952,-727
951,-726
950,-726
949,-725
949,-724
948,-723
947,-722
946,-721
945,-720
944,-720
943,-719
943,-718
942,-718
941,-717
940,-716
940,-715
939,-714
938,-713
937,-712
936,-711
935,-710
934,-710
933,-709
932,-708
931,-707
930,-706
929,-705
928,-704
927,-704
926,-703
925,-702
924,-701
923,-700
922,-700
921,-699
920,-698
919,-697
918,-697
917,-696
916,-695
915,-695
914,-694
913,-693
912,-693
911,-692
910,-691
909,-691
908,-690
907,-689
906,-689
905,-688
904,-687
903,-687
902,-686
901,-685
900,-685
899,-684
898,-683
897,-682
896,-682
895,-681
894,-680
893,-680
892,-679
891,-678
890,-678
889,-677
888,-676
887,-676
886,-675
885,-675
884,-674
883,-673
882,-673
881,-673
880,-672
879,-671
878,-671
877,-670
876,-669
875,-669
874,-668
873,-668
872,-668
871,-667
870,-667
869,-666
868,-665
867,-664
866,-664
865,-663
864,-663
863,-662
862,-661
861,-661
860,-661
859,-660
858,-660
857,-659
856,-659
855,-658
854,-658
853,-657
852,-657
851,-656
850,-656
849,-656
848,-655
847,-655
846,-655
845,-654
844,-653
843,-653
842,-653
841,-652
840,-652
839,-652
838,-651
837,-651
836,-651
835,-650
834,-650
833,-649
832,-649
831,-648
830,-648
829,-648
828,-648
827,-647
826,-647
825,-646
824,-646
823,-645
822,-645
821,-644
820,-644
819,-644
818,-643
817,-643
816,-643
815,-642
814,-642
813,-642
812,-642
811,-641
810,-641
809,-641
808,-640
807,-640
806,-640
805,-640
804,-640
803,-639
802,-639
801,-638
800,-638
799,-637
798,-637
797,-637
796,-637
795,-637
794,-636
793,-636
792,-636
791,-636
790,-635
789,-635
788,-635
787,-635
786,-634
785,-634
784,-634
783,-634
782,-633
781,-633
780,-633
779,-633
778,-633
777,-633
776,-633
775,-633
774,-633
773,-632
772,-632
771,-631
770,-631
769,-631
768,-630
767,-630
766,-630
765,-630
764,-630
763,-630
762,-630
761,-630
760,-629
759,-629
758,-629
757,-629
756,-629
755,-629
754,-629
753,-629
752,-628
751,-628
750,-628
749,-628
748,-628
747,-628
746,-628
745,-628
744,-627
743,-627
742,-627
741,-627
740,-627
739,-627
738,-627
737,-626
736,-626
735,-626
734,-626
733,-626
732,-626
731,-626
730,-626
729,-626
728,-626
727,-626
726,-626
725,-626
724,-626
723,-626
722,-626
721,-626
720,-626
719,-626
718,-626
717,-626
716,-626
715,-626
714,-626
713,-626
712,-626
711,-626
710,-626
709,-625
708,-625
707,-625
706,-625
705,-625
704,-626
703,-626
702,-626
701,-626
700,-626
699,-626
698,-626
697,-626
696,-626
695,-626
694,-626
693,-626
692,-626
691,-626
690,-626
689,-626
688,-626
687,-626
686,-626
685,-626
684,-626
683,-626
682,-626
681,-626
680,-626
679,-626
678,-626
677,-626
676,-626
675,-626
674,-626
673,-626
672,-626
671,-626
670,-626
669,-627
668,-627
667,-627
666,-627
665,-627
664,-627
663,-628
662,-628
661,-628
660,-628
659,-628
658,-628
657,-628
656,-628
655,-628
654,-628
653,-629
652,-629
651,-629
650,-629
649,-629
648,-629
647,-629
646,-629
645,-630
644,-630
643,-630
642,-630
641,-630
640,-630
639,-630
638,-630
637,-630
636,-631
635,-631
634,-631
633,-632
632,-632
631,-632
630,-632
629,-632
628,-632
627,-633
626,-633
625,-634
624,-634
623,-634
622,-634
621,-634
620,-634
619,-634
618,-634
617,-635
616,-635
615,-636
614,-636
613,-636
612,-636
611,-636
610,-637
609,-637
608,-637
607,-637
606,-637
605,-637
604,-637
603,-638
602,-638
601,-638
600,-639
599,-639
598,-639
597,-640
596,-640
595,-640
594,-640
593,-641
592,-641
591,-641
590,-641
589,-641
588,-642
587,-642
586,-642
585,-643
584,-644
583,-644
582,-645
581,-645
580,-645
579,-645
578,-645
577,-645
576,-645
575,-646
574,-646
573,-646
572,-647
571,-648
570,-648
569,-648
568,-648
567,-649
566,-649
565,-649
564,-649
563,-649
562,-650
561,-650
560,-651
559,-651
558,-652
557,-652
556,-652
555,-652
554,-652
553,-653
552,-653
551,-653
550,-653
549,-654
548,-654
547,-654
546,-655
545,-655
544,-655
543,-656
542,-656
541,-657
540,-657
539,-657
538,-658
537,-658
536,-658
535,-658
534,-659
533,-659
532,-660
531,-660
530,-661
529,-661
528,-661
527,-661
526,-661
525,-662
524,-663
523,-663
522,-663
521,-664
520,-664
519,-664
518,-664
517,-665
516,-665
515,-666
514,-666
513,-666
512,-667
511,-667
510,-667
509,-668
508,-668
507,-669
506,-669
505,-669
504,-670
503,-670
502,-670
501,-671
500,-671
499,-671
498,-672
497,-672
496,-672
495,-673
494,-673
493,-674
492,-674
491,-674
490,-675
489,-675
488,-675
487,-676
486,-676
485,-677
484,-677
483,-677
482,-678
481,-678
480,-679
479,-679
478,-679
477,-680
476,-680
475,-681
474,-682
473,-682
472,-683
471,-683
470,-683
469,-684
468,-685
467,-685
466,-686
465,-686
464,-687
463,-687
462,-688
461,-689
460,-689
459,-689
458,-690
457,-690
456,-691
455,-691
454,-692
453,-693
452,-694
451,-694
450,-695
450,-696
450,-697
450,-698
450,-699
450,-700
450,-701
449,-702
448,-703
447,-703
446,-704
