355,-967
355,-968
355,-969
355,-970
355,-971
355,-972
355,-973
355,-974
356,-974
357,-974
358,-975
358,-976
359,-977
359,-978
359,-979
359,-980
360,-981
360,-982
360,-983
360,-984
361,-984
362,-984
363,-984
364,-984
365,-984
366,-984
367,-985
368,-985
369,-985
370,-985
371,-985
372,-985
373,-985
374,-985
375,-985
376,-986
377,-987
378,-987
379,-987
380,-987
381,-987
382,-987
383,-987
384,-987
385,-987
386,-986
387,-986
388,-986
389,-986
390,-986
391,-986
392,-985
393,-985
394,-985
395,-985
396,-985
397,-985
398,-985
399,-985
400,-985
401,-985
401,-984
402,-983
403,-983
404,-983
405,-983
406,-983
407,-983
408,-983
409,-982
410,-981
411,-981
412,-981
413,-980
413,-979
414,-978
415,-978
416,-978
417,-978
418,-978
419,-977
420,-976
421,-975
422,-975
423,-975
424,-975
424,-974
425,-973
426,-973
427,-973
428,-973
429,-973
430,-972
431,-972
432,-971
433,-971
434,-971
435,-971
436,-971
437,-970
438,-970
439,-970
440,-969
441,-969
442,-968
443,-967
444,-967
445,-967
446,-967
447,-967
448,-967
449,-967
449,-966
450,-965
451,-965
452,-965
453,-965
454,-965
455,-964
456,-963
457,-963
458,-963
459,-963
460,-963
461,-963
462,-962
462,-961
463,-960
464,-960
465,-960
466,-960
467,-960
467,-959
468,-958
469,-958
470,-957
471,-956
472,-956
473,-956
474,-956
475,-955
476,-954
477,-954
478,-954
479,-954
480,-954
481,-954
482,-954
483,-954
484,-954
485,-954
486,-954
486,-953
487,-952
488,-952
489,-952
490,-952
491,-952
492,-952
493,-951
494,-951
495,-951
496,-950
497,-950
498,-950
498,-949
498,-948
499,-947
500,-946
501,-946
502,-946
503,-946
504,-946
505,-946
506,-946
507,-946
508,-946
508,-945
509,-944
510,-944
511,-944
512,-944
513,-944
514,-944
514,-943
515,-942
516,-942
517,-942
518,-942
519,-942
520,-942
520,-941
521,-940
522,-940
523,-939
524,-939
525,-939
526,-939
527,-938
528,-938
529,-938
530,-937
531,-936
532,-935
533,-935
534,-935
535,-935
536,-935
537,-935
538,-935
539,-935
540,-934
541,-933
542,-933
543,-933
544,-933
545,-933
546,-933
546,-932
547,-931
548,-931
549,-930
550,-930
551,-930
552,-929
553,-929
554,-929
555,-928
556,-928
557,-928
558,-927
559,-927
560,-926
561,-926
562,-926
563,-926
564,-925
565,-925
566,-925
567,-924
568,-924
569,-924
570,-924
571,-924
572,-923
573,-923
574,-922
575,-922
576,-922
577,-922
578,-921
579,-921
580,-921
581,-920
582,-920
583,-920
584,-920
585,-920
586,-920
587,-919
588,-919
589,-919
590,-919
591,-918
592,-917
593,-917
594,-917
595,-917
596,-917
597,-916
598,-916
599,-916
599,-915
600,-914
601,-914
602,-914
603,-914
604,-914
605,-913
606,-913
607,-912
608,-912
609,-912
610,-912
611,-912
612,-911
613,-911
614,-910
615,-910
616,-910
617,-910
618,-909
619,-909
620,-909
621,-909
622,-908
623,-908
624,-908
625,-908
625,-907
626,-906
627,-906
628,-905
629,-905
630,-905
631,-905
632,-905
633,-905
634,-904
635,-904
636,-904
637,-903
638,-903
639,-902
640,-902
641,-902
642,-902
643,-901
644,-901
645,-901
646,-901
647,-900
648,-899
649,-899
650,-898
651,-898
652,-898
653,-897
654,-897
655,-897
656,-897
657,-897
658,-896
659,-895
660,-895
661,-895
662,-895
663,-895
664,-894
665,-894
666,-894
667,-894
668,-893
669,-893
670,-893
671,-893
672,-892
673,-892
674,-892
675,-892
676,-892
677,-891
678,-891
679,-891
680,-891
681,-891
682,-891
683,-891
684,-891
685,-891
686,-891
687,-891
688,-891
689,-890
690,-890
691,-890
692,-890
693,-890
694,-889
695,-889
696,-889
697,-889
698,-889
699,-889
700,-889
701,-889
702,-889
703,-889
704,-889
705,-889
706,-889
707,-889
708,-889
709,-888
710,-888
711,-888
712,-888
713,-887
714,-887
715,-887
716,-887
717,-887
718,-887
719,-887
720,-887
721,-886
722,-886
723,-886
724,-885
725,-885
726,-885
727,-885
728,-885
729,-885
730,-885
731,-884
732,-884
733,-884
734,-884
735,-884
736,-883
737,-883
738,-882
739,-882
740,-882
741,-882
742,-882
743,-882
744,-882
745,-882
746,-881
747,-881
748,-881
749,-881
750,-880
751,-880
752,-880
753,-880
754,-880
755,-879
756,-879
757,-879
758,-879
759,-879
760,-879
761,-879
762,-879
763,-879
764,-879
765,-879
766,-879
767,-879
768,-879
769,-879
770,-879
771,-879
772,-879
773,-879
774,-878
775,-878
776,-878
777,-878
778,-878
779,-878
780,-878
781,-878
782,-878
783,-878
784,-878
785,-878
786,-878
787,-878
788,-878
789,-878
790,-878
791,-878
792,-878
793,-878
794,-878
795,-878
796,-878
797,-878
798,-877
799,-877
800,-877
801,-877
802,-877
803,-877
804,-877
805,-876
806,-876
807,-876
808,-876
809,-876
810,-876
811,-876
812,-876
813,-876
814,-876
815,-876
816,-876
817,-876
818,-876
819,-876
820,-875
821,-875
822,-875
823,-875
824,-874
825,-874
826,-874
827,-874
828,-874
829,-873
830,-873
831,-872
832,-872
833,-872
834,-872
835,-872
836,-872
837,-872
838,-872
839,-871
840,-871
841,-871
842,-871
843,-871
844,-871
845,-870
846,-869
847,-869
848,-869
849,-869
850,-868
851,-868
852,-868
853,-868
854,-867
855,-867
856,-867
857,-867
858,-866
859,-866
860,-865
861,-865
862,-865
863,-864
864,-864
865,-864
866,-864
867,-863
868,-863
869,-863
870,-863
871,-862
872,-861
873,-861
874,-860
875,-860
876,-860
877,-860
878,-859
879,-859
880,-859
881,-858
882,-858
883,-857
884,-857
885,-856
886,-856
887,-855
888,-855
889,-855
890,-854
891,-854
892,-854
893,-853
894,-852
895,-852
896,-852
897,-851
898,-850
899,-850
900,-850
901,-850
902,-849
903,-848
904,-848
905,-848
906,-847
907,-847
908,-847
909,-847
910,-846
911,-846
912,-845
913,-845
913,-844
914,-843
915,-843
916,-842
917,-842
918,-841
919,-841
920,-841
921,-840
922,-840
923,-839
924,-839
925,-838
926,-837
927,-837
928,-836
929,-836
930,-835
931,-834
932,-834
933,-833
934,-832
935,-831
936,-831
937,-830
938,-830
939,-830
940,-829
941,-828
942,-828
943,-827
944,-826
945,-826
946,-825
947,-824
948,-823
949,-823
950,-822
951,-822
952,-821
952,-820
953,-819
954,-819
955,-819
956,-819
957,-818
958,-817
959,-816
960,-815
961,-815
962,-814
963,-814
964,-813
965,-812
966,-811
967,-810
968,-810
968,-809
969,-808
970,-807
971,-807
972,-806
973,-806
974,-805
974,-804
975,-803
976,-802
977,-802
978,-801
979,-800
980,-800
980,-799
981,-798
982,-798
983,-797
984,-796
985,-795
986,-795
987,-794
988,-793
989,-792
990,-792
990,-791
991,-790
992,-789
993,-789
993,-788
993,-787
994,-786
995,-786
996,-785
997,-784
998,-783
999,-782
1000,-781
1001,-780
1001,-779
1002,-778
1003,-777
1004,-777
1005,-776
1006,-775
1007,-774
1008,-773
1008,-772
1009,-771
1010,-771
1011,-770
1012,-770
1013,-770
1014,-769
1015,-768
1016,-768
1017,-768
1018,-768
1019,-768
1019,-767
1020,-766
1021,-766
1022,-765
1023,-764
1024,-764
1024,-763
1025,-762
1026,-761
1027,-760
1027,-759
1028,-758
1029,-757
1029,-756
1030,-755
1031,-755
1032,-755
1033,-754
1034,-753
1034,-752
1035,-751
1036,-750
1037,-750
1038,-750
1038,-749
1038,-748
1039,-747
1039,-746
1040,-745
1041,-744
1042,-743
1042,-742
1043,-741
1043,-740
1044,-739
1045,-739
1046,-739
1047,-739
1047,-738
1047,-737
1047,-736
1047,-735
1047,-734
1047,-733
1047,-732
1047,-731
1047,-730
1047,-729
1048,-728
1049,-728
1050,-728
1051,-728
1052,-728
1053,-728
1054,-728
1055,-727
1055,-726
1055,-725
1055,-724
1055,-723
1056,-722
1057,-722
1058,-722
1058,-721
1058,-720
1058,-719
1059,-718
1060,-718
1061,-718
1062,-718
1062,-717
1062,-716
1063,-715
1064,-715
1065,-714
1065,-713
1065,-712
1065,-711
1065,-710
1066,-709
1066,-708
1067,-707
1067,-706
1067,-705
1068,-704
1069,-703
1070,-703
1070,-702
1070,-701
1071,-700
1072,-699
1072,-698
1072,-697
1072,-696
1072,-695
1072,-694
1072,-693
1072,-692
1073,-691
1073,-690
1073,-689
1074,-688
1074,-687
1075,-686
1075,-685
1076,-684
1076,-683
1077,-682
1078,-681
1079,-680
1079,-679
1079,-678
1080,-677
1081,-676
1081,-675
1082,-674
1082,-673
1083,-672
1083,-671
1084,-670
1085,-669
1085,-668
1086,-667
1086,-666
1086,-665
1087,-664
1087,-663
1088,-662
1088,-661
1089,-660
1089,-659
1090,-658
1090,-657
1090,-656
1091,-655
1091,-654
1092,-653
1092,-652
1092,-651
1093,-650
1094,-649
1094,-648
1094,-647
1095,-646
1095,-645
1096,-644
1097,-643
1097,-642
1098,-641
1098,-640
1098,-639
1099,-638
1099,-637
1099,-636
1100,-635
1100,-634
1101,-633
1101,-632
1102,-631
1102,-630
1102,-629
1103,-628
1103,-627
1103,-626
1104,-625
1105,-624
1105,-623
1106,-622
1106,-621
1107,-620
1107,-619
1107,-618
1108,-617
1108,-616
1109,-615
1109,-614
1110,-613
1110,-612
1110,-611
1111,-610
1111,-609
1111,-608
1112,-607
1113,-606
1113,-605
1114,-604
1114,-603
1114,-602
1114,-601
1115,-600
1115,-599
1115,-598
1116,-597
1117,-596
1117,-595
1118,-594
1118,-593
1119,-592
1119,-591
1120,-590
1121,-589
1121,-588
1121,-587
1122,-586
1122,-585
1122,-584
1122,-583
1123,-582
1123,-581
1123,-580
1123,-579
1124,-578
1125,-577
1125,-576
1126,-575
1126,-574
1127,-573
1127,-572
1127,-571
1128,-570
1128,-569
1129,-568
1130,-567
1130,-566
1130,-565
1131,-564
1131,-563
1131,-562
1132,-561
1132,-560
1133,-559
1133,-558
1133,-557
1134,-556
1134,-555
1135,-554
1135,-553
1136,-552
1136,-551
1137,-550
1137,-549
1138,-548
1138,-547
1139,-546
1139,-545
1139,-544
1140,-543
1141,-542
1141,-541
1141,-540
1142,-539
1142,-538
1143,-537
1144,-536
1144,-535
1145,-534
1145,-533
1145,-532
1146,-531
1146,-530
1146,-529
1146,-528
1146,-527
1146,-526
1147,-525
1147,-524
1147,-523
1147,-522
1147,-521
1147,-520
1147,-519
1146,-518
1146,-517
1146,-516
1145,-516
1144,-515
1143,-515
1142,-515
1141,-514
1140,-514
1139,-514
1138,-514
1137,-514
1136,-514
1135,-514
1134,-514
1133,-514
1132,-514
1131,-514
1130,-514
1129,-514
1128,-514
1127,-514
1126,-515
1125,-515
1124,-515
1123,-515
1122,-515
1121,-515
1120,-515
1119,-515
1118,-515
1117,-515
1116,-515
1115,-515
1114,-515
1113,-515
1112,-515
1111,-516
1110,-516
1109,-516
1108,-516
1107,-516
1106,-516
1105,-516
1104,-516
1103,-516
1102,-516
1101,-516
1100,-516
1099,-516
1098,-516
1097,-516
1096,-517
1095,-517
1094,-517
1093,-517
1092,-517
1091,-517
1090,-517
1089,-517
1088,-517
1087,-517
1086,-518
1085,-518
1084,-518
1083,-518
1082,-518
1081,-519
1080,-519
1079,-519
1078,-519
1077,-520
1076,-520
1075,-520
1074,-520
1073,-520
1072,-520
1071,-520
1070,-521
1069,-521
1068,-521
1067,-521
1066,-521
1065,-521
1064,-522
1063,-522
1062,-522
1061,-522
1060,-522
1059,-522
1058,-522
1057,-522
1056,-523
1055,-523
1054,-523
1053,-523
1052,-523
1051,-523
1050,-524
1049,-524
1048,-524
1047,-524
1046,-524
1045,-524
1044,-524
1043,-524
1042,-525
1041,-525
1040,-525
1039,-526
1038,-526
1037,-526
1036,-526
1035,-526
1034,-526
1033,-526
1032,-526
1031,-526
1030,-526
1029,-526
1028,-526
1027,-527
1026,-527
1025,-527
1024,-527
1023,-527
1022,-527
1021,-527
1020,-527
1019,-528
1018,-528
1017,-528
1016,-528
1015,-528
1014,-529
1013,-529
1012,-529
1011,-529
1010,-530
1009,-530
1008,-530
1007,-530
1006,-530
1005,-530
1004,-530
1003,-531
1002,-531
1001,-531
1000,-531
999,-531
998,-531
997,-531
996,-531
995,-532
994,-532
993,-532
992,-532
991,-532
990,-532
989,-533
988,-533
987,-533
986,-533
985,-533
984,-533
983,-533
982,-534
981,-534
980,-534
979,-535
978,-535
977,-535
976,-535
975,-535
974,-535
973,-535
972,-535
971,-535
970,-535
969,-535
968,-535
967,-535
966,-535
965,-535
964,-535
963,-535
962,-535
961,-535
960,-535
959,-535
958,-535
957,-535
956,-536
955,-536
954,-536
953,-536
952,-536
951,-536
950,-537
949,-537
948,-537
947,-538
946,-538
945,-538
944,-538
943,-538
942,-539
941,-539
940,-539
939,-539
938,-539
937,-540
936,-540
935,-540
934,-540
933,-541
932,-541
931,-542
930,-542
929,-542
928,-543
927,-543
926,-543
925,-543
924,-544
923,-544
922,-544
921,-544
920,-545
919,-545
918,-546
917,-546
916,-546
915,-547
914,-547
913,-547
912,-547
911,-547
910,-548
909,-548
908,-548
907,-549
906,-550
905,-550
905,-551
904,-552
903,-552
902,-552
901,-552
900,-552
899,-552
898,-552
897,-553
896,-554
895,-554
894,-555
893,-555
892,-555
891,-556
890,-556
889,-556
888,-557
887,-557
886,-557
885,-558
884,-558
883,-559
882,-559
881,-559
880,-560
879,-560
878,-561
877,-561
876,-562
875,-562
874,-563
873,-563
872,-563
871,-564
870,-564
869,-565
868,-566
867,-566
866,-567
865,-567
864,-568
863,-568
862,-569
861,-569
860,-570
859,-570
858,-571
857,-571
856,-572
855,-572
854,-573
853,-574
852,-574
851,-575
850,-575
849,-576
848,-576
847,-577
846,-578
845,-578
844,-579
843,-580
842,-580
841,-581
840,-582
839,-582
838,-583
837,-583
836,-584
835,-585
834,-585
833,-586
832,-586
831,-587
830,-588
829,-588
828,-589
827,-590
826,-591
825,-591
824,-592
823,-593
822,-593
821,-594
820,-595
819,-596
818,-596
817,-597
816,-598
815,-599
814,-599
813,-600
812,-601
811,-602
810,-603
809,-604
808,-604
808,-605
807,-606
806,-606
805,-607
804,-607
804,-608
803,-609
802,-610
801,-610
800,-611
800,-612
799,-613
798,-613
797,-613
796,-614
796,-615
795,-616
794,-616
793,-617
792,-618
791,-619
790,-619
789,-620
788,-621
787,-622
786,-622
785,-623
785,-624
784,-625
783,-626
782,-626
781,-627
780,-628
779,-629
778,-630
777,-631
776,-632
775,-633
774,-634
773,-635
772,-636
771,-637
770,-638
769,-639
768,-640
767,-640
767,-641
766,-642
765,-643
764,-644
763,-645
762,-646
761,-647
760,-648
760,-649
759,-650
758,-650
757,-651
757,-652
756,-653
755,-654
754,-655
753,-656
752,-657
752,-658
751,-659
750,-660
749,-661
748,-662
748,-663
747,-664
746,-665
745,-666
744,-667
744,-668
743,-669
742,-670
741,-671
740,-672
740,-673
739,-674
738,-674
738,-675
737,-676
736,-677
735,-678
735,-679
734,-680
733,-681
732,-682
732,-683
731,-684
731,-685
730,-686
729,-686
729,-687
729,-688
728,-689
727,-690
726,-691
726,-692
725,-693
725,-694
724,-695
724,-696
723,-697
723,-698
722,-699
721,-699
721,-700
721,-701
720,-702
720,-703
720,-704
719,-705
718,-706
718,-707
718,-708
717,-709
717,-710
717,-711
716,-712
716,-713
715,-714
714,-715
714,-716
714,-717
714,-718
713,-719
712,-720
712,-721
712,-722
712,-723
711,-724
711,-725
711,-726
710,-727
710,-728
709,-729
709,-730
708,-731
708,-732
708,-733
708,-734
708,-735
707,-736
707,-737
706,-738
706,-739
706,-740
706,-741
705,-742
705,-743
705,-744
705,-745
705,-746
705,-747
705,-748
705,-749
705,-750
704,-751
704,-752
704,-753
704,-754
704,-755
703,-756
702,-756
702,-757
702,-758
702,-759
702,-760
702,-761
702,-762
702,-763
701,-764
701,-765
701,-766
700,-767
700,-768
700,-769
700,-770
699,-771
699,-772
699,-773
699,-774
698,-775
698,-776
698,-777
698,-778
697,-779
697,-780
697,-781
696,-782
696,-783
696,-784
696,-785
696,-786
696,-787
695,-788
695,-789
694,-790
694,-791
693,-792
693,-793
693,-794
692,-795
692,-796
691,-797
690,-798
690,-799
690,-800
689,-801
689,-802
688,-803
687,-804
686,-805
685,-806
684,-807
684,-808
683,-809
682,-809
681,-810
680,-811
679,-812
678,-813
677,-814
676,-815
676,-816
675,-817
674,-818
673,-819
673,-820
672,-821
672,-822
672,-823
671,-824
670,-825
669,-825
668,-826
667,-827
666,-828
665,-829
664,-830
663,-831
662,-832
661,-832
660,-833
659,-834
658,-834
657,-834
657,-835
656,-836
655,-836
654,-836
653,-837
652,-838
651,-838
650,-839
649,-839
648,-840
647,-841
646,-841
645,-842
644,-842
643,-843
642,-843
641,-844
640,-844
639,-845
638,-845
637,-846
636,-847
635,-847
634,-847
633,-848
632,-848
631,-849
630,-850
629,-850
628,-851
627,-852
626,-852
625,-853
624,-853
623,-854
622,-854
621,-855
620,-855
619,-856
618,-856
617,-856
616,-857
615,-857
614,-858
613,-858
612,-859
611,-859
610,-859
609,-860
608,-860
607,-861
606,-861
605,-861
604,-862
603,-863
602,-864
601,-864
600,-864
599,-865
598,-865
597,-865
596,-865
595,-866
594,-866
593,-866
592,-866
592,-867
591,-868
590,-868
589,-869
588,-869
587,-869
586,-869
585,-870
584,-870
583,-870
582,-870
581,-871
580,-871
579,-871
578,-871
577,-871
576,-872
575,-872
574,-872
573,-872
572,-873
571,-873
570,-873
569,-873
568,-873
567,-874
566,-874
565,-874
564,-875
563,-875
562,-875
561,-876
560,-876
559,-876
558,-876
557,-877
556,-877
555,-878
554,-878
553,-878
552,-878
551,-879
550,-879
549,-880
548,-880
547,-881
546,-881
545,-882
544,-882
543,-882
542,-882
541,-882
540,-882
539,-883
538,-883
537,-883
536,-884
535,-884
534,-884
533,-884
532,-884
531,-884
530,-885
529,-885
528,-885
527,-885
526,-886
525,-886
524,-886
523,-887
522,-887
521,-888
520,-888
519,-888
518,-888
517,-889
516,-889
515,-889
514,-890
513,-890
512,-890
511,-890
510,-891
509,-891
508,-891
507,-891
506,-892
505,-892
504,-892
503,-893
502,-893
501,-893
500,-894
499,-894
498,-894
497,-895
496,-895
495,-895
494,-895
493,-896
492,-896
491,-896
490,-897
489,-897
488,-898
487,-898
486,-898
485,-898
484,-899
483,-899
482,-899
481,-900
480,-900
479,-900
478,-900
477,-901
476,-901
475,-901
475,-902
475,-903
474,-904
473,-904
472,-904
471,-905
470,-905
469,-905
468,-905
467,-905
466,-905
465,-906
464,-906
463,-906
462,-906
461,-906
460,-906
459,-906
458,-907
457,-907
456,-907
455,-908
454,-908
453,-909
452,-909
451,-909
450,-909
450,-910
449,-911
448,-911
447,-911
446,-911
445,-911
444,-911
443,-911
442,-911
441,-912
440,-912
439,-912
438,-912
437,-913
436,-913
435,-913
434,-914
433,-914
432,-914
431,-914
430,-915
429,-915
428,-916
427,-916
426,-916
425,-916
424,-917
423,-917
422,-917
421,-918
420,-918
419,-918
418,-919
417,-919
416,-919
415,-920
414,-920
413,-920
412,-921
411,-921
410,-922
409,-922
408,-922
407,-922
406,-922
405,-923
404,-923
403,-923
402,-923
401,-923
400,-924
399,-925
398,-926
397,-926
396,-927
395,-927
394,-927
393,-927
392,-928
391,-928
390,-928
389,-928
389,-929
388,-930
387,-930
386,-930
385,-931
384,-931
383,-931
382,-930
382,-929
382,-928
382,-927
382,-926
382,-925
382,-924
381,-924
380,-924
379,-924
378,-924
378,-925
378,-926
378,-927
378,-928
379,-928
380,-929
380,-930
380,-931
380,-932
380,-933
379,-934
378,-935
378,-936
377,-937
376,-937
375,-937
375,-938
375,-939
375,-940
375,-941
376,-941
377,-941
378,-941
379,-942
380,-943
381,-944
381,-945
381,-946
381,-947
380,-948
380,-949
380,-950
380,-951
380,-952
379,-953
379,-954
379,-955
379,-956
378,-957
377,-957
376,-958
376,-959
375,-960
374,-960
373,-960
372,-961
371,-961
370,-961
369,-961
368,-962
368,-963
368,-964
367,-965
366,-965
365,-965
364,-966
363,-966
362,-967
361,-967
360,-967
359,-967
358,-967
357,-967
356,-967
355,-967
