333,-928
333,-929
333,-930
333,-931
333,-932
334,-933
335,-933
336,-934
337,-935
337,-936
337,-937
337,-938
337,-939
337,-940
337,-941
337,-942
337,-943
336,-944
336,-945
335,-946
335,-947
335,-948
335,-949
335,-950
336,-950
337,-951
338,-952
338,-953
338,-954
339,-954
340,-954
341,-954
342,-954
343,-954
344,-954
345,-954
346,-954
347,-954
348,-954
349,-954
350,-953
351,-953
352,-953
353,-953
354,-953
355,-952
356,-952
357,-952
358,-951
359,-951
360,-951
361,-950
362,-950
363,-950
364,-950
365,-950
366,-950
367,-949
368,-949
369,-949
370,-949
371,-948
372,-948
373,-948
374,-947
375,-947
376,-947
377,-947
378,-946
379,-946
380,-945
381,-945
382,-944
383,-944
384,-944
385,-944
386,-943
387,-943
388,-943
389,-943
390,-942
391,-941
392,-941
393,-941
394,-940
395,-940
396,-940
397,-940
398,-940
399,-939
400,-939
401,-939
402,-938
403,-938
404,-938
405,-938
406,-937
406,-936
407,-935
408,-935
409,-935
410,-935
411,-935
412,-935
412,-934
413,-933
414,-933
415,-933
416,-933
417,-933
418,-933
418,-932
418,-931
419,-930
420,-929
421,-929
422,-929
423,-929
424,-928
425,-928
426,-927
426,-926
427,-925
428,-925
429,-925
430,-924
431,-924
432,-923
433,-923
433,-922
434,-921
435,-921
436,-920
437,-919
438,-919
439,-919
440,-918
441,-918
442,-917
443,-917
444,-916
445,-916
445,-915
446,-914
447,-914
448,-914
449,-913
450,-912
451,-911
452,-910
453,-909
454,-909
455,-908
456,-907
457,-907
458,-907
459,-907
460,-906
461,-906
461,-905
462,-904
463,-904
463,-903
464,-902
465,-902
466,-902
466,-901
467,-900
468,-900
468,-899
469,-898
470,-898
471,-897
472,-896
473,-896
474,-896
475,-896
475,-895
476,-894
477,-893
478,-892
479,-892
480,-892
481,-892
482,-891
483,-890
484,-890
485,-889
486,-888
487,-887
488,-887
489,-886
490,-885
491,-884
492,-884
493,-883
494,-883
495,-883
496,-882
497,-882
497,-881
498,-880
499,-879
500,-879
501,-879
502,-878
503,-878
504,-877
505,-876
506,-875
507,-875
508,-874
509,-874
510,-873
510,-872
511,-871
512,-870
513,-870
514,-870
515,-870
516,-869
517,-869
517,-868
518,-867
519,-866
520,-866
521,-865
522,-865
522,-864
523,-863
524,-863
525,-862
526,-862
527,-862
528,-861
529,-860
530,-860
531,-859
532,-858
533,-857
534,-856
535,-856
536,-856
537,-855
538,-854
539,-854
540,-854
541,-854
542,-853
543,-852
543,-851
544,-850
545,-850
546,-850
547,-849
548,-848
549,-848
550,-848
551,-847
551,-846
552,-845
553,-845
554,-845
555,-845
556,-845
557,-844
558,-844
558,-843
559,-842
560,-842
561,-841
562,-841
563,-840
564,-839
565,-838
566,-838
567,-837
568,-836
569,-836
570,-836
571,-835
572,-835
573,-835
574,-835
575,-834
576,-834
577,-833
578,-833
579,-833
580,-833
581,-832
582,-831
583,-831
584,-830
585,-830
586,-829
587,-829
588,-828
589,-828
590,-827
591,-826
592,-826
593,-826
594,-826
595,-825
596,-825
597,-825
598,-825
599,-825
600,-825
600,-824
601,-823
602,-823
602,-822
602,-821
603,-820
604,-820
605,-820
606,-819
607,-819
608,-818
609,-817
610,-817
611,-817
612,-816
613,-816
614,-816
615,-815
616,-814
617,-814
618,-814
619,-814
620,-814
621,-813
622,-812
623,-812
624,-812
625,-811
626,-811
627,-811
628,-811
629,-810
630,-810
631,-810
632,-810
633,-810
634,-810
635,-810
636,-811
637,-811
638,-811
639,-812
640,-812
641,-812
642,-812
643,-813
644,-813
645,-814
646,-814
647,-814
648,-814
649,-814
650,-814
651,-814
652,-814
653,-814
653,-813
654,-812
655,-812
656,-812
657,-812
658,-811
659,-811
660,-810
661,-809
662,-809
663,-809
664,-808
665,-808
666,-808
667,-808
668,-808
669,-809
670,-810
671,-810
672,-811
673,-811
674,-811
675,-812
676,-813
677,-813
678,-813
679,-814
680,-815
681,-816
682,-816
683,-817
684,-818
685,-819
686,-820
687,-820
688,-821
689,-821
690,-822
690,-823
691,-823
692,-824
693,-824
694,-825
694,-826
695,-826
696,-827
697,-827
698,-827
699,-827
700,-827
701,-828
702,-828
703,-828
704,-828
705,-828
706,-828
707,-828
708,-828
709,-828
710,-827
711,-827
712,-827
713,-827
714,-827
715,-827
716,-827
717,-827
718,-827
719,-827
720,-828
721,-828
722,-828
723,-829
724,-829
725,-829
726,-829
727,-830
728,-830
729,-830
730,-830
731,-831
732,-831
733,-831
734,-832
735,-832
736,-832
737,-833
738,-833
739,-833
740,-833
741,-833
742,-834
743,-834
744,-834
745,-834
746,-834
747,-834
748,-834
749,-834
750,-834
751,-835
752,-836
753,-836
754,-836
755,-836
756,-836
757,-836
758,-837
759,-837
760,-837
761,-837
762,-838
763,-838
764,-838
765,-838
766,-838
767,-838
768,-838
769,-838
770,-838
771,-838
772,-839
773,-839
774,-839
775,-839
776,-839
777,-839
778,-839
779,-839
780,-839
781,-839
782,-839
783,-840
784,-840
785,-840
786,-840
787,-840
788,-839
789,-839
790,-839
791,-839
792,-839
793,-839
794,-839
795,-839
796,-839
797,-839
798,-839
799,-839
800,-839
801,-839
802,-839
803,-839
804,-839
805,-839
806,-839
807,-839
808,-839
809,-839
810,-839
811,-839
812,-839
813,-838
814,-838
815,-838
816,-838
817,-838
818,-838
819,-838
820,-838
821,-838
822,-838
823,-838
824,-838
825,-837
826,-837
827,-837
828,-837
829,-837
830,-837
831,-837
832,-837
833,-837
834,-837
835,-836
836,-836
837,-836
838,-835
839,-835
840,-835
841,-835
842,-835
843,-835
844,-835
845,-835
846,-835
847,-835
848,-835
849,-834
850,-834
851,-834
852,-834
853,-834
854,-833
855,-833
856,-833
857,-833
858,-833
859,-833
860,-832
861,-832
862,-832
863,-832
864,-832
865,-832
866,-832
867,-831
868,-831
869,-831
870,-831
871,-831
872,-830
873,-830
874,-830
875,-830
876,-830
877,-830
878,-830
879,-830
880,-830
881,-830
882,-830
883,-830
884,-830
885,-829
886,-829
887,-829
888,-829
889,-828
890,-828
891,-828
892,-828
893,-828
894,-827
895,-827
896,-827
897,-826
898,-826
899,-826
900,-826
901,-826
902,-826
903,-826
904,-826
905,-826
906,-826
907,-826
908,-825
909,-825
910,-825
911,-825
912,-825
913,-824
914,-824
915,-824
916,-823
917,-823
918,-822
919,-822
920,-822
921,-822
922,-822
923,-821
924,-820
925,-820
926,-819
927,-819
928,-819
929,-818
930,-818
931,-818
932,-817
933,-817
934,-817
935,-816
936,-816
937,-816
938,-816
939,-815
940,-815
940,-814
941,-813
942,-813
943,-813
944,-812
945,-812
946,-812
947,-811
948,-810
949,-810
950,-810
951,-810
952,-809
953,-809
954,-808
955,-807
956,-806
957,-805
958,-805
958,-804
958,-803
958,-802
959,-801
960,-801
961,-801
962,-801
963,-800
964,-800
965,-800
966,-799
967,-799
968,-799
969,-799
969,-798
970,-797
970,-796
971,-795
972,-795
973,-795
974,-794
975,-794
976,-794
976,-793
976,-792
977,-791
978,-791
979,-791
979,-790
979,-789
980,-788
981,-788
982,-787
983,-787
984,-787
984,-786
985,-785
986,-784
987,-784
988,-783
989,-783
990,-782
991,-782
992,-782
992,-781
993,-780
994,-779
995,-779
996,-778
997,-778
997,-777
998,-776
999,-775
1000,-774
1001,-774
1002,-774
1002,-773
1003,-772
1004,-771
1005,-771
1006,-770
1007,-770
1007,-769
1008,-768
1009,-767
1010,-767
1011,-767
1011,-766
1012,-765
1013,-765
1014,-764
1014,-763
1015,-762
1016,-762
1016,-761
1017,-760
1018,-760
1019,-759
1020,-759
1021,-759
1021,-758
1021,-757
1022,-756
1023,-755
1024,-754
1025,-754
1026,-753
1027,-752
1028,-751
1029,-751
1029,-750
1030,-749
1031,-748
1032,-748
1033,-748
1033,-747
1033,-746
1034,-745
1035,-744
1036,-744
1037,-743
1037,-742
1038,-741
1039,-740
1039,-739
1040,-738
1041,-738
1042,-737
1043,-736
1044,-736
1045,-736
1045,-735
1045,-734
1045,-733
1045,-732
1046,-731
1046,-730
1047,-729
1048,-729
1049,-728
1049,-727
1049,-726
1050,-725
1051,-724
1052,-724
1053,-724
1054,-723
1055,-722
1056,-721
1056,-720
1057,-719
1058,-719
1058,-718
1058,-717
1059,-716
1060,-715
1061,-714
1062,-713
1063,-712
1064,-711
1065,-710
1066,-709
1067,-708
1068,-708
1069,-707
1070,-706
1071,-706
1072,-706
1073,-706
1074,-706
1074,-705
1074,-704
1075,-703
1076,-703
1077,-702
1078,-701
1078,-700
1079,-699
1080,-698
1081,-697
1082,-697
1082,-696
1083,-695
1084,-695
1084,-694
1085,-693
1086,-693
1087,-692
1088,-691
1089,-691
1089,-690
1089,-689
1090,-688
1091,-687
1092,-687
1092,-686
1093,-685
1094,-685
1095,-685
1095,-684
1096,-683
1097,-682
1098,-682
1098,-681
1098,-680
1099,-679
1100,-678
1101,-678
1102,-677
1103,-677
1103,-676
1103,-675
1103,-674
1103,-673
1103,-672
1103,-671
1103,-670
1104,-669
1105,-669
1106,-669
1107,-668
1108,-668
1109,-667
1110,-667
1110,-666
1111,-665
1112,-664
1113,-663
1113,-662
1114,-661
1115,-660
1115,-659
1115,-658
1116,-657
1117,-656
1118,-656
1119,-656
1119,-655
1119,-654
1120,-653
1121,-652
1122,-651
1122,-650
1123,-649
1124,-649
1125,-648
1126,-648
1126,-647
1127,-646
1128,-645
1129,-645
1129,-644
1129,-643
1129,-642
1130,-641
1131,-641
1132,-640
1133,-639
1133,-638
1134,-637
1135,-637
1136,-636
1137,-635
1137,-634
1138,-633
1139,-633
1140,-633
1140,-632
1140,-631
1140,-630
1141,-629
1142,-629
1143,-628
1143,-627
1144,-626
1145,-626
1146,-626
1147,-625
1147,-624
1147,-623
1148,-622
1149,-621
1150,-621
1151,-621
1151,-620
1151,-619
1152,-618
1153,-618
1154,-618
1155,-617
1155,-616
1155,-615
1156,-614
1157,-614
1157,-613
1158,-612
1159,-612
1160,-611
1161,-610
1162,-610
1163,-609
1163,-608
1163,-607
1163,-606
1164,-605
1164,-604
1164,-603
1164,-602
1165,-601
1166,-600
1166,-599
1166,-598
1166,-597
1166,-596
1166,-595
1167,-594
1167,-593
1167,-592
1167,-591
1168,-590
1168,-589
1168,-588
1168,-587
1168,-586
1168,-585
1168,-584
1167,-583
1166,-583
1165,-582
1164,-582
1163,-581
1162,-580
1161,-580
1160,-580
1159,-580
1158,-580
1157,-579
1156,-579
1155,-579
1154,-578
1153,-578
1152,-578
1151,-578
1150,-578
1149,-578
1148,-578
1147,-577
1146,-577
1145,-577
1144,-577
1143,-577
1142,-577
1141,-577
1140,-576
1139,-576
1138,-576
1137,-576
1136,-575
1135,-575
1134,-575
1133,-575
1132,-574
1131,-574
1130,-574
1129,-574
1128,-574
1127,-574
1126,-573
1125,-573
1124,-573
1123,-573
1122,-573
1121,-573
1120,-572
1119,-572
1118,-572
1117,-572
1116,-572
1115,-572
1114,-572
1113,-571
1112,-571
1111,-571
1110,-571
1109,-571
1108,-571
1107,-570
1106,-570
1105,-570
1104,-570
1103,-570
1102,-570
1101,-570
1100,-570
1099,-569
1098,-569
1097,-569
1096,-568
1095,-568
1094,-568
1093,-568
1092,-568
1091,-568
1090,-567
1089,-567
1088,-567
1087,-567
1086,-567
1085,-567
1084,-566
1083,-566
1082,-566
1081,-566
1080,-565
1079,-565
1078,-565
1077,-565
1076,-564
1075,-564
1074,-564
1073,-564
1072,-564
1071,-563
1070,-563
1069,-563
1068,-563
1067,-563
1066,-563
1065,-562
1064,-562
1063,-562
1062,-562
1061,-562
1060,-562
1059,-561
1058,-561
1057,-561
1056,-561
1055,-560
1054,-560
1053,-560
1052,-560
1051,-560
1050,-560
1049,-560
1048,-560
1047,-559
1046,-559
1045,-559
1044,-559
1043,-559
1042,-558
1041,-558
1040,-558
1039,-558
1038,-558
1037,-558
1036,-557
1035,-557
1034,-557
1033,-557
1032,-557
1031,-557
1030,-557
1029,-556
1028,-556
1027,-556
1026,-556
1025,-555
1024,-555
1023,-555
1022,-555
1021,-554
1020,-554
1019,-554
1018,-554
1017,-553
1016,-553
1015,-553
1014,-553
1013,-553
1012,-553
1011,-553
1010,-552
1009,-552
1008,-552
1007,-552
1006,-552
1005,-552
1004,-552
1003,-552
1002,-552
1001,-552
1000,-552
999,-552
998,-551
997,-551
996,-550
995,-550
994,-550
993,-550
992,-550
991,-550
990,-550
989,-550
988,-550
987,-550
986,-550
985,-550
984,-550
983,-550
982,-550
981,-549
980,-549
979,-549
978,-549
977,-549
976,-549
975,-549
974,-549
973,-549
972,-549
971,-549
970,-549
969,-549
968,-549
967,-549
966,-549
965,-549
964,-549
963,-549
962,-549
961,-549
960,-549
959,-549
958,-549
957,-549
956,-549
955,-549
954,-549
953,-549
952,-549
951,-548
950,-548
949,-548
948,-548
947,-548
946,-548
945,-548
944,-548
943,-548
942,-548
941,-548
940,-548
939,-548
938,-548
937,-549
936,-549
935,-549
934,-549
933,-549
932,-549
931,-549
930,-549
929,-549
928,-549
927,-549
926,-549
925,-549
924,-549
923,-549
922,-549
921,-550
920,-550
919,-550
918,-550
917,-550
916,-550
915,-550
914,-550
913,-550
912,-550
911,-551
910,-551
909,-551
908,-551
907,-551
906,-552
905,-552
904,-552
903,-552
902,-552
901,-552
900,-552
899,-553
898,-553
897,-553
896,-553
895,-553
894,-553
893,-554
892,-554
891,-554
890,-554
889,-554
888,-554
887,-555
886,-556
885,-556
884,-556
883,-556
882,-556
881,-556
880,-556
879,-556
878,-556
877,-557
876,-557
875,-557
874,-558
873,-558
872,-558
871,-558
870,-558
869,-559
868,-559
867,-559
866,-559
865,-559
864,-560
863,-560
862,-560
861,-560
860,-561
859,-561
858,-561
857,-561
856,-562
855,-562
854,-562
853,-562
852,-563
851,-563
850,-563
849,-563
848,-564
847,-564
846,-564
845,-565
844,-565
843,-565
842,-565
841,-566
840,-566
839,-566
838,-566
837,-567
836,-567
835,-567
834,-568
833,-568
832,-568
831,-569
830,-569
829,-569
828,-570
827,-570
826,-570
825,-571
824,-571
823,-571
822,-572
821,-572
820,-573
819,-573
818,-573
817,-574
816,-574
815,-574
814,-575
813,-575
812,-576
811,-576
810,-576
809,-577
808,-577
807,-577
806,-578
805,-578
804,-579
803,-579
802,-579
801,-580
800,-580
799,-581
798,-582
797,-582
796,-582
795,-583
794,-584
793,-584
792,-584
791,-585
790,-585
789,-586
788,-586
787,-587
786,-587
785,-588
784,-588
783,-588
782,-589
781,-589
780,-590
779,-590
778,-591
777,-591
776,-592
775,-592
774,-593
773,-593
772,-594
771,-595
770,-595
769,-596
768,-596
767,-597
766,-597
765,-598
764,-599
763,-600
762,-600
761,-601
760,-601
759,-602
758,-603
757,-603
756,-604
755,-605
754,-605
753,-606
752,-607
751,-607
750,-608
749,-609
748,-609
747,-609
746,-610
745,-611
744,-612
743,-612
742,-613
741,-614
740,-614
739,-615
738,-615
737,-616
736,-617
735,-617
734,-618
733,-619
732,-620
731,-620
730,-621
729,-622
728,-622
727,-623
726,-624
725,-625
724,-625
723,-626
722,-627
721,-628
720,-628
719,-629
718,-630
717,-631
716,-632
715,-632
714,-633
713,-634
712,-635
711,-636
710,-636
709,-637
708,-638
707,-639
706,-640
705,-641
704,-641
703,-642
703,-643
702,-644
701,-644
700,-645
699,-646
698,-647
697,-648
696,-649
695,-649
695,-650
694,-651
693,-652
692,-653
691,-654
690,-655
689,-656
688,-657
687,-658
686,-659
685,-660
684,-661
683,-662
682,-663
681,-664
680,-665
679,-666
679,-667
678,-668
677,-669
676,-670
675,-671
675,-672
674,-673
673,-674
672,-675
671,-676
670,-677
670,-678
669,-679
668,-680
668,-681
667,-682
667,-683
666,-684
665,-685
664,-686
664,-687
663,-688
662,-689
662,-690
661,-691
660,-692
659,-693
658,-694
658,-695
658,-696
657,-697
656,-697
656,-698
655,-699
655,-700
655,-701
654,-702
653,-703
653,-704
652,-705
652,-706
651,-707
650,-708
650,-709
649,-710
649,-711
648,-712
647,-713
646,-714
646,-715
645,-716
644,-717
644,-718
643,-719
643,-720
642,-721
641,-722
641,-723
640,-724
639,-725
639,-726
638,-727
638,-728
637,-729
636,-729
636,-730
635,-731
635,-732
634,-733
633,-733
632,-734
632,-735
631,-736
630,-737
629,-738
628,-739
627,-740
626,-740
625,-741
624,-742
623,-743
622,-743
621,-744
620,-745
620,-746
619,-747
618,-747
617,-748
616,-748
615,-749
614,-750
613,-751
612,-752
611,-752
610,-753
609,-754
608,-754
607,-755
606,-756
605,-756
604,-757
603,-757
602,-758
601,-758
600,-759
599,-759
598,-760
597,-761
596,-761
595,-762
594,-762
593,-763
592,-763
591,-764
590,-765
589,-765
588,-766
587,-766
586,-767
585,-767
584,-768
583,-769
582,-769
581,-770
580,-770
579,-771
578,-772
577,-772
576,-773
575,-773
574,-774
573,-775
572,-775
571,-776
570,-776
569,-777
568,-777
567,-778
566,-779
565,-780
564,-780
563,-781
562,-781
561,-782
560,-782
559,-783
558,-784
557,-784
556,-785
555,-785
554,-786
553,-786
553,-787
552,-788
551,-788
550,-789
549,-789
548,-790
547,-791
546,-791
545,-792
544,-792
543,-793
542,-794
541,-794
540,-795
539,-796
538,-796
537,-797
536,-798
535,-798
534,-799
533,-799
532,-800
531,-800
530,-801
529,-801
528,-802
527,-803
526,-804
525,-804
524,-804
523,-805
522,-805
521,-806
520,-807
519,-807
518,-808
517,-809
516,-809
515,-810
514,-811
513,-811
512,-812
511,-812
510,-813
509,-814
508,-814
507,-815
506,-816
505,-816
504,-817
503,-817
502,-817
501,-818
500,-819
499,-820
498,-820
497,-821
496,-821
495,-822
494,-823
493,-824
492,-824
491,-825
490,-825
489,-826
488,-827
487,-827
486,-828
485,-828
484,-829
483,-830
482,-830
481,-831
480,-831
479,-832
478,-833
477,-833
476,-834
475,-834
474,-835
473,-836
472,-836
471,-837
470,-838
469,-838
468,-839
467,-840
466,-840
465,-841
464,-842
463,-842
462,-843
461,-843
460,-844
459,-845
458,-845
457,-846
456,-847
455,-848
454,-848
453,-849
452,-849
451,-850
450,-850
449,-851
448,-851
447,-852
446,-853
445,-854
444,-855
443,-856
442,-856
441,-856
440,-857
439,-858
438,-859
437,-859
436,-860
435,-861
434,-861
433,-862
432,-862
431,-863
430,-864
429,-864
428,-864
427,-864
427,-865
426,-866
425,-867
424,-867
423,-868
422,-869
421,-869
420,-870
419,-870
418,-871
417,-872
416,-872
415,-873
414,-873
413,-874
412,-874
411,-875
410,-875
409,-876
408,-876
407,-877
406,-877
405,-878
404,-878
403,-879
402,-879
401,-880
400,-880
399,-881
398,-881
397,-882
396,-882
395,-883
394,-884
393,-884
392,-884
391,-885
390,-886
389,-886
388,-886
387,-887
386,-887
385,-887
384,-888
383,-889
382,-889
381,-889
380,-890
379,-890
378,-890
377,-890
376,-890
375,-891
374,-892
373,-892
372,-892
371,-892
371,-893
371,-894
370,-895
369,-895
368,-895
367,-895
367,-896
366,-897
365,-898
364,-898
363,-898
362,-899
361,-900
360,-900
359,-901
358,-901
357,-902
356,-903
355,-903
354,-904
353,-904
352,-905
351,-906
350,-906
349,-907
348,-907
347,-908
346,-908
345,-909
344,-909
343,-910
342,-910
341,-911
340,-912
339,-912
338,-912
337,-913
336,-914
336,-915
336,-916
335,-917
335,-918
335,-919
335,-920
335,-921
335,-922
335,-923
335,-924
334,-925
334,-926
334,-927
333,-928
