363,-747
363,-748
363,-749
363,-750
363,-751
364,-752
365,-752
366,-753
367,-754
368,-754
369,-755
370,-755
371,-755
372,-756
373,-756
374,-756
375,-757
376,-757
377,-757
378,-758
379,-759
379,-760
379,-761
378,-762
377,-763
377,-764
376,-765
375,-765
374,-765
373,-766
372,-766
371,-767
371,-768
371,-769
371,-770
370,-771
369,-771
368,-771
367,-771
367,-772
367,-773
367,-774
367,-775
368,-776
368,-777
369,-777
370,-777
371,-777
372,-778
373,-779
373,-780
373,-781
373,-782
374,-783
375,-783
376,-784
377,-784
378,-784
379,-784
380,-784
381,-784
382,-784
383,-784
384,-784
385,-784
386,-784
387,-784
388,-784
389,-784
390,-784
391,-784
392,-784
393,-784
394,-784
395,-784
396,-784
397,-784
398,-784
399,-784
400,-785
401,-785
402,-786
403,-787
404,-787
405,-787
406,-787
407,-787
408,-787
409,-787
410,-787
411,-787
412,-787
413,-787
414,-787
415,-787
416,-787
417,-787
418,-787
419,-787
420,-787
421,-787
422,-787
423,-787
424,-787
425,-787
426,-788
426,-789
427,-789
428,-789
429,-790
430,-790
431,-790
432,-790
433,-790
434,-790
435,-790
436,-790
437,-791
437,-792
437,-793
438,-794
439,-794
440,-794
441,-794
442,-794
443,-795
444,-796
445,-796
446,-796
447,-797
448,-798
449,-798
450,-798
451,-798
452,-798
453,-798
454,-799
455,-799
456,-799
457,-799
458,-799
459,-800
460,-801
460,-802
461,-802
462,-802
463,-802
464,-802
465,-803
466,-803
467,-803
468,-803
469,-803
470,-803
471,-804
472,-804
473,-804
474,-805
475,-806
476,-807
477,-807
478,-807
479,-807
480,-808
481,-809
482,-809
483,-810
484,-810
485,-810
486,-811
487,-811
488,-811
489,-811
490,-811
491,-812
492,-812
493,-812
494,-813
495,-813
496,-814
497,-814
498,-814
499,-814
500,-815
501,-815
502,-815
503,-816
504,-817
504,-818
505,-818
506,-819
507,-819
508,-819
509,-819
510,-820
511,-821
512,-822
513,-822
514,-822
515,-823
516,-824
517,-824
518,-824
519,-825
520,-826
521,-826
522,-827
523,-827
524,-827
525,-827
526,-828
527,-828
528,-828
529,-828
530,-829
531,-830
532,-831
533,-831
534,-831
535,-831
536,-831
537,-832
538,-833
539,-834
540,-834
541,-834
542,-835
543,-835
544,-835
545,-836
546,-836
547,-837
548,-837
549,-838
550,-839
551,-839
552,-839
553,-839
554,-839
555,-840
556,-840
557,-841
558,-841
559,-841
560,-842
561,-842
562,-842
563,-843
564,-843
565,-843
566,-843
567,-844
568,-844
569,-845
570,-845
571,-846
572,-846
573,-846
574,-846
575,-846
576,-846
577,-846
578,-846
579,-846
580,-847
581,-847
582,-847
583,-847
584,-847
585,-847
586,-848
587,-848
588,-848
589,-848
590,-848
591,-848
592,-848
593,-848
594,-848
595,-849
596,-849
597,-849
598,-849
599,-849
600,-849
601,-849
602,-849
603,-850
604,-850
605,-850
606,-850
607,-850
608,-849
609,-849
610,-849
611,-849
612,-849
613,-849
614,-850
615,-850
616,-850
617,-850
618,-850
619,-850
620,-850
621,-850
622,-850
623,-850
624,-850
625,-850
626,-850
627,-850
628,-850
629,-850
630,-850
631,-850
632,-850
633,-850
634,-850
635,-849
636,-849
637,-849
638,-849
639,-849
640,-849
641,-849
642,-849
643,-849
644,-848
645,-848
646,-848
647,-848
648,-848
649,-848
650,-848
651,-848
652,-848
653,-847
654,-847
655,-847
656,-847
657,-847
658,-847
659,-847
660,-847
661,-847
662,-847
663,-846
664,-846
665,-846
666,-846
667,-846
668,-846
669,-846
670,-846
671,-846
672,-845
673,-845
674,-845
675,-844
676,-844
677,-844
678,-844
679,-844
680,-843
681,-843
682,-843
683,-843
684,-842
685,-842
686,-842
687,-842
688,-842
689,-842
690,-842
691,-841
692,-841
693,-840
694,-840
695,-840
696,-839
697,-839
698,-839
699,-838
700,-838
701,-837
702,-837
703,-837
704,-836
705,-836
706,-836
707,-835
707,-834
708,-833
709,-833
710,-833
711,-832
712,-831
713,-831
714,-830
715,-829
716,-829
717,-829
718,-828
719,-828
720,-828
721,-828
722,-828
723,-827
724,-826
725,-826
726,-825
727,-825
728,-825
729,-824
730,-824
731,-823
732,-823
733,-823
734,-823
735,-823
736,-822
737,-822
738,-821
739,-821
740,-821
741,-820
742,-819
743,-819
744,-819
745,-819
746,-819
747,-819
748,-818
749,-817
750,-817
751,-816
752,-815
753,-815
753,-814
754,-813
754,-812
755,-811
756,-811
757,-811
758,-811
759,-810
760,-809
761,-809
762,-809
763,-808
764,-807
765,-807
766,-806
767,-805
768,-805
769,-804
770,-803
771,-803
772,-803
773,-802
773,-801
774,-800
775,-800
776,-799
777,-798
778,-797
779,-797
779,-796
780,-795
781,-795
782,-794
783,-794
784,-793
785,-793
785,-792
786,-791
787,-791
788,-790
789,-789
790,-788
791,-788
792,-787
793,-786
794,-786
795,-786
796,-785
797,-785
798,-785
799,-784
800,-784
801,-784
802,-783
803,-783
804,-782
805,-782
806,-781
807,-781
808,-781
809,-780
810,-780
811,-780
812,-779
813,-779
814,-779
815,-779
816,-780
817,-780
818,-780
819,-780
820,-780
821,-780
822,-781
823,-781
824,-782
825,-783
826,-783
827,-783
828,-783
829,-783
830,-783
831,-784
832,-784
833,-784
834,-785
835,-785
836,-786
837,-786
838,-786
839,-786
840,-786
841,-786
842,-786
843,-786
844,-785
845,-785
846,-785
847,-785
848,-785
849,-786
850,-786
851,-786
852,-786
853,-786
854,-787
855,-787
856,-787
857,-787
858,-788
859,-788
860,-788
861,-788
862,-788
863,-788
864,-788
865,-788
866,-788
867,-788
868,-788
869,-788
870,-788
871,-788
872,-788
873,-788
874,-788
875,-788
876,-788
877,-788
878,-788
879,-788
880,-789
881,-789
882,-789
883,-789
884,-789
885,-789
886,-789
887,-789
888,-789
889,-789
890,-789
891,-789
892,-789
893,-789
894,-789
895,-789
896,-789
897,-789
898,-789
899,-789
900,-789
901,-789
902,-789
903,-789
904,-789
905,-789
906,-789
907,-789
908,-789
909,-789
910,-789
911,-789
912,-789
913,-789
914,-790
915,-790
916,-790
917,-790
918,-790
919,-790
920,-790
921,-790
922,-790
923,-790
924,-790
925,-790
926,-790
927,-790
928,-790
929,-790
930,-790
931,-790
932,-790
933,-791
934,-791
935,-791
936,-791
937,-791
938,-791
939,-791
940,-791
941,-791
942,-791
943,-791
944,-791
945,-792
946,-792
947,-792
948,-792
949,-792
950,-792
951,-792
952,-792
953,-792
954,-792
955,-792
956,-792
957,-792
958,-792
959,-792
960,-792
961,-792
962,-792
963,-793
964,-793
965,-793
966,-793
967,-793
968,-793
969,-793
970,-793
971,-794
972,-794
973,-794
974,-794
975,-794
976,-794
977,-794
978,-794
979,-794
980,-795
981,-795
982,-795
983,-795
984,-795
985,-795
986,-795
987,-795
988,-795
989,-795
990,-795
991,-795
992,-795
993,-795
994,-795
995,-795
996,-795
997,-795
998,-795
999,-795
1000,-795
1001,-796
1002,-796
1003,-796
1004,-796
1005,-796
1006,-796
1007,-796
1008,-796
1009,-796
1010,-796
1011,-796
1012,-796
1013,-796
1014,-796
1015,-796
1016,-796
1017,-796
1018,-796
1019,-797
1020,-797
1021,-797
1022,-797
1023,-797
1024,-797
1025,-797
1026,-797
1027,-797
1028,-797
1029,-797
1030,-797
1031,-797
1032,-797
1033,-797
1034,-797
1035,-797
1036,-797
1037,-797
1038,-797
1039,-798
1040,-798
1041,-798
1042,-798
1043,-798
1044,-798
1045,-798
1046,-799
1047,-799
1048,-799
1049,-799
1050,-799
1051,-799
1052,-799
1053,-799
1054,-799
1055,-799
1056,-799
1057,-798
1058,-798
1059,-798
1060,-798
1061,-798
1062,-798
1063,-798
1064,-798
1065,-799
1066,-799
1067,-799
1068,-799
1069,-799
1070,-799
1071,-799
1072,-799
1073,-799
1074,-799
1075,-799
1076,-799
1077,-799
1078,-799
1079,-799
1080,-799
1081,-799
1082,-799
1082,-798
1082,-797
1083,-796
1084,-796
1085,-796
1086,-797
1087,-797
1088,-797
1089,-797
1090,-797
1091,-797
1092,-797
1093,-796
1094,-796
1095,-795
1096,-795
1097,-795
1098,-795
1099,-794
1099,-793
1099,-792
1099,-791
1099,-790
1099,-789
1099,-788
1098,-788
1097,-787
1096,-786
1096,-785
1096,-784
1096,-783
1096,-782
1096,-781
1097,-780
1098,-780
1099,-779
1100,-779
1101,-779
1102,-779
1103,-778
1104,-778
1105,-778
1106,-778
1107,-778
1107,-777
1108,-776
1109,-775
1110,-775
1111,-775
1112,-774
1113,-774
1114,-773
1115,-773
1116,-772
1117,-772
1118,-771
1119,-771
1120,-771
1121,-771
1122,-770
1123,-770
1124,-770
1125,-770
1126,-770
1127,-770
1128,-770
1129,-771
1130,-771
1131,-771
1132,-771
1133,-771
1134,-772
1135,-772
1136,-772
1137,-772
1138,-772
1139,-772
1139,-771
1139,-770
1139,-769
1139,-768
1138,-768
1137,-767
1136,-767
1135,-766
1134,-766
1133,-766
1132,-765
1131,-765
1130,-765
1129,-765
1128,-765
1127,-765
1126,-764
1125,-763
1124,-763
1123,-763
1122,-763
1121,-763
1120,-762
1119,-762
1118,-762
1117,-761
1116,-760
1116,-759
1115,-759
1114,-759
1113,-759
1112,-758
1111,-758
1110,-758
1109,-758
1108,-758
1107,-758
1106,-757
1105,-757
1104,-757
1103,-757
1102,-757
1101,-756
1101,-755
1101,-754
1101,-753
1101,-752
1101,-751
1100,-750
1100,-749
1099,-748
1099,-747
1098,-746
1097,-746
1096,-745
1096,-744
1095,-744
1094,-743
1093,-743
1092,-743
1091,-743
1090,-742
1089,-742
1088,-742
1087,-742
1086,-742
1085,-741
1084,-741
1083,-741
1082,-741
1081,-740
1081,-739
1080,-739
1079,-738
1078,-738
1077,-738
1076,-738
1075,-738
1074,-738
1073,-738
1072,-737
1072,-736
1071,-736
1070,-736
1069,-736
1068,-736
1067,-736
1066,-736
1065,-736
1064,-735
1063,-735
1062,-735
1061,-735
1060,-735
1059,-735
1058,-735
1057,-735
1056,-735
1055,-735
1054,-735
1053,-735
1052,-735
1051,-735
1050,-735
1049,-735
1048,-734
1047,-734
1046,-734
1045,-734
1044,-734
1043,-734
1042,-734
1041,-734
1040,-734
1039,-734
1038,-734
1037,-734
1036,-734
1035,-734
1034,-734
1033,-734
1032,-734
1031,-734
1030,-734
1029,-734
1028,-734
1027,-734
1026,-734
1025,-734
1024,-734
1023,-734
1022,-734
1021,-735
1020,-735
1019,-735
1018,-735
1017,-735
1016,-735
1015,-735
1014,-735
1013,-735
1012,-735
1011,-735
1010,-735
1009,-735
1008,-735
1007,-735
1006,-735
1005,-735
1004,-735
1003,-735
1002,-735
1001,-735
1000,-735
999,-735
998,-735
997,-735
996,-735
995,-735
994,-735
993,-735
992,-735
991,-735
990,-735
989,-735
988,-735
987,-735
986,-735
985,-735
984,-735
983,-735
982,-735
981,-735
980,-735
979,-735
978,-735
977,-735
976,-735
975,-735
974,-735
973,-735
972,-735
971,-735
970,-735
969,-735
968,-735
967,-735
966,-735
965,-735
964,-735
963,-735
962,-735
961,-735
960,-735
959,-735
958,-735
957,-735
956,-735
955,-735
954,-735
953,-735
952,-735
951,-735
950,-735
949,-735
948,-735
947,-735
946,-735
945,-735
944,-735
943,-735
942,-735
941,-735
940,-735
939,-735
938,-735
937,-735
936,-735
935,-734
934,-734
933,-734
932,-734
931,-734
930,-734
929,-734
928,-734
927,-734
926,-734
925,-734
924,-734
923,-734
922,-734
921,-734
920,-734
919,-734
918,-734
917,-734
916,-734
915,-734
914,-734
913,-734
912,-734
911,-734
910,-734
909,-733
908,-733
907,-733
906,-733
905,-733
904,-733
903,-733
902,-733
901,-733
900,-733
899,-733
898,-733
897,-733
896,-733
895,-733
894,-733
893,-732
892,-732
891,-732
890,-732
889,-732
888,-732
887,-732
886,-732
885,-732
884,-732
883,-732
882,-732
881,-732
880,-731
879,-731
878,-731
877,-731
876,-731
875,-731
874,-731
873,-731
872,-730
871,-730
870,-730
869,-730
868,-730
867,-730
866,-730
865,-730
864,-729
863,-729
862,-729
861,-729
860,-729
859,-729
858,-729
857,-728
856,-728
855,-728
854,-728
853,-728
852,-728
851,-728
850,-727
849,-727
848,-727
847,-727
846,-727
845,-727
844,-727
843,-727
842,-726
841,-726
840,-726
839,-726
838,-726
837,-725
836,-725
835,-725
834,-725
833,-724
832,-724
831,-724
830,-724
829,-723
828,-723
827,-723
826,-723
825,-723
824,-722
823,-722
822,-722
821,-721
820,-721
819,-721
818,-720
817,-720
816,-720
815,-719
814,-719
813,-719
812,-718
811,-717
810,-717
809,-716
808,-715
807,-715
806,-714
805,-714
804,-713
803,-712
802,-712
801,-711
800,-710
799,-710
798,-710
797,-709
797,-708
796,-708
795,-707
794,-706
793,-706
792,-705
791,-704
790,-703
789,-702
788,-701
787,-700
786,-699
785,-698
784,-698
783,-697
782,-696
781,-695
780,-695
779,-694
779,-693
778,-692
777,-692
776,-691
775,-690
774,-689
773,-689
772,-688
771,-687
770,-687
769,-686
768,-685
767,-684
766,-684
765,-683
764,-683
763,-682
762,-681
761,-680
760,-680
759,-679
758,-678
757,-678
756,-678
755,-677
754,-676
753,-676
752,-675
751,-674
750,-674
749,-674
748,-673
747,-672
746,-672
745,-671
744,-671
743,-671
742,-670
741,-670
740,-670
739,-669
738,-668
737,-668
736,-668
735,-667
734,-667
733,-666
732,-666
731,-665
730,-665
729,-665
728,-664
727,-664
726,-663
725,-663
724,-663
723,-663
722,-663
721,-662
720,-662
719,-662
718,-661
717,-661
716,-661
715,-661
714,-660
713,-660
712,-660
711,-660
710,-659
709,-659
708,-659
707,-658
706,-658
705,-658
704,-658
703,-657
702,-657
701,-657
700,-656
699,-656
698,-656
697,-656
696,-656
695,-656
694,-656
693,-655
692,-655
691,-655
690,-655
689,-655
688,-655
687,-655
686,-655
685,-654
684,-654
683,-654
682,-654
681,-653
680,-653
679,-653
678,-653
677,-653
676,-653
675,-653
674,-653
673,-653
672,-653
671,-652
670,-652
669,-652
668,-652
667,-652
666,-652
665,-652
664,-652
663,-651
662,-651
661,-651
660,-651
659,-651
658,-651
657,-651
656,-651
655,-651
654,-651
653,-651
652,-651
651,-651
650,-651
649,-651
648,-651
647,-651
646,-651
645,-651
644,-651
643,-651
642,-651
641,-651
640,-652
639,-652
638,-652
637,-652
636,-652
635,-652
634,-652
633,-652
632,-652
631,-652
630,-652
629,-652
628,-652
627,-652
626,-652
625,-652
624,-652
623,-652
622,-652
621,-652
620,-652
619,-652
618,-652
617,-652
616,-652
615,-652
614,-652
613,-652
612,-652
611,-652
610,-652
609,-653
608,-653
607,-653
606,-653
605,-653
604,-653
603,-653
602,-653
601,-654
600,-654
599,-654
598,-654
597,-654
596,-654
595,-654
594,-654
593,-654
592,-654
591,-654
590,-654
589,-655
588,-655
587,-655
586,-655
585,-655
584,-655
583,-655
582,-655
581,-655
580,-655
579,-656
578,-656
577,-656
576,-656
575,-657
574,-657
573,-657
572,-657
571,-657
570,-658
569,-658
568,-658
567,-658
566,-658
565,-658
564,-659
563,-659
562,-659
561,-659
560,-659
559,-659
558,-659
557,-660
556,-660
555,-660
554,-661
553,-662
552,-662
551,-662
550,-662
549,-662
548,-663
547,-663
546,-663
545,-663
544,-663
543,-663
542,-663
541,-663
540,-664
539,-664
538,-664
537,-664
536,-665
535,-665
534,-666
533,-666
532,-667
531,-667
530,-668
529,-668
528,-668
527,-668
526,-668
525,-668
524,-668
523,-669
522,-669
521,-669
520,-670
519,-670
518,-670
517,-671
516,-671
515,-671
514,-672
513,-672
512,-672
511,-673
510,-673
509,-673
508,-674
507,-674
506,-674
506,-675
505,-676
504,-676
503,-676
502,-677
501,-677
500,-677
499,-677
498,-678
497,-678
496,-678
495,-679
494,-679
493,-679
492,-679
491,-680
490,-680
489,-681
488,-682
487,-682
486,-682
485,-683
484,-683
483,-683
482,-684
481,-684
480,-685
479,-685
478,-685
477,-686
476,-686
475,-686
474,-687
473,-687
472,-688
471,-688
470,-689
469,-689
468,-689
467,-690
466,-690
465,-691
464,-691
463,-691
462,-692
461,-692
460,-693
459,-694
458,-694
457,-694
456,-694
455,-695
454,-695
453,-696
452,-696
451,-697
450,-697
449,-698
448,-698
447,-698
446,-699
445,-700
444,-700
443,-701
442,-701
441,-701
440,-702
439,-702
438,-702
437,-703
436,-703
435,-704
434,-704
433,-705
432,-705
431,-705
430,-706
429,-706
428,-707
427,-707
426,-708
425,-708
425,-709
424,-710
423,-710
422,-710
421,-710
420,-710
419,-711
418,-712
417,-712
416,-712
415,-713
414,-714
413,-714
412,-715
411,-715
410,-715
409,-716
408,-717
407,-717
406,-717
405,-718
404,-718
403,-719
402,-720
401,-720
400,-721
399,-721
398,-722
397,-722
396,-723
395,-723
394,-724
393,-724
392,-725
391,-725
390,-726
389,-727
388,-727
387,-728
386,-729
385,-729
384,-730
383,-731
382,-731
382,-732
381,-733
380,-733
379,-734
378,-735
377,-735
376,-736
375,-737
374,-738
373,-738
372,-739
371,-740
370,-740
369,-741
368,-742
367,-742
366,-743
365,-744
365,-745
364,-746
363,-747
