378,-739
378,-740
378,-741
378,-742
378,-743
378,-744
379,-745
380,-746
381,-747
381,-748
382,-749
382,-750
382,-751
382,-752
382,-753
382,-754
382,-755
382,-756
383,-757
383,-758
383,-759
384,-760
384,-761
385,-761
386,-761
387,-762
388,-763
388,-764
388,-765
389,-766
389,-767
390,-767
391,-767
392,-768
392,-769
392,-770
393,-770
394,-770
395,-770
396,-771
396,-772
397,-772
398,-773
398,-774
399,-775
400,-775
401,-775
402,-776
402,-777
402,-778
402,-779
402,-780
403,-781
403,-782
403,-783
404,-783
405,-783
406,-783
407,-783
408,-783
409,-783
410,-783
411,-783
412,-783
413,-783
414,-784
415,-784
416,-785
417,-785
418,-786
419,-786
420,-786
421,-786
422,-786
422,-785
422,-784
423,-783
423,-782
424,-781
425,-781
426,-781
427,-781
428,-782
429,-783
430,-784
431,-785
432,-785
433,-785
434,-786
434,-787
434,-788
435,-788
436,-788
437,-789
437,-790
437,-791
437,-792
437,-793
438,-794
439,-794
440,-794
441,-795
442,-796
443,-797
444,-798
445,-798
446,-798
447,-798
448,-798
449,-798
450,-798
451,-799
451,-800
451,-801
451,-802
451,-803
451,-804
451,-805
451,-806
452,-806
453,-806
454,-807
454,-808
454,-809
454,-810
454,-811
455,-812
456,-812
457,-813
458,-814
459,-815
460,-815
461,-815
462,-816
463,-817
463,-818
464,-818
465,-818
466,-819
467,-820
467,-821
467,-822
468,-822
469,-822
470,-822
471,-823
472,-823
473,-824
473,-825
474,-826
475,-826
476,-826
477,-827
477,-828
478,-828
479,-828
480,-828
481,-829
481,-830
482,-830
483,-831
484,-831
485,-831
486,-832
487,-832
488,-832
489,-832
490,-833
491,-834
492,-835
493,-835
494,-835
495,-835
496,-835
497,-836
498,-837
498,-838
499,-838
500,-838
501,-838
502,-839
503,-840
503,-841
504,-841
505,-841
506,-841
507,-841
508,-842
509,-842
510,-843
511,-843
512,-843
513,-843
514,-843
515,-844
515,-845
516,-845
517,-845
518,-845
519,-845
520,-845
521,-845
522,-845
523,-846
523,-847
524,-847
525,-847
526,-848
527,-848
528,-848
529,-848
530,-848
531,-848
532,-848
533,-848
534,-848
535,-848
536,-848
537,-849
538,-849
539,-850
540,-850
541,-850
542,-850
543,-850
544,-851
545,-851
546,-851
547,-852
548,-852
549,-852
550,-853
551,-853
552,-853
553,-853
554,-854
555,-854
556,-855
557,-855
558,-855
559,-855
560,-855
561,-856
562,-856
563,-856
564,-856
565,-856
566,-856
567,-856
568,-856
569,-857
570,-857
571,-857
572,-857
573,-857
574,-858
575,-858
576,-858
577,-858
578,-858
579,-858
580,-859
581,-859
582,-860
583,-860
584,-860
585,-860
586,-860
587,-860
588,-860
589,-860
590,-860
591,-860
592,-860
593,-860
594,-860
595,-861
596,-861
597,-861
598,-861
599,-861
600,-861
601,-862
602,-862
603,-862
604,-863
605,-863
606,-863
607,-863
608,-863
609,-863
610,-863
611,-863
612,-864
612,-865
613,-865
614,-865
615,-865
616,-865
617,-865
618,-865
619,-866
620,-866
621,-866
622,-866
623,-866
624,-866
625,-866
626,-866
627,-866
628,-866
629,-866
630,-866
631,-866
632,-866
633,-866
634,-866
635,-866
636,-866
637,-866
638,-866
639,-866
640,-867
641,-867
642,-867
643,-867
644,-867
645,-867
646,-866
647,-866
648,-866
649,-866
650,-866
651,-866
652,-866
653,-865
654,-865
655,-865
656,-865
657,-865
658,-865
659,-865
660,-865
661,-865
662,-865
663,-864
664,-864
665,-864
666,-864
667,-864
668,-864
669,-864
670,-863
671,-863
672,-862
673,-862
674,-862
675,-862
676,-862
677,-862
678,-861
679,-861
680,-861
681,-861
682,-860
683,-860
684,-860
685,-860
686,-860
687,-860
688,-860
689,-859
690,-859
691,-859
692,-859
693,-858
694,-858
695,-858
696,-858
697,-858
698,-857
699,-857
700,-856
701,-855
702,-855
703,-855
704,-854
705,-854
706,-854
707,-854
708,-854
709,-853
710,-853
711,-853
712,-852
713,-852
714,-852
715,-851
716,-850
717,-850
718,-850
719,-850
720,-850
720,-849
721,-848
722,-848
723,-848
724,-847
725,-847
726,-846
727,-846
728,-846
729,-845
730,-845
731,-845
732,-845
733,-844
734,-843
735,-842
736,-842
737,-842
738,-842
739,-841
740,-840
741,-839
742,-839
743,-839
744,-839
745,-838
746,-838
746,-837
747,-836
748,-835
749,-835
750,-834
751,-834
752,-834
752,-833
753,-832
754,-831
755,-830
756,-830
757,-830
758,-829
759,-828
760,-828
761,-827
762,-826
763,-826
764,-825
765,-825
766,-824
767,-823
768,-822
768,-821
769,-820
770,-820
771,-819
772,-818
773,-817
774,-817
775,-816
776,-815
777,-814
777,-813
778,-812
779,-811
780,-811
781,-811
782,-810
783,-809
784,-808
784,-807
785,-806
786,-806
787,-806
788,-805
789,-805
790,-804
790,-803
791,-802
792,-801
793,-801
794,-800
794,-799
795,-798
796,-797
797,-796
798,-795
799,-794
800,-794
801,-794
802,-793
803,-792
803,-791
804,-790
805,-790
806,-790
806,-789
807,-788
808,-788
809,-788
810,-788
811,-787
812,-787
813,-786
814,-785
815,-784
816,-784
817,-784
818,-783
819,-783
820,-782
821,-782
822,-782
823,-782
824,-781
825,-781
826,-781
827,-781
828,-781
829,-782
830,-782
831,-782
832,-783
833,-783
834,-783
835,-783
836,-783
837,-783
838,-783
839,-783
840,-783
841,-783
842,-783
843,-784
844,-784
845,-784
846,-784
847,-784
848,-784
849,-784
850,-784
851,-784
852,-784
853,-784
854,-784
855,-784
856,-784
857,-784
858,-784
859,-784
860,-784
861,-784
862,-784
863,-784
864,-784
865,-784
866,-784
867,-784
868,-784
869,-784
870,-784
871,-784
872,-784
873,-784
874,-784
875,-784
876,-784
877,-784
878,-784
879,-784
880,-784
881,-784
882,-784
883,-783
884,-783
885,-783
886,-783
887,-783
888,-783
889,-783
890,-783
891,-783
892,-783
893,-783
894,-783
895,-783
896,-783
897,-783
898,-783
899,-782
900,-782
901,-782
902,-782
903,-782
904,-781
905,-781
906,-781
907,-781
908,-781
909,-781
910,-781
911,-781
912,-780
913,-780
914,-780
915,-780
916,-780
917,-780
918,-781
919,-781
920,-781
921,-781
922,-781
923,-780
924,-780
925,-780
926,-780
927,-780
928,-780
929,-780
930,-780
931,-780
932,-780
933,-780
934,-779
935,-779
936,-779
937,-779
938,-779
939,-779
940,-779
941,-779
942,-779
943,-779
944,-779
945,-779
946,-779
947,-779
948,-779
949,-778
950,-778
951,-778
952,-778
953,-778
954,-778
955,-778
956,-778
957,-778
958,-778
959,-778
960,-778
961,-778
962,-778
963,-778
964,-778
965,-778
966,-778
967,-778
968,-778
969,-779
970,-779
971,-779
972,-779
973,-779
974,-779
975,-779
976,-779
977,-779
978,-779
979,-779
980,-779
981,-779
982,-779
983,-779
984,-779
985,-779
986,-779
987,-779
988,-779
989,-779
990,-779
991,-779
992,-779
993,-779
994,-779
995,-779
996,-779
997,-779
998,-779
999,-779
1000,-779
1001,-779
1002,-779
1003,-779
1004,-779
1005,-779
1006,-780
1007,-780
1008,-780
1009,-780
1010,-780
1011,-780
1012,-780
1013,-780
1014,-779
1015,-779
1016,-779
1017,-779
1018,-779
1019,-779
1020,-779
1021,-779
1022,-780
1023,-780
1024,-780
1025,-780
1026,-780
1027,-781
1028,-781
1029,-781
1030,-781
1031,-781
1032,-781
1033,-781
1034,-780
1035,-780
1036,-780
1037,-780
1038,-779
1039,-779
1040,-779
1041,-779
1042,-779
1043,-780
1044,-780
1045,-780
1046,-780
1047,-780
1048,-780
1049,-780
1050,-780
1051,-779
1052,-778
1053,-778
1054,-778
1055,-779
1056,-779
1057,-779
1058,-779
1059,-779
1060,-779
1061,-778
1062,-778
1063,-778
1064,-778
1065,-778
1066,-778
1067,-778
1068,-778
1069,-778
1070,-778
1071,-778
1072,-778
1073,-777
1074,-777
1075,-777
1076,-777
1077,-777
1078,-777
1079,-777
1080,-777
1081,-777
1082,-777
1083,-777
1084,-777
1085,-777
1086,-777
1087,-777
1088,-776
1089,-776
1090,-776
1091,-776
1091,-775
1092,-774
1093,-774
1094,-774
1095,-774
1096,-774
1097,-774
1098,-774
1099,-774
1100,-774
1100,-773
1101,-772
1101,-771
1101,-770
1101,-769
1101,-768
1101,-767
1102,-766
1103,-766
1103,-765
1103,-764
1103,-763
1103,-762
1103,-761
1103,-760
1103,-759
1104,-758
1105,-758
1105,-757
1105,-756
1105,-755
1105,-754
1105,-753
1104,-752
1103,-751
1102,-751
1101,-750
1101,-749
1101,-748
1101,-747
1101,-746
1102,-745
1103,-745
1104,-745
1105,-745
1106,-744
1107,-744
1108,-744
1109,-743
1110,-743
1111,-743
1112,-743
1113,-743
1114,-743
1115,-742
1116,-741
1117,-741
1118,-740
1119,-740
1120,-740
1121,-740
1122,-740
1123,-740
1123,-739
1123,-738
1123,-737
1123,-736
1122,-736
1121,-736
1120,-736
1119,-736
1118,-736
1117,-736
1116,-736
1115,-736
1114,-736
1113,-737
1112,-737
1111,-737
1110,-737
1109,-737
1108,-737
1107,-736
1107,-735
1107,-734
1108,-733
1109,-733
1110,-732
1111,-731
1112,-731
1113,-731
1114,-731
1114,-730
1114,-729
1114,-728
1114,-727
1113,-727
1112,-726
1111,-726
1110,-725
1109,-724
1108,-724
1107,-723
1106,-722
1105,-722
1104,-722
1103,-721
1103,-720
1103,-719
1103,-718
1102,-717
1101,-717
1100,-716
1100,-715
1099,-715
1098,-715
1097,-714
1096,-714
1095,-713
1094,-713
1093,-713
1092,-712
1092,-711
1091,-711
1090,-711
1089,-711
1088,-710
1087,-709
1087,-708
1086,-708
1085,-708
1084,-708
1083,-708
1082,-707
1081,-707
1080,-707
1079,-707
1078,-706
1077,-706
1076,-706
1075,-706
1074,-706
1073,-706
1072,-706
1071,-706
1070,-706
1069,-706
1068,-705
1067,-705
1066,-705
1065,-705
1064,-705
1063,-705
1062,-705
1061,-706
1060,-706
1059,-706
1058,-706
1057,-706
1056,-706
1055,-706
1054,-706
1053,-706
1052,-706
1051,-706
1050,-706
1049,-706
1048,-706
1047,-706
1046,-706
1045,-706
1044,-706
1043,-706
1042,-706
1041,-706
1040,-707
1039,-707
1038,-707
1037,-707
1036,-707
1035,-707
1034,-707
1033,-707
1032,-707
1031,-707
1030,-707
1029,-708
1028,-708
1027,-708
1026,-708
1025,-708
1024,-708
1023,-708
1022,-708
1021,-708
1020,-708
1019,-708
1018,-708
1017,-708
1016,-708
1015,-708
1014,-708
1013,-708
1012,-708
1011,-708
1010,-708
1009,-708
1008,-708
1007,-708
1006,-708
1005,-708
1004,-708
1003,-708
1002,-708
1001,-708
1000,-708
999,-709
998,-709
997,-709
996,-709
995,-709
994,-709
993,-709
992,-709
991,-709
990,-709
989,-709
988,-709
987,-709
986,-709
985,-710
984,-710
983,-710
982,-710
981,-710
980,-710
979,-710
978,-710
977,-710
976,-710
975,-710
974,-710
973,-710
972,-710
971,-710
970,-711
969,-711
968,-711
967,-711
966,-711
965,-711
964,-711
963,-711
962,-711
961,-711
960,-711
959,-712
958,-712
957,-712
956,-712
955,-713
954,-713
953,-713
952,-713
951,-713
950,-713
949,-713
948,-713
947,-713
946,-713
945,-714
944,-714
943,-714
942,-714
941,-714
940,-714
939,-714
938,-714
937,-715
936,-715
935,-715
934,-715
933,-715
932,-715
931,-715
930,-715
929,-716
928,-716
927,-716
926,-716
925,-716
924,-716
923,-716
922,-716
921,-716
920,-716
919,-716
918,-716
917,-716
916,-716
915,-716
914,-717
913,-717
912,-717
911,-717
910,-717
909,-717
908,-718
907,-718
906,-718
905,-718
904,-718
903,-718
902,-718
901,-718
900,-718
899,-718
898,-718
897,-718
896,-718
895,-718
894,-718
893,-718
892,-718
891,-718
890,-718
889,-719
888,-719
887,-719
886,-719
885,-719
884,-719
883,-719
882,-719
881,-719
880,-719
879,-719
878,-719
877,-719
876,-719
875,-719
874,-719
873,-719
872,-719
871,-719
870,-719
869,-719
868,-719
867,-719
866,-719
865,-719
864,-719
863,-719
862,-719
861,-719
860,-719
859,-719
858,-719
857,-719
856,-718
855,-718
854,-718
853,-718
852,-718
851,-718
850,-718
849,-718
848,-718
847,-718
846,-718
845,-717
844,-717
843,-717
842,-717
841,-717
840,-716
839,-716
838,-716
837,-715
836,-715
835,-715
834,-714
833,-714
832,-714
831,-713
830,-713
829,-713
828,-712
827,-712
826,-711
825,-711
824,-711
823,-710
822,-710
821,-709
820,-709
819,-709
818,-708
817,-708
816,-707
815,-707
814,-706
813,-705
812,-704
811,-704
810,-703
809,-703
808,-702
807,-702
806,-701
805,-700
804,-699
803,-698
802,-697
801,-696
800,-696
799,-695
798,-694
797,-693
796,-693
795,-692
795,-691
794,-691
793,-690
792,-689
791,-688
790,-687
789,-686
788,-686
787,-685
787,-684
786,-684
785,-684
784,-683
783,-682
782,-681
781,-680
780,-680
779,-679
778,-679
777,-678
776,-677
775,-676
774,-675
773,-674
772,-674
771,-673
770,-673
769,-673
768,-672
767,-671
766,-671
765,-670
765,-669
764,-669
763,-668
762,-667
761,-667
760,-666
759,-666
758,-665
757,-664
756,-663
755,-663
754,-662
753,-662
752,-661
751,-660
750,-660
749,-659
748,-659
747,-658
746,-658
745,-657
744,-656
743,-656
742,-656
741,-655
740,-655
739,-654
738,-654
737,-654
736,-653
735,-653
734,-652
733,-652
732,-652
731,-651
730,-651
729,-651
728,-650
727,-650
726,-650
725,-649
724,-649
723,-648
722,-648
721,-648
720,-647
719,-647
718,-647
717,-647
716,-647
715,-646
714,-646
713,-645
712,-645
711,-645
710,-644
709,-644
708,-644
707,-644
706,-644
705,-644
704,-643
703,-643
702,-643
701,-643
700,-643
699,-642
698,-642
697,-642
696,-641
695,-641
694,-641
693,-641
692,-641
691,-641
690,-640
689,-640
688,-640
687,-640
686,-640
685,-640
684,-640
683,-639
682,-639
681,-639
680,-639
679,-639
678,-639
677,-639
676,-639
675,-638
674,-638
673,-638
672,-638
671,-638
670,-638
669,-638
668,-637
667,-637
666,-637
665,-637
664,-637
663,-636
662,-636
661,-636
660,-636
659,-636
658,-636
657,-636
656,-636
655,-636
654,-635
653,-635
652,-635
651,-635
650,-635
649,-635
648,-635
647,-635
646,-635
645,-635
644,-635
643,-635
642,-635
641,-634
640,-634
639,-634
638,-634
637,-634
636,-634
635,-634
634,-634
633,-634
632,-634
631,-634
630,-634
629,-634
628,-635
627,-635
626,-635
625,-635
624,-635
623,-635
622,-635
621,-635
620,-635
619,-635
618,-635
617,-635
616,-635
615,-635
614,-635
613,-635
612,-635
611,-635
610,-635
609,-636
608,-636
607,-636
606,-636
605,-636
604,-636
603,-636
602,-636
601,-636
600,-636
599,-636
598,-636
597,-636
596,-636
595,-636
594,-636
593,-636
592,-636
591,-637
590,-637
589,-637
588,-637
587,-637
586,-637
585,-637
584,-637
583,-637
582,-638
581,-639
580,-639
579,-639
578,-639
577,-639
576,-639
575,-640
574,-640
573,-640
572,-640
571,-640
570,-640
569,-640
568,-640
567,-641
566,-641
565,-642
564,-642
563,-642
562,-642
561,-642
560,-643
559,-643
558,-643
557,-644
556,-644
555,-644
554,-645
553,-645
552,-645
551,-645
550,-646
549,-646
548,-647
547,-647
546,-647
545,-647
544,-647
543,-648
542,-648
541,-648
540,-649
539,-649
539,-650
538,-651
537,-651
536,-651
535,-652
534,-652
533,-652
532,-652
531,-652
530,-653
529,-653
528,-653
527,-654
526,-654
525,-655
524,-655
523,-655
522,-656
521,-656
520,-657
519,-657
518,-657
517,-658
516,-658
515,-659
514,-659
513,-659
512,-659
511,-660
510,-660
509,-660
508,-661
507,-661
506,-662
505,-662
504,-662
503,-663
502,-663
501,-664
500,-664
499,-664
498,-665
497,-666
496,-666
495,-667
494,-667
493,-667
492,-668
491,-668
490,-669
489,-669
488,-670
487,-670
486,-670
485,-671
484,-671
483,-672
482,-672
481,-672
480,-673
479,-673
478,-674
477,-675
476,-675
475,-676
474,-676
473,-677
472,-678
471,-678
470,-678
469,-679
468,-679
467,-680
466,-681
465,-682
464,-682
463,-683
462,-683
461,-684
460,-684
459,-685
459,-686
458,-687
457,-688
456,-688
455,-688
454,-689
453,-690
452,-690
451,-691
450,-691
449,-692
448,-693
447,-694
446,-694
445,-695
444,-695
443,-695
442,-696
441,-697
440,-698
439,-698
438,-699
437,-700
436,-700
435,-701
434,-701
433,-702
432,-703
431,-703
430,-704
429,-704
428,-705
427,-706
426,-706
425,-707
424,-708
423,-708
422,-709
421,-710
420,-711
419,-711
418,-712
417,-712
416,-713
415,-714
414,-714
413,-715
412,-716
411,-716
410,-717
409,-718
408,-719
407,-719
406,-720
405,-721
404,-722
403,-722
402,-723
401,-724
400,-724
399,-725
398,-726
397,-726
397,-727
396,-728
395,-728
394,-729
393,-730
392,-730
391,-731
390,-732
389,-732
388,-733
387,-734
386,-735
385,-735
384,-736
383,-737
382,-737
381,-738
380,-738
379,-739
378,-739
